step,system_total_stopped,system_total_waiting_time,system_mean_waiting_time,system_mean_speed,system_cars_present,system_accumulated_waiting_time (100),system_accumulated_mean_waiting_time (100),system_accumulated_waiting_time (delta),system_accumulated_mean_waiting_time (delta),agents_total_stopped,agents_total_accumulated_waiting_time (100),agents_total_accumulated_waiting_time (delta),agents_mean_speed,agents_mean_waiting_time (100),agents_mean_waiting_time (delta),agents_cars_present,Col3_1_stopped,Col3_1_accumulated_waiting_time,Col3_1_average_speed,Col3_2_stopped,Col3_2_accumulated_waiting_time,Col3_2_average_speed,Col3_3_stopped,Col3_3_accumulated_waiting_time,Col3_3_average_speed
8.0,1,0.0,0.0,5.116047790343873,4,0.0,0.0,0.0,0.0,1,0.0,0.0,4.505369043862447,0.0,0.0,2,0,0.0,1.0,0,0.0,1.0,1,0.0,0.3268124463580948
16.0,0,0.0,0.0,8.161456665934871,11,0.0,0.0,0.0,0.0,0,0.0,0.0,8.047971135094402,0.0,0.0,4,0,0.0,0.897173809132291,0,0.0,0.5441184040775258,0,0.0,0.959419166900201
24.0,2,1.0,0.0588235294117647,8.67480130188016,17,1.0,0.0588235294117647,1.0,0.0588235294117647,1,1.0,1.0,5.523057467988598,0.3333333333333333,0.3333333333333333,3,1,1.0,0.0010891501557923,0,0.0,0.9368411773922416,0,0.0,1.0
32.0,3,9.0,0.391304347826087,8.842727699856903,23,9.0,0.391304347826087,8.0,0.3478260869565217,1,9.0,8.0,6.507876434658507,3.0,3.0,3,1,9.0,0.4373204637312797,0,0.0,0.7205931375175709,0,0.0,1.0
40.0,6,22.0,0.7586206896551724,6.845536246159378,29,27.0,0.9310344827586208,18.0,0.6206896551724138,5,19.0,10.0,3.880502557890177,1.5833333333333333,1.5833333333333333,12,4,19.0,0.1916656772077776,1,0.0,0.482563293946022,0,0.0,0.729724504733074
48.0,10,56.0,1.4736842105263157,7.335377661319831,38,72.0,1.894736842105263,45.0,1.1842105263157894,7,55.0,36.0,5.681344408682651,3.6666666666666665,3.6666666666666665,15,3,43.0,0.3956535201330877,3,12.0,0.405512123865944,1,0.0,0.0
56.0,8,43.0,1.0238095238095235,7.6526575089510676,42,132.0,3.142857142857143,60.0,1.4285714285714286,6,56.0,1.0,3.32121512059624,4.307692307692308,4.307692307692308,13,2,17.0,0.3027182248519974,4,39.0,0.1847766813669051,0,0.0,0.9899590123064912
64.0,7,34.0,0.6938775510204082,9.093043513688224,49,179.0,3.653061224489796,47.0,0.9591836734693876,5,38.0,0.0,7.503326592628545,2.375,2.375,16,5,36.0,0.2587307656213925,0,2.0,0.8365152560069333,0,0.0,0.786086241501067
72.0,12,34.0,0.6296296296296297,7.7703419540218945,54,217.0,4.018518518518518,38.0,0.7037037037037037,10,41.0,3.0,3.56176501474786,2.411764705882353,2.411764705882353,17,3,11.0,0.0021558327837978,5,25.0,0.2427851562493579,2,5.0,0.5612115427777777
80.0,11,78.0,1.4444444444444444,7.705140654357272,54,267.0,4.944444444444445,50.0,0.925925925925926,6,83.0,42.0,4.036687141006479,5.1875,5.1875,16,4,46.0,0.2280951774458604,1,24.0,0.3279419334128272,1,13.0,0.5387369002990938
88.0,11,140.0,2.5,8.128871116770766,56,345.0,6.160714285714286,78.0,1.3928571428571428,6,110.0,27.0,5.467771640077679,6.470588235294118,6.470588235294118,17,5,83.0,0.3017858679177691,0,6.0,0.7603134668752223,1,21.0,0.3281500183440947
96.0,16,243.0,3.9836065573770494,7.754599600505673,61,435.0,7.131147540983607,90.0,1.475409836065574,10,185.0,75.0,4.586175081480672,10.27777777777778,10.27777777777778,18,6,135.0,0.327278034068747,1,10.0,0.6311053687660216,3,40.0,0.1759074797851749
104.0,14,223.0,3.6557377049180326,8.203380381189982,61,521.0,8.540983606557377,86.0,1.4098360655737705,7,217.0,32.0,6.396525318918075,9.863636363636363,9.863636363636363,22,4,125.0,0.3218256115897641,0,27.0,0.8318235295901557,3,65.0,0.4704502423686931
112.0,19,269.0,4.203125,6.844171870103128,64,600.0,9.375,79.0,1.234375,10,197.0,0.0,5.100474461068886,7.576923076923077,7.576923076923077,26,8,168.0,0.2318048658906522,1,8.0,0.6480358780400871,1,21.0,0.4946789604680248
120.0,14,172.0,2.606060606060606,6.745225218167898,66,701.0,10.62121212121212,101.0,1.5303030303030305,10,196.0,0.0,3.595596205363828,7.84,7.84,25,7,159.0,0.0948647776122742,2,15.0,0.4462718798690632,1,22.0,0.5251080589968985
128.0,8,64.0,0.9846153846153848,7.058093333806703,65,664.0,10.215384615384616,0.0,0.0,6,240.0,44.0,5.337986616202468,10.434782608695652,10.434782608695652,23,6,179.0,0.2152525410760034,0,61.0,0.6511205373891129,0,0.0,0.5980403912819705
136.0,18,80.0,1.1267605633802815,6.510417028372151,71,736.0,10.366197183098592,72.0,1.0140845070422535,13,196.0,0.0,3.2384889387456397,8.166666666666666,8.166666666666666,24,5,98.0,0.1735752301365268,7,91.0,0.2794380017066211,1,7.0,0.2846014221276827
144.0,11,75.0,1.1538461538461535,6.998960329626135,65,729.0,11.215384615384616,0.0,0.0,8,199.0,3.0,2.9461646812385287,9.045454545454543,9.045454545454543,22,2,67.0,0.2988281572078877,6,132.0,0.1335908594635735,0,0.0,0.973950420080512
152.0,19,123.0,1.7083333333333333,6.160923645937566,72,823.0,11.430555555555555,94.0,1.3055555555555556,13,227.0,28.0,3.2638479913006675,7.566666666666666,7.566666666666666,30,3,32.0,0.2483081653755839,9,195.0,0.1787402160894519,1,0.0,0.5010111179228091
160.0,21,141.0,1.88,6.806792429266644,75,922.0,12.293333333333331,99.0,1.32,14,183.0,0.0,3.247313388487338,6.310344827586207,6.310344827586207,29,10,91.0,0.1482519524405146,4,92.0,0.2639428559568742,0,0.0,0.8517225516097875
168.0,28,322.0,4.351351351351352,6.276641418844501,74,1034.0,13.972972972972974,112.0,1.5135135135135136,20,313.0,130.0,2.534343753107985,8.942857142857143,8.942857142857143,35,10,165.0,0.1557828514068114,10,148.0,0.1633459029436237,0,0.0,0.7647122081872032
176.0,34,491.0,6.915492957746479,4.690937841800385,71,1089.0,15.338028169014084,55.0,0.7746478873239436,25,452.0,139.0,2.5880409547566505,12.555555555555555,12.555555555555555,36,7,169.0,0.1209572698568945,18,281.0,0.0820478809687569,0,2.0,0.8947390874765293
184.0,28,568.0,7.780821917808219,5.408906615292976,73,1313.0,17.986301369863014,224.0,3.068493150684932,28,716.0,264.0,2.2504536833751745,16.651162790697676,16.651162790697676,43,7,243.0,0.1891540497382716,21,473.0,0.1673578663107709,0,0.0,0.65924113944546
192.0,20,261.0,3.625,5.796499575041167,72,1495.0,20.76388888888889,182.0,2.5277777777777777,19,660.0,0.0,2.019397535592051,17.36842105263158,17.36842105263158,38,3,149.0,0.2608385303019039,16,511.0,0.1089998195439612,0,0.0,1.0
200.0,28,393.0,5.383561643835616,5.4014610602078745,73,1599.0,21.90410958904109,104.0,1.4246575342465753,27,717.0,57.0,1.208024253208431,18.86842105263158,18.86842105263158,38,6,145.0,0.0461059843225815,21,572.0,0.1011444479253799,0,0.0,1.0
208.0,21,131.0,1.7466666666666666,5.649970123600089,75,1699.0,22.65333333333333,100.0,1.3333333333333333,19,659.0,0.0,2.3609530203585383,16.475,16.475,40,10,221.0,0.1622076663052397,9,435.0,0.1370387410929626,0,3.0,0.8380783894051425
216.0,23,225.0,2.848101265822785,6.6314090368056124,79,1781.0,22.54430379746836,82.0,1.0379746835443038,18,482.0,0.0,3.1100657091003963,14.176470588235292,14.176470588235292,34,12,291.0,0.1042197766860903,6,188.0,0.2517069037098687,0,3.0,0.7071340038214294
224.0,22,187.0,2.2,6.958926432775076,85,1790.0,21.058823529411764,9.0,0.1058823529411764,13,384.0,0.0,2.900267004335339,14.22222222222222,14.22222222222222,27,4,194.0,0.1864524662730153,9,190.0,0.2277009998420399,0,0.0,0.9425321839715544
232.0,25,251.0,2.9529411764705884,6.765229651053572,85,1699.0,19.988235294117647,0.0,0.0,17,378.0,0.0,3.861603548427083,11.117647058823527,11.117647058823527,34,9,186.0,0.2363042389053914,7,188.0,0.370490461612485,1,4.0,0.4613186909824434
240.0,17,146.0,1.896103896103896,6.423499291081587,77,1472.0,19.11688311688312,0.0,0.0,15,335.0,0.0,3.758231186922893,10.806451612903226,10.806451612903226,31,9,203.0,0.1916113224002781,5,120.0,0.3203157165506099,1,12.0,0.6461570867845404
248.0,23,250.0,3.333333333333333,6.563164027059648,75,1312.0,17.493333333333332,0.0,0.0,21,448.0,113.0,1.7438922937859722,14.0,14.0,32,10,255.0,0.0536033448344574,10,173.0,0.1817512115136969,1,20.0,0.0
256.0,18,285.0,4.253731343283582,6.774410106246123,67,1212.0,18.08955223880597,0.0,0.0,16,499.0,51.0,2.5639217860804453,18.48148148148148,18.48148148148148,27,11,335.0,0.0096020157618809,4,133.0,0.292369632149163,1,31.0,0.4908717685268044
264.0,14,130.0,1.9402985074626864,7.003745615669186,67,1328.0,19.82089552238806,116.0,1.7313432835820894,8,343.0,0.0,4.408611876629744,14.291666666666666,14.291666666666666,24,1,169.0,0.326842048499839,6,131.0,0.1673097368182712,1,43.0,0.6950952220454231
272.0,21,257.0,3.779411764705882,7.488023678288776,68,1231.0,18.102941176470587,0.0,0.0,12,242.0,0.0,3.885370055717994,10.521739130434783,10.521739130434783,23,4,54.0,0.3021859323760032,7,144.0,0.2309113447294548,1,44.0,0.4745513644250103
280.0,13,170.0,2.463768115942029,7.965837298635308,69,1128.0,16.347826086956523,0.0,0.0,7,210.0,0.0,6.599745560032609,8.4,8.4,25,4,50.0,0.2603064822662689,2,104.0,0.4937327199692334,1,56.0,0.7210968610094683
288.0,13,66.0,1.0,7.568942940692657,66,1006.0,15.242424242424242,0.0,0.0,12,180.0,0.0,3.9250307237592543,6.206896551724138,6.206896551724138,29,6,103.0,0.2934661744112677,4,68.0,0.4140990186024704,2,9.0,0.1872371715848256
296.0,17,84.0,1.2537313432835822,6.91070644032519,67,961.0,14.343283582089551,0.0,0.0,14,246.0,66.0,3.16059931418355,8.785714285714286,8.785714285714286,28,2,62.0,0.3702785906762164,6,136.0,0.3125406843838775,6,48.0,3.648856121261361e-05
304.0,10,37.0,0.5967741935483871,7.478494103015089,62,779.0,12.564516129032258,0.0,0.0,8,175.0,0.0,4.299080969035213,7.291666666666667,7.291666666666667,24,3,79.0,0.2785231759644448,5,96.0,0.2655510162463711,0,0.0,0.9238241948733692
312.0,16,128.0,2.064516129032258,6.796528436698527,62,714.0,11.516129032258064,0.0,0.0,14,243.0,68.0,2.1657630787432858,9.0,9.0,27,6,106.0,0.1613557638545686,7,134.0,0.1180218149011693,1,3.0,0.3500604943327762
320.0,7,80.0,1.25,7.608090434902408,64,704.0,11.0,0.0,0.0,4,157.0,0.0,5.46896933631625,5.607142857142857,5.607142857142857,28,4,75.0,0.1302814378250384,0,79.0,0.4117330449049904,0,3.0,0.7914322949986032
328.0,17,156.0,2.5161290322580645,7.16160613275377,62,701.0,11.306451612903226,0.0,0.0,15,205.0,48.0,3.5876913619232336,7.068965517241379,7.068965517241379,29,6,122.0,0.3855708435109634,9,82.0,0.040205746843404,0,1.0,0.7640175724635648
336.0,17,214.0,3.292307692307692,6.458922159934927,65,815.0,12.538461538461538,114.0,1.7538461538461538,13,265.0,60.0,3.711742727951364,9.137931034482758,9.137931034482758,29,10,194.0,0.0884015810466005,0,47.0,0.245241147261221,3,24.0,0.5499706786191032
344.0,6,45.0,0.6716417910447762,8.414891193507723,67,867.0,12.940298507462687,52.0,0.7761194029850746,4,155.0,0.0,5.498737259835473,7.045454545454546,7.045454545454546,22,2,102.0,0.3210169352215956,1,42.0,0.6867821872889126,1,11.0,0.357892048866442
352.0,13,60.0,0.9230769230769232,7.71050427300482,65,744.0,11.446153846153846,0.0,0.0,10,162.0,7.0,3.8007888826033183,8.1,8.1,20,6,100.0,0.1537509918192759,3,56.0,0.4104699888110022,1,6.0,0.4708135653893991
360.0,12,104.0,1.6,7.2690569414274915,65,729.0,11.215384615384616,0.0,0.0,8,132.0,0.0,4.880297480910524,5.739130434782608,5.739130434782608,23,1,22.0,0.2375317302920919,5,95.0,0.3796174684742697,2,15.0,0.5694905965322618
368.0,20,180.0,2.8125,7.049767639631255,64,651.0,10.171875,0.0,0.0,16,218.0,86.0,3.553525528446127,8.074074074074074,8.074074074074074,27,4,32.0,0.3676761296762612,10,159.0,0.0863744741749085,2,27.0,0.3833526763203256
376.0,11,76.0,1.1692307692307693,7.214872997358392,65,668.0,10.276923076923078,17.0,0.2615384615384615,8,121.0,0.0,4.01243908868881,4.481481481481482,4.481481481481482,27,2,33.0,0.2050030312796495,0,47.0,0.470055849848707,6,41.0,0.2599198262624122
384.0,7,76.0,1.1875,8.26677401725912,64,592.0,9.25,0.0,0.0,1,63.0,0.0,7.575562913295963,3.9375,3.9375,16,1,17.0,0.3079718918238027,0,38.0,0.9287246066884476,0,8.0,0.532252010519651
392.0,11,36.0,0.5294117647058824,7.938398456885496,68,606.0,8.911764705882353,14.0,0.2058823529411764,8,137.0,74.0,4.947120970853511,6.85,6.85,20,2,53.0,0.3652948102882098,2,48.0,0.2308057603577569,4,36.0,0.38571240827189
400.0,6,19.0,0.2638888888888889,8.993447164181212,72,595.0,8.26388888888889,0.0,0.0,2,61.0,0.0,8.132341596949049,3.210526315789474,3.210526315789474,19,1,53.0,0.6682034173259974,1,3.0,0.5981863480165014,0,5.0,0.5744271746157985
408.0,12,85.0,1.103896103896104,8.772470764413475,77,599.0,7.779220779220779,4.0,0.0519480519480519,6,44.0,0.0,6.234986651859041,2.4444444444444446,2.4444444444444446,18,2,23.0,0.443588249928085,0,2.0,0.8423239670911176,4,19.0,0.3552902566248002
416.0,10,49.0,0.6533333333333333,8.534554726397495,75,555.0,7.4,0.0,0.0,5,80.0,36.0,5.55057397333345,4.705882352941177,4.705882352941177,17,3,59.0,0.2682881750144331,2,15.0,0.3950642708504128,0,6.0,0.9445025157464998
424.0,15,117.0,1.6956521739130437,7.404859685428632,69,509.0,7.376811594202898,0.0,0.0,7,132.0,52.0,5.800221159193923,7.764705882352941,7.764705882352941,17,6,82.0,0.2325263059796794,1,50.0,0.6830957879031265,0,0.0,0.4856468164613232
432.0,15,149.0,2.328125,6.742028902207334,64,541.0,8.453125,32.0,0.5,7,159.0,27.0,3.884109569167288,9.9375,9.9375,16,4,100.0,0.3404887626748195,2,51.0,0.2762415042060919,1,8.0,0.0
440.0,22,278.0,4.149253731343284,6.672079496605732,67,547.0,8.164179104477611,6.0,0.0895522388059701,15,276.0,117.0,3.873400374428752,10.615384615384617,10.615384615384617,26,9,164.0,0.2183978832428762,5,91.0,0.3204430107117264,1,21.0,0.6489006629130294
448.0,16,142.0,2.1515151515151514,6.699051822113368,66,653.0,9.893939393939394,106.0,1.606060606060606,11,173.0,0.0,3.7581092224807766,7.863636363636363,7.863636363636363,22,9,115.0,0.1992143463040982,1,34.0,0.4843320510818502,1,24.0,0.1404637986933398
456.0,20,175.0,2.6923076923076925,5.781396042184418,65,709.0,10.907692307692308,56.0,0.8615384615384616,14,266.0,93.0,1.8799646906461325,11.083333333333334,11.083333333333334,24,7,168.0,0.0336916022078362,6,98.0,0.1808504284734647,1,0.0,0.4337258100354861
464.0,9,107.0,1.6984126984126984,7.646491045566344,63,776.0,12.317460317460318,67.0,1.0634920634920637,5,196.0,0.0,4.901400294076467,10.88888888888889,10.88888888888889,18,2,102.0,0.2536315641993082,2,88.0,0.4269362591488922,1,6.0,0.6103049056044968
472.0,12,115.0,1.8852459016393444,8.499485090003459,61,765.0,12.540983606557376,0.0,0.0,8,170.0,0.0,4.583486263595625,12.142857142857142,12.142857142857142,14,4,117.0,0.2100790886200603,3,49.0,0.4849391117564165,1,4.0,0.4903370451162269
480.0,16,191.0,3.293103448275862,7.017986040703833,58,697.0,12.017241379310343,0.0,0.0,9,233.0,63.0,4.62613299955854,12.263157894736842,12.263157894736842,19,5,153.0,0.2974990655064379,4,78.0,0.350760109376917,0,2.0,0.543888947649857
488.0,9,152.0,2.4516129032258065,7.456599955605587,62,709.0,11.435483870967742,12.0,0.1935483870967742,6,205.0,0.0,5.722105287097111,9.318181818181818,9.318181818181818,22,4,126.0,0.2913194663871243,2,77.0,0.5295372222248613,0,2.0,0.5853334813175869
496.0,11,148.0,2.242424242424242,8.523650698321978,66,783.0,11.863636363636363,74.0,1.121212121212121,8,256.0,51.0,3.933843467786737,13.473684210526317,13.473684210526317,19,2,109.0,0.1897375658380673,3,130.0,0.4315948009442596,3,17.0,0.3287539974128411
504.0,8,58.0,0.9206349206349206,8.605683835639997,63,777.0,12.333333333333334,0.0,0.0,4,132.0,0.0,7.090779618389279,6.6,6.6,20,3,106.0,0.4778367863004756,1,23.0,0.505658365806839,0,3.0,0.917795005105748
512.0,20,133.0,2.293103448275862,6.691832410327489,58,837.0,14.43103448275862,60.0,1.0344827586206895,15,227.0,95.0,2.8159605301835064,9.08,9.08,25,8,153.0,0.1099346295364614,7,71.0,0.107463324984848,0,3.0,0.8505659491825778
520.0,12,127.0,2.309090909090909,6.889565022547931,55,774.0,14.072727272727272,0.0,0.0,6,217.0,0.0,4.761068242977689,11.421052631578949,11.421052631578949,19,1,135.0,0.2780697970215957,2,68.0,0.6127883555404643,3,14.0,0.0048297154995188
528.0,13,82.0,1.5769230769230769,7.166448866091174,52,652.0,12.538461538461538,0.0,0.0,13,281.0,64.0,2.829616583883241,12.772727272727272,12.772727272727272,22,6,170.0,0.1754605099847796,5,97.0,0.3142825718828034,2,14.0,0.0
536.0,11,133.0,2.333333333333333,6.6649348643358,57,700.0,12.280701754385966,48.0,0.8421052631578947,8,259.0,0.0,4.22094216343781,10.36,10.36,25,0,67.0,0.423388763013377,7,164.0,0.0838450530490378,1,28.0,0.649027846277695
544.0,9,116.0,1.901639344262295,7.552571081017432,61,717.0,11.754098360655735,17.0,0.2786885245901639,9,224.0,0.0,4.982430055460658,9.333333333333334,9.333333333333334,24,4,57.0,0.2985173683784081,4,159.0,0.3857613234253998,1,8.0,0.5296309537998829
552.0,18,107.0,1.5970149253731345,7.038185751320904,67,705.0,10.522388059701491,0.0,0.0,14,189.0,0.0,2.5294086935432727,7.56,7.56,25,6,58.0,0.1107564548758046,4,103.0,0.2454464919879244,4,28.0,0.1158137844099225
560.0,7,32.0,0.4923076923076923,7.865122171415162,65,657.0,10.107692307692307,0.0,0.0,3,104.0,0.0,6.704443041563495,5.2,5.2,20,1,30.0,0.4178078589746129,2,71.0,0.4464392952921984,0,3.0,0.9557481525497776
568.0,13,46.0,0.6865671641791045,7.715240872416213,67,648.0,9.671641791044776,0.0,0.0,9,118.0,14.0,4.2825002629905695,5.130434782608695,5.130434782608695,23,2,20.0,0.4541283689402961,6,68.0,0.2344033915511895,1,30.0,0.5541541441461103
576.0,6,29.0,0.4264705882352941,7.445736074073951,68,585.0,8.602941176470589,0.0,0.0,3,52.0,0.0,6.209545478736161,2.888888888888889,2.888888888888889,18,1,10.0,0.4033145634362233,2,42.0,0.5117498814075919,0,0.0,0.9426984106520284
584.0,16,104.0,1.625,7.66810369457206,64,582.0,9.09375,0.0,0.0,8,87.0,35.0,4.280838365556469,4.833333333333333,4.833333333333333,18,4,44.0,0.1843849804079806,3,40.0,0.428327832607786,1,3.0,0.0003359137067827
592.0,14,57.0,0.8507462686567164,7.236823752244374,67,596.0,8.895522388059701,14.0,0.208955223880597,11,106.0,19.0,4.130161678199859,4.416666666666667,4.416666666666667,24,7,50.0,0.316487368611671,3,45.0,0.2276555058011358,1,11.0,0.5106064290198973
600.0,15,82.0,1.2058823529411764,7.618395262939271,68,583.0,8.573529411764707,0.0,0.0,9,124.0,18.0,4.772147346806727,5.904761904761905,5.904761904761905,21,4,64.0,0.3501119276580322,4,57.0,0.2518289173479458,1,3.0,0.5168828526541773
608.0,19,92.0,1.2432432432432432,7.040787784564414,74,619.0,8.364864864864865,36.0,0.4864864864864865,8,108.0,0.0,4.944911061085859,4.695652173913044,4.695652173913044,23,3,45.0,0.3106036774956914,2,41.0,0.5886933395737727,3,22.0,0.207173022562285
616.0,22,170.0,2.151898734177215,7.268432884720208,79,690.0,8.734177215189874,71.0,0.8987341772151899,16,219.0,111.0,4.154707265225738,7.064516129032258,7.064516129032258,31,8,106.0,0.0482706350404307,4,64.0,0.4378410689167442,4,49.0,0.4056298117962444
624.0,20,192.0,2.430379746835443,6.99725568609779,79,786.0,9.949367088607596,96.0,1.2151898734177216,20,330.0,111.0,3.18962848902335,8.68421052631579,8.68421052631579,38,2,81.0,0.3460849230475936,11,148.0,0.2200931666689671,7,101.0,0.1841324900714569
632.0,25,234.0,3.12,5.226233395808686,75,899.0,11.986666666666666,113.0,1.5066666666666666,20,411.0,81.0,2.2215430844287063,10.81578947368421,10.81578947368421,38,8,126.0,0.1406028322695292,1,107.0,0.3461391585502266,11,178.0,0.0019944503020289
640.0,36,462.0,6.0,4.942975896644397,77,1101.0,14.2987012987013,202.0,2.623376623376624,27,520.0,109.0,1.785195199874791,14.857142857142858,14.857142857142858,35,12,210.0,0.0642850096605005,3,37.0,0.4408214684434292,12,273.0,0.0794268508203577
648.0,21,235.0,2.9375,6.127434075560518,80,1266.0,15.825,165.0,2.0625,8,306.0,0.0,3.8840970089579847,13.304347826086955,13.304347826086955,23,4,163.0,0.1996994284259617,4,41.0,0.211288760611786,0,102.0,0.4564796655592428
656.0,21,212.0,2.617283950617284,6.972669218584056,81,1251.0,15.444444444444445,0.0,0.0,10,240.0,0.0,3.868441341860077,10.434782608695652,10.434782608695652,23,3,103.0,0.2187063934440968,1,13.0,0.544603248067759,6,124.0,0.1851969040492278
664.0,23,203.0,2.7432432432432434,5.920881529193587,74,1155.0,15.608108108108109,0.0,0.0,12,192.0,0.0,2.8792102856488,8.0,8.0,24,8,133.0,0.1205296659895091,4,20.0,0.1883860497744463,0,39.0,0.3801553759242922
672.0,17,217.0,3.056338028169014,7.310597607823095,71,1096.0,15.43661971830986,0.0,0.0,11,206.0,14.0,5.50760972875112,8.956521739130435,8.956521739130435,23,10,191.0,0.1129744188933882,1,9.0,0.762643251371694,0,6.0,0.69110982448317
680.0,21,299.0,4.271428571428571,6.306734287116826,70,1133.0,16.185714285714287,37.0,0.5285714285714286,15,324.0,118.0,3.5901915208197406,11.571428571428571,11.571428571428571,28,10,290.0,0.134233888167529,5,31.0,0.3908075698731177,0,3.0,0.5822533154013956
688.0,25,408.0,6.08955223880597,5.760442491969493,67,1163.0,17.35820895522388,30.0,0.4477611940298507,21,541.0,217.0,2.628878745676137,16.90625,16.90625,32,11,362.0,0.0715138176323151,10,176.0,0.2293579819469075,0,3.0,0.6545533911192407
696.0,23,470.0,7.121212121212121,5.4133730144669565,66,1251.0,18.954545454545453,88.0,1.3333333333333333,21,747.0,206.0,2.342329006033737,19.657894736842103,19.657894736842103,38,12,475.0,0.0677714323578311,7,260.0,0.171405549691294,2,12.0,0.598250422692496
704.0,23,560.0,7.887323943661972,6.217424392130774,71,1409.0,19.84507042253521,158.0,2.2253521126760565,18,761.0,14.0,3.229865857256612,24.548387096774192,24.548387096774192,31,13,576.0,0.0712749867682201,4,183.0,0.3695274998979529,1,2.0,0.7361175956675898
712.0,25,699.0,9.07792207792208,6.60801240485586,77,1592.0,20.675324675324678,183.0,2.3766233766233764,19,887.0,126.0,2.390725389581149,30.58620689655172,30.58620689655172,29,13,680.0,0.0773953998650729,4,195.0,0.3596759195022796,2,12.0,0.3024453847415984
720.0,22,826.0,11.013333333333334,6.636735173006299,75,1651.0,22.01333333333333,59.0,0.7866666666666666,16,886.0,0.0,2.675261290804096,32.81481481481482,32.81481481481482,27,14,788.0,0.0615303332832119,2,95.0,0.3226025421307862,0,3.0,0.7060866541411439
728.0,24,947.0,12.14102564102564,6.887021141086952,78,1758.0,22.53846153846154,107.0,1.3717948717948718,20,1020.0,134.0,3.123061523040011,32.903225806451616,32.903225806451616,31,15,908.0,0.0,5,112.0,0.4629295989966848,0,0.0,0.6359406616459754
736.0,26,823.0,11.273972602739724,5.662419661604041,73,1892.0,25.91780821917808,134.0,1.8356164383561644,21,1053.0,33.0,2.540785070841536,30.085714285714285,30.085714285714285,35,10,836.0,0.0685475489257069,10,216.0,0.3009189798595451,1,1.0,0.4956529927674453
744.0,21,844.0,11.887323943661972,5.606784956060092,71,1842.0,25.943661971830984,0.0,0.0,18,1054.0,1.0,1.8301369461486328,32.9375,32.9375,32,13,927.0,0.0463823842668422,4,118.0,0.1898261457667881,1,9.0,0.4033927412403826
752.0,11,134.0,2.0,6.572554353789154,67,1749.0,26.104477611940297,0.0,0.0,9,738.0,0.0,3.081346698708448,27.33333333333333,27.33333333333333,27,4,588.0,0.194219110273605,5,150.0,0.262671361103271,0,0.0,1.0
760.0,19,114.0,1.7538461538461538,7.284706775608421,65,1620.0,24.923076923076923,0.0,0.0,16,526.0,0.0,2.401571072890842,20.23076923076923,20.23076923076923,26,6,326.0,0.2734156599543098,10,200.0,0.0002247875606038,0,0.0,0.9919085509225444
768.0,1,20.0,0.3125,9.255366479414691,64,1397.0,21.828125,0.0,0.0,0,154.0,0.0,5.915173061362099,7.7,7.7,20,0,41.0,0.3813840933075276,0,109.0,0.2889008388540311,0,4.0,0.8884072039930511
776.0,17,45.0,0.6716417910447762,7.116297496361971,67,1289.0,19.23880597014925,0.0,0.0,14,214.0,60.0,3.222048793894164,6.903225806451613,6.903225806451613,31,7,79.0,0.1492705813864885,5,133.0,0.2446573986949795,2,2.0,0.4693225958399801
784.0,24,189.0,2.739130434782609,6.44538942106928,69,1289.0,18.681159420289852,0.0,0.0,23,392.0,178.0,3.8533028195892873,10.051282051282053,10.051282051282053,39,13,166.0,0.1696088371073871,9,218.0,0.2875122299385373,1,8.0,0.6640625868993594
792.0,15,154.0,2.231884057971014,6.245547158703064,69,1050.0,15.217391304347826,0.0,0.0,14,423.0,31.0,2.1444078729106093,13.64516129032258,13.64516129032258,31,4,136.0,0.1037397584685466,9,287.0,0.1009868155295101,1,0.0,0.6980878491707245
800.0,9,31.0,0.492063492063492,7.221702642595907,63,1002.0,15.904761904761903,0.0,0.0,9,330.0,0.0,2.7064574861207635,10.64516129032258,10.64516129032258,31,4,139.0,0.0831079257155101,4,190.0,0.2634461322279952,1,1.0,0.4584405314207966
808.0,25,136.0,2.060606060606061,5.580418227284149,66,937.0,14.196969696969695,0.0,0.0,24,461.0,131.0,1.977404482344331,12.45945945945946,12.45945945945946,37,12,215.0,0.000121683700647,6,218.0,0.3072443158796406,6,28.0,0.1694724543498152
816.0,20,150.0,2.142857142857143,5.806062085697104,70,1056.0,15.085714285714284,119.0,1.7,19,490.0,29.0,2.648030419882573,13.243243243243244,13.243243243243244,37,3,137.0,0.3305184975271222,14,313.0,0.1247734839074499,2,40.0,0.3432689078026753
824.0,20,277.0,4.0144927536231885,7.017631975707767,69,1170.0,16.956521739130434,114.0,1.6521739130434785,19,492.0,2.0,2.2476091685886144,16.96551724137931,16.96551724137931,29,1,22.0,0.3485470594226521,15,437.0,0.0753170367303866,3,33.0,0.4648958394580104
832.0,7,56.0,0.8484848484848485,7.80356033138378,66,975.0,14.772727272727272,0.0,0.0,7,258.0,0.0,2.681266648131294,12.9,12.9,20,4,35.0,0.2612277796036828,3,223.0,0.139693244779877,0,0.0,0.4670783127514418
840.0,11,75.0,1.0869565217391304,8.796247786684933,69,947.0,13.72463768115942,0.0,0.0,7,90.0,0.0,5.499806325248019,4.7368421052631575,4.7368421052631575,19,6,63.0,2.5458700291388216e-06,0,21.0,0.7449769400908322,1,6.0,0.5541231567032402
848.0,10,57.0,0.7215189873417721,7.975469833313621,79,943.0,11.936708860759492,0.0,0.0,8,70.0,0.0,4.869308077535351,2.8,2.8,25,1,10.0,0.5760309441082472,5,36.0,0.1516411303246392,2,24.0,0.5766934460252271
856.0,19,169.0,2.1392405063291138,7.632961953258663,79,965.0,12.21518987341772,22.0,0.2784810126582278,16,192.0,122.0,5.051646024192616,5.647058823529412,5.647058823529412,34,2,36.0,0.51905347613476,12,120.0,0.0930566647835637,2,36.0,0.725758875041278
864.0,13,126.0,1.726027397260274,6.96773913173555,73,894.0,12.246575342465754,0.0,0.0,10,210.0,18.0,3.5750708752839624,7.777777777777778,7.777777777777778,27,7,77.0,0.1879071334669736,0,63.0,0.3002047308772969,3,70.0,0.3724850365496221
872.0,22,221.0,2.9864864864864864,6.196186421532031,74,934.0,12.62162162162162,40.0,0.5405405405405406,17,270.0,60.0,2.444813549285427,8.181818181818182,8.181818181818182,33,4,97.0,0.1020716875637191,10,95.0,0.1872018764718433,3,78.0,0.3604732509498811
880.0,13,183.0,2.6911764705882355,6.825195282204739,68,776.0,11.411764705882351,0.0,0.0,8,220.0,0.0,5.328630298549761,7.586206896551724,7.586206896551724,29,6,153.0,0.300149838693707,1,46.0,0.4271535674325864,1,21.0,0.5932525989847621
888.0,21,277.0,3.9014084507042255,7.215305527600836,71,746.0,10.507042253521126,0.0,0.0,17,274.0,54.0,2.3885523026770685,10.538461538461538,10.538461538461538,26,8,212.0,0.1029071468516597,8,42.0,0.1761453690955615,1,20.0,0.3638107966199637
896.0,17,136.0,1.9710144927536235,6.713855508909986,69,781.0,11.318840579710145,35.0,0.5072463768115942,15,277.0,3.0,3.520547301579084,8.935483870967742,8.935483870967742,31,1,106.0,0.4275050587711549,12,143.0,0.1796831847492576,2,28.0,0.312836135746068
904.0,12,86.0,1.2647058823529411,8.10513318800011,68,729.0,10.720588235294118,0.0,0.0,10,173.0,0.0,4.627621273003815,6.92,6.92,25,6,61.0,0.2234760350006921,4,112.0,0.395324646273313,0,0.0,0.8031912484480255
912.0,10,117.0,1.8,8.65198800400649,65,643.0,9.892307692307693,0.0,0.0,8,131.0,0.0,3.889725848338746,7.705882352941177,7.705882352941177,17,2,37.0,0.3007493795372253,5,93.0,0.3324562047751163,1,1.0,0.1945009810289333
920.0,13,161.0,2.236111111111111,8.755777764562525,72,678.0,9.416666666666666,35.0,0.4861111111111111,9,178.0,47.0,6.280819311170064,6.846153846153846,6.846153846153846,26,2,27.0,0.4200686121478267,7,144.0,0.3287307521987834,0,7.0,0.9205333455091064
928.0,15,71.0,0.8765432098765432,7.200442538833074,81,657.0,8.11111111111111,0.0,0.0,12,181.0,3.0,4.047242002264947,5.323529411764706,5.323529411764706,34,7,70.0,0.32930529649867,5,111.0,0.2130017439468864,0,0.0,0.853174119011066
936.0,18,127.0,1.567901234567901,7.984883039602149,81,700.0,8.641975308641975,43.0,0.5308641975308642,18,259.0,78.0,3.734719348365045,7.4,7.4,35,13,147.0,0.1409341521202541,4,110.0,0.3928508802843881,1,2.0,0.6201895960118166
944.0,22,238.0,2.975,7.333284021139787,80,779.0,9.7375,79.0,0.9875,19,351.0,92.0,2.2127873151333497,11.7,11.7,30,10,216.0,0.0640002413696709,5,112.0,0.2604129846126827,4,23.0,0.3816008407817909
952.0,16,115.0,1.4197530864197532,7.107539426927944,81,856.0,10.567901234567902,77.0,0.9506172839506172,12,270.0,0.0,3.149767093854091,8.709677419354838,8.709677419354838,31,7,140.0,0.1929171748334258,2,88.0,0.378344060319554,3,42.0,0.3937155696563899
960.0,21,179.0,2.2375,7.119381068802269,80,873.0,10.9125,17.0,0.2125,15,277.0,7.0,4.025738219703058,8.393939393939394,8.393939393939394,33,10,185.0,0.1549940623594957,1,23.0,0.618285757189056,4,69.0,0.4352483101299073
968.0,18,157.0,2.038961038961039,6.40053400780046,77,870.0,11.2987012987013,0.0,0.0,14,263.0,0.0,2.1504765715474803,8.766666666666667,8.766666666666667,30,10,196.0,0.090550639160415,4,30.0,0.1140910456029771,0,37.0,0.3200423649263083
976.0,20,200.0,2.5641025641025643,6.524809122512869,78,968.0,12.41025641025641,98.0,1.2564102564102564,19,320.0,57.0,2.6344819560409216,10.32258064516129,10.32258064516129,31,10,205.0,0.1070006028437898,5,90.0,0.2632769099542483,4,25.0,0.2831591321074316
984.0,8,18.0,0.2307692307692307,7.819928719769352,78,1035.0,13.26923076923077,67.0,0.8589743589743589,4,150.0,0.0,4.457340336431783,6.25,6.25,24,2,96.0,0.2791003927404557,1,50.0,0.4395868648831867,1,4.0,2.8471305610879785e-05
992.0,20,103.0,1.3205128205128205,7.22595763686948,78,992.0,12.717948717948715,0.0,0.0,17,223.0,73.0,3.2272162328266534,7.193548387096774,7.193548387096774,31,7,115.0,0.1553553169617308,9,96.0,0.3070276373139999,1,12.0,0.4628523804451193
1000.0,26,237.0,3.3857142857142857,5.726403092594945,70,949.0,13.557142857142855,0.0,0.0,23,381.0,158.0,1.954886782580759,11.205882352941176,11.205882352941176,34,8,146.0,0.0969753381973845,14,215.0,0.13211120959848,1,20.0,0.6209450584816181
1008.0,16,170.0,2.236842105263158,6.357703310144001,76,1071.0,14.092105263157896,122.0,1.605263157894737,15,436.0,55.0,2.6184743057243915,12.11111111111111,12.11111111111111,36,8,190.0,0.2150157292512569,5,215.0,0.1527895862590051,2,31.0,0.3138212310158998
1016.0,8,45.0,0.5769230769230769,7.798174934024314,78,1072.0,13.743589743589745,1.0,0.0128205128205128,6,219.0,0.0,4.071799944239552,8.11111111111111,8.11111111111111,27,4,110.0,0.229320300907678,2,109.0,0.4049414845109295,0,0.0,0.4795929305464635
1024.0,14,86.0,1.0238095238095235,7.574532562406499,84,1066.0,12.69047619047619,0.0,0.0,10,184.0,0.0,4.291977982214214,7.666666666666667,7.666666666666667,24,4,67.0,0.2743198129856685,5,109.0,0.3081730909844162,1,8.0,0.6461702323853101
1032.0,24,181.0,2.2911392405063293,6.330945731246372,79,957.0,12.113924050632912,0.0,0.0,20,296.0,112.0,3.3481491147953744,8.457142857142857,8.457142857142857,35,8,104.0,0.193842620244246,9,165.0,0.2600274165830105,3,27.0,0.4693942976633268
1040.0,27,262.0,3.1951219512195124,6.140967026601802,82,1055.0,12.865853658536585,98.0,1.195121951219512,18,360.0,64.0,2.978279815019862,9.72972972972973,9.72972972972973,37,4,89.0,0.1745440948459206,14,271.0,0.214407089824326,0,0.0,0.6577985030223726
1048.0,34,447.0,5.321428571428571,5.303647740300211,84,1122.0,13.357142857142858,67.0,0.7976190476190477,27,528.0,168.0,2.1554901791996106,12.571428571428571,12.571428571428571,42,5,102.0,0.1464129929681039,21,425.0,0.0995060021746381,1,1.0,0.6145758257869505
1056.0,38,671.0,8.283950617283951,5.365572976757276,81,1236.0,15.25925925925926,114.0,1.4074074074074074,32,720.0,192.0,2.1956656959544687,17.5609756097561,17.5609756097561,41,8,145.0,0.1729307116843279,24,575.0,0.0947129752226286,0,0.0,0.7715693126877794
1064.0,31,728.0,9.1,5.099390523189669,80,1447.0,18.0875,211.0,2.6375,27,855.0,135.0,1.75766031406155,21.375,21.375,40,1,55.0,0.3010573239796762,26,800.0,0.0523679680797762,0,0.0,0.8042424686379176
1072.0,37,916.0,11.59493670886076,4.762304444722787,79,1655.0,20.949367088607595,208.0,2.632911392405063,36,1136.0,281.0,0.7464016322342897,26.41860465116279,26.41860465116279,43,5,100.0,0.1561338098969817,29,1029.0,0.0395253773204158,2,7.0,0.08688882376173
1080.0,43,1219.0,15.831168831168831,4.164754926469463,77,1916.0,24.883116883116884,261.0,3.389610389610389,35,1380.0,244.0,2.0746463093336662,28.75,28.75,48,2,83.0,0.4301757366921336,31,1274.0,0.0064112100409798,2,23.0,0.5481251238829197
1088.0,50,1582.0,19.775,3.641705826488824,80,2278.0,28.475,362.0,4.525,39,1641.0,261.0,0.9637230552317284,36.46666666666667,36.46666666666667,45,4,74.0,0.0049187689990131,32,1525.0,0.0275999719216297,3,42.0,0.4344321468775622
1096.0,34,641.0,7.453488372093023,3.7137283164110286,86,2571.0,29.8953488372093,293.0,3.4069767441860463,22,1212.0,0.0,1.6544580439822243,29.5609756097561,29.5609756097561,41,2,27.0,0.3735335996406367,13,1104.0,0.0907898907031358,7,81.0,0.0951774002342893
1104.0,27,258.0,2.8351648351648358,6.128201734809526,91,2760.0,30.32967032967033,189.0,2.076923076923077,12,857.0,0.0,3.6371938412727145,25.96969696969697,25.96969696969697,33,4,97.0,0.4087530452984239,4,666.0,0.2684429714644886,4,94.0,0.3133993247777566
1112.0,24,232.0,2.4946236559139785,5.131497454348364,93,2829.0,30.41935483870968,69.0,0.7419354838709677,17,991.0,134.0,2.2587856171542557,30.03030303030303,30.03030303030303,33,2,43.0,0.1283869968364401,9,813.0,0.2034335738812389,6,135.0,0.1338579200716918
1120.0,30,275.0,3.055555555555556,5.073629110278391,90,2886.0,32.06666666666667,57.0,0.6333333333333333,20,1109.0,118.0,1.8888688370315356,32.61764705882353,32.61764705882353,34,2,56.0,0.4366494454451777,17,995.0,0.0376469504003857,1,58.0,0.3589985096948327
1128.0,30,207.0,2.274725274725274,5.580453955244412,91,2919.0,32.07692307692308,33.0,0.3626373626373626,15,910.0,0.0,2.944572675125913,28.4375,28.4375,32,2,53.0,0.361381453348121,12,846.0,0.130193538866402,1,11.0,0.5133532083882616
1136.0,23,231.0,2.655172413793104,6.353510858567987,87,2754.0,31.655172413793103,0.0,0.0,7,671.0,0.0,4.025629469825882,25.807692307692307,25.807692307692307,26,4,34.0,0.4440699958109737,1,615.0,0.2436596080236957,2,22.0,0.2271742325639683
1144.0,15,89.0,1.0113636363636365,6.951395198626225,88,2617.0,29.738636363636363,0.0,0.0,5,373.0,0.0,4.792281828647299,16.217391304347824,16.217391304347824,23,5,31.0,0.1083766764305405,0,336.0,0.3940481649550333,0,6.0,0.8543060604346623
1152.0,17,112.0,1.302325581395349,6.805411848860991,86,2384.0,27.72093023255814,0.0,0.0,11,465.0,92.0,3.968935725726128,14.53125,14.53125,32,3,31.0,0.3170313086015803,6,421.0,0.2100459624443985,2,13.0,0.5985736104941289
1160.0,26,229.0,2.632183908045977,5.958234436579946,87,2393.0,27.50574712643678,9.0,0.1034482758620689,20,715.0,250.0,3.004790485794126,18.33333333333333,18.33333333333333,39,3,35.0,0.1919968874199374,17,678.0,0.0824065528334294,0,2.0,0.7504749126352215
1168.0,39,422.0,5.023809523809524,5.001152173057268,84,2268.0,27.0,0.0,0.0,31,940.0,225.0,2.0031028069212646,22.38095238095238,22.38095238095238,42,7,78.0,0.2206691750503717,23,859.0,0.065292755158673,1,3.0,0.4567458307988478
1176.0,25,329.0,3.825581395348837,5.58519114757316,86,2231.0,25.94186046511628,0.0,0.0,18,866.0,0.0,1.5579145291301923,27.0625,27.0625,32,0,30.0,0.2862969105635937,14,810.0,0.0385199047794724,4,26.0,0.1638497558970099
1184.0,20,176.0,1.9775280898876404,5.688966221266818,89,2142.0,24.06741573033708,0.0,0.0,13,882.0,16.0,1.9460334570224556,27.5625,27.5625,32,6,63.0,0.1472701100831665,6,819.0,0.0739771720544506,1,0.0,0.5716163968761241
1192.0,27,281.0,3.469135802469136,5.713712543313584,81,1858.0,22.938271604938272,0.0,0.0,15,904.0,22.0,2.884259708155644,24.43243243243243,24.43243243243243,37,5,87.0,0.1603661341177437,10,814.0,0.1637603072049206,0,3.0,0.9231373780762216
1200.0,36,479.0,5.841463414634147,4.329195045056653,82,1912.0,23.317073170731707,54.0,0.6585365853658537,26,1072.0,168.0,1.834620052466091,26.146341463414632,26.146341463414632,41,9,148.0,0.0910856369681321,17,924.0,0.132112995179523,0,0.0,0.6415080900399031
1208.0,37,351.0,3.988636363636364,4.369166752983848,88,2018.0,22.931818181818183,106.0,1.2045454545454546,30,1174.0,102.0,2.4573747656830744,24.97872340425532,24.97872340425532,47,3,47.0,0.4174984546753638,25,1121.0,0.0708206946674636,2,6.0,0.4758040762166227
1216.0,27,324.0,3.5217391304347827,5.791808955842119,92,2178.0,23.67391304347826,160.0,1.7391304347826086,20,1083.0,0.0,2.58059035985199,25.785714285714285,25.785714285714285,42,6,104.0,0.1953548460838621,13,967.0,0.1546242478962183,1,12.0,0.6222414291758305
1224.0,19,195.0,2.119565217391304,7.414312465266988,92,2214.0,24.065217391304348,36.0,0.391304347826087,10,632.0,0.0,3.731501210347296,21.066666666666663,21.066666666666663,30,5,65.0,0.1660005479967095,3,563.0,0.3282777829608054,2,4.0,0.565880845437883
1232.0,17,205.0,2.1578947368421053,8.093904486580831,95,2165.0,22.789473684210527,0.0,0.0,14,429.0,0.0,4.551257787122829,13.40625,13.40625,32,9,127.0,0.0935632411205656,4,293.0,0.4764050076326681,1,9.0,0.4687336271033889
1240.0,17,125.0,1.3297872340425532,7.144702738934741,94,2110.0,22.4468085106383,0.0,0.0,11,521.0,92.0,4.379880232608191,13.35897435897436,13.35897435897436,39,0,77.0,0.3381078830619831,9,433.0,0.2394639247676863,2,11.0,0.5855474483448069
1248.0,18,177.0,1.84375,6.541684187483269,96,2053.0,21.385416666666668,0.0,0.0,15,499.0,0.0,3.23974602553647,13.13157894736842,13.13157894736842,38,6,66.0,0.1871084695055037,9,433.0,0.0950706819646396,0,0.0,0.746087377453744
1256.0,29,300.0,3.1578947368421053,6.656983910691055,95,1846.0,19.431578947368426,0.0,0.0,19,456.0,0.0,2.3517336205201285,14.25,14.25,32,5,83.0,0.0,11,364.0,0.1802405054768994,3,9.0,0.318021762010258
1264.0,22,377.0,4.333333333333333,6.626003628685517,87,1694.0,19.471264367816094,0.0,0.0,14,404.0,0.0,3.3429989350662828,14.428571428571429,14.428571428571429,28,2,46.0,0.3375660349527546,6,304.0,0.249756765755265,6,54.0,0.1697897090344458
1272.0,28,457.0,5.313953488372093,5.561392468289748,86,1512.0,17.58139534883721,0.0,0.0,19,471.0,67.0,2.6566254467982318,13.457142857142856,13.457142857142856,35,2,43.0,0.3163253881548591,9,321.0,0.1889436929788256,8,107.0,0.0851120188347063
1280.0,14,107.0,1.1888888888888889,7.4131235551718255,90,1589.0,17.655555555555555,77.0,0.8555555555555555,9,359.0,0.0,4.915862091512456,10.558823529411764,10.558823529411764,34,5,79.0,0.4361897207891408,4,252.0,0.3045210997910174,0,28.0,0.5483713981745553
1288.0,31,191.0,2.0760869565217392,6.565308900577221,92,1612.0,17.52173913043478,23.0,0.25,20,358.0,0.0,2.7754063240693214,9.675675675675675,9.675675675675675,37,7,124.0,0.1631273811168032,10,191.0,0.2658729733078888,3,43.0,0.3664970149806568
1296.0,29,298.0,3.5058823529411764,6.007457831748112,85,1280.0,15.058823529411764,0.0,0.0,18,383.0,25.0,4.410907842382004,10.35135135135135,10.35135135135135,37,5,140.0,0.2020580738938595,13,232.0,0.3386977691197051,0,11.0,0.6135240127013997
1304.0,25,273.0,3.211764705882353,6.253228869134702,85,1411.0,16.6,131.0,1.5411764705882354,22,497.0,114.0,2.7211970475917924,12.425,12.425,40,5,154.0,0.3049731092934532,16,331.0,0.1213587462866646,1,12.0,0.5722038277870454
1312.0,17,158.0,1.9506172839506173,6.2574273860062535,81,1319.0,16.28395061728395,0.0,0.0,11,359.0,0.0,3.515331755573007,10.257142857142858,10.257142857142858,35,3,126.0,0.3997036904989364,7,232.0,0.189618438676981,1,1.0,0.4722824237364063
1320.0,19,157.0,2.038961038961039,6.258228774650791,77,1240.0,16.103896103896105,0.0,0.0,13,343.0,0.0,2.234393104592171,10.71875,10.71875,32,5,111.0,0.3078902629825503,8,232.0,0.1161400092313271,0,0.0,1.0
1328.0,22,253.0,3.2857142857142856,6.349729678343032,77,1210.0,15.714285714285714,0.0,0.0,13,390.0,47.0,3.2659661268089817,11.818181818181818,11.818181818181818,33,5,155.0,0.3307843981508985,7,232.0,0.1759581362914522,1,3.0,0.46865367823708
1336.0,16,101.0,1.3116883116883118,6.321148174451689,77,1198.0,15.558441558441558,0.0,0.0,12,319.0,0.0,2.830001015089453,9.96875,9.96875,32,3,85.0,0.3265843297838567,9,231.0,0.0789503199746678,0,3.0,0.6449056555086988
1344.0,25,170.0,2.2972972972972974,5.760515969773901,74,1209.0,16.33783783783784,11.0,0.1486486486486486,15,281.0,0.0,2.6840392332506773,9.689655172413794,9.689655172413794,29,8,126.0,0.1420349982148221,5,145.0,0.2302174019085145,2,10.0,0.2804905515802903
1352.0,19,158.0,2.1066666666666665,5.6985129406889,75,1275.0,17.0,66.0,0.88,8,247.0,0.0,4.082765434524191,8.821428571428571,8.821428571428571,28,2,109.0,0.3530326911903778,4,116.0,0.2531065473567816,2,22.0,0.4794819913786197
1360.0,24,215.0,2.7564102564102564,6.595863666828686,78,1384.0,17.743589743589745,109.0,1.3974358974358974,17,267.0,20.0,3.110970670944604,10.26923076923077,10.26923076923077,26,4,43.0,0.1718887319692642,13,221.0,0.1737899542354582,0,3.0,0.6993557459034827
1368.0,30,339.0,4.134146341463414,6.106206047500682,82,1391.0,16.963414634146343,7.0,0.0853658536585365,25,507.0,240.0,1.960726243094876,14.911764705882351,14.911764705882351,34,7,125.0,0.2814612779423031,17,376.0,0.0488194529472772,1,6.0,0.3902784775764819
1376.0,38,507.0,6.035714285714286,4.989895531664702,84,1618.0,19.261904761904763,227.0,2.702380952380953,32,743.0,236.0,1.1545954638158933,17.69047619047619,17.69047619047619,42,6,167.0,0.1721207206553975,23,549.0,0.0118357606600893,3,27.0,0.2349845993190405
1384.0,26,365.0,4.397590361445783,5.832930394884259,83,1699.0,20.46987951807229,81.0,0.9759036144578314,21,745.0,2.0,2.712894862533308,20.135135135135137,20.135135135135137,37,10,228.0,0.0144815784142378,11,517.0,0.2026868989791618,0,0.0,0.7493206731203421
1392.0,21,298.0,3.5476190476190474,6.850415359539418,84,1727.0,20.55952380952381,28.0,0.3333333333333333,14,726.0,0.0,3.244065216280541,21.352941176470587,21.352941176470587,34,10,308.0,0.1311347673146463,4,418.0,0.279174103671576,0,0.0,0.6452509525080125
1400.0,19,140.0,1.6470588235294117,6.752705626280114,85,1827.0,21.49411764705882,100.0,1.1764705882352942,10,659.0,0.0,4.088503685713192,18.30555555555556,18.30555555555556,36,2,158.0,0.2869416065538528,8,490.0,0.1539143843539109,0,11.0,0.8964423985113118
1408.0,17,174.0,2.1481481481481484,7.249703913169309,81,1760.0,21.7283950617284,0.0,0.0,10,442.0,0.0,3.2951210509027606,15.785714285714286,15.785714285714286,28,2,25.0,0.3306810021357695,7,405.0,0.2016577291687057,1,12.0,0.6100196236868863
1416.0,21,259.0,3.453333333333333,6.337793796141589,75,1448.0,19.30666666666667,0.0,0.0,14,508.0,66.0,2.6756589724277857,16.933333333333334,16.933333333333334,30,4,60.0,0.3346671867370382,8,426.0,0.1243990182515117,2,22.0,0.3100129568293712
1424.0,32,349.0,4.532467532467533,5.549919357333779,77,1572.0,20.415584415584416,124.0,1.6103896103896105,25,598.0,90.0,2.1144887090617948,17.58823529411765,17.58823529411765,34,8,113.0,0.1284540048539954,16,478.0,0.0613574634323394,1,7.0,0.5608436218288815
1432.0,13,129.0,1.72,6.877006321909203,75,1718.0,22.906666666666663,146.0,1.9466666666666668,12,491.0,0.0,1.9881350618650944,20.45833333333333,20.45833333333333,24,4,86.0,0.0635862560404522,8,405.0,0.1329784472064079,0,0.0,0.9323491776635168
1440.0,16,157.0,2.211267605633803,7.534293915935908,71,1459.0,20.549295774647888,0.0,0.0,7,333.0,0.0,4.207922356772265,15.857142857142858,15.857142857142858,21,6,97.0,0.0,1,236.0,0.3736173219647399,0,0.0,0.9297083841997646
1448.0,19,227.0,3.388059701492537,6.343624297127663,67,1437.0,21.44776119402985,0.0,0.0,9,313.0,0.0,3.825207529961893,12.52,12.52,25,5,142.0,0.3573139600846257,4,168.0,0.2374264554295972,0,3.0,0.6146745417361338
1456.0,10,123.0,1.8088235294117647,6.7211741993390985,68,1457.0,21.426470588235293,20.0,0.2941176470588235,5,259.0,0.0,5.203492323112216,10.36,10.36,25,3,90.0,0.3897165770329235,2,169.0,0.3475270280294213,0,0.0,0.7250379149567874
1464.0,21,193.0,2.9692307692307693,5.441405843058961,65,1314.0,20.21538461538461,0.0,0.0,15,443.0,184.0,2.437452640600409,16.40740740740741,16.40740740740741,27,7,147.0,0.0400768502008085,7,288.0,0.0909809441787588,1,8.0,0.7578978259453467
1472.0,10,70.0,1.0769230769230769,6.756203573381906,65,1398.0,21.50769230769231,84.0,1.2923076923076924,5,417.0,0.0,4.654439139865813,20.85,20.85,20,3,122.0,0.3951583877192368,2,291.0,0.2545302409363402,0,4.0,0.9677197717477616
1480.0,20,174.0,2.949152542372881,5.908279650336749,59,1191.0,20.1864406779661,0.0,0.0,15,508.0,91.0,1.9687372533135947,20.32,20.32,25,7,164.0,0.0009550408696731,7,331.0,0.1232255500639187,1,13.0,0.532552587532541
1488.0,23,237.0,4.157894736842105,5.543857157514069,57,1188.0,20.84210526315789,0.0,0.0,18,580.0,72.0,1.4919969871606815,25.217391304347824,25.217391304347824,23,4,141.0,0.0831963525340519,13,426.0,0.0008916180307465,1,13.0,0.5249049236455219
1496.0,24,335.0,5.317460317460317,6.143726188433453,63,1172.0,18.603174603174605,0.0,0.0,22,704.0,124.0,1.6798790803689103,25.142857142857142,25.142857142857142,28,4,139.0,0.0,16,544.0,0.1019490855137867,2,21.0,0.4471868214695518
1504.0,15,216.0,3.4838709677419355,6.232188363858405,62,1279.0,20.62903225806452,107.0,1.7258064516129032,12,617.0,0.0,1.7842984631602294,24.68,24.68,25,4,171.0,0.1102656950526425,6,411.0,0.0760135975096595,2,35.0,0.4559408725587295
1512.0,12,65.0,0.9701492537313432,6.779919186827682,67,1262.0,18.83582089552239,0.0,0.0,11,494.0,0.0,2.654207441352044,17.642857142857142,17.642857142857142,28,1,4.0,0.2448961789361647,8,450.0,0.11380263190946,2,40.0,0.4607152029876488
1520.0,14,96.0,1.3150684931506849,6.622211242155384,73,1312.0,17.972602739726028,50.0,0.684931506849315,11,361.0,0.0,2.5085334499404666,13.37037037037037,13.37037037037037,27,1,13.0,0.4868936963705387,6,277.0,0.1067988008808126,4,71.0,0.3779569876836705
1528.0,19,169.0,2.283783783783784,6.273254693612495,74,1309.0,17.68918918918919,0.0,0.0,15,446.0,85.0,2.6871455926815844,13.117647058823527,13.117647058823527,34,3,7.0,0.3054836807895032,7,331.0,0.2269830200795372,5,108.0,0.1240568985757605
1536.0,17,111.0,1.4415584415584417,6.522850379550702,77,1380.0,17.92207792207792,71.0,0.922077922077922,9,266.0,0.0,3.9481300343610033,8.06060606060606,8.06060606060606,33,1,13.0,0.5209806523625234,6,186.0,0.3027510901513522,2,67.0,0.262821855756797
1544.0,22,126.0,1.575,6.53945505710796,80,1223.0,15.2875,0.0,0.0,17,311.0,45.0,2.945965796281238,8.405405405405405,8.405405405405405,37,5,40.0,0.1890805874712186,8,189.0,0.2470878472669466,4,82.0,0.2427514661926567
1552.0,25,172.0,2.1772151898734178,5.390513225133513,79,1183.0,14.974683544303796,0.0,0.0,18,358.0,47.0,2.4582712076297226,11.1875,11.1875,32,3,39.0,0.1168504488692179,9,193.0,0.1589278491309974,6,126.0,0.2390616310593853
1560.0,18,80.0,0.975609756097561,5.989897060337403,82,1201.0,14.646341463414634,18.0,0.2195121951219512,12,398.0,40.0,1.9328601453135164,12.06060606060606,12.06060606060606,33,2,31.0,0.1788711463028853,7,243.0,0.0853323230947222,3,124.0,0.277679778350593
1568.0,21,138.0,1.7037037037037035,6.145590241622533,81,1156.0,14.271604938271604,0.0,0.0,12,315.0,0.0,3.53689694910511,9.0,9.0,35,2,27.0,0.4214033484948273,7,205.0,0.1468479704527621,3,83.0,0.404284432275752
1576.0,23,223.0,2.858974358974359,6.529100268789432,78,1241.0,15.91025641025641,85.0,1.0897435897435896,12,286.0,0.0,3.2874986105914243,8.9375,8.9375,32,1,6.0,0.4929460056319989,4,213.0,0.2347811315439603,7,67.0,0.1763736169008754
1584.0,15,59.0,0.7662337662337663,6.362292304650032,77,1314.0,17.064935064935064,73.0,0.948051948051948,10,257.0,0.0,2.842939663609196,10.708333333333334,10.708333333333334,24,2,22.0,0.2454423113929746,7,222.0,0.1288491856058926,1,13.0,0.4235205293534922
1592.0,23,127.0,1.6710526315789471,6.013420779472684,76,1244.0,16.36842105263158,0.0,0.0,14,322.0,65.0,3.2182173888680152,11.10344827586207,11.10344827586207,29,2,17.0,0.4485738098757269,11,288.0,0.0966696358609723,1,17.0,0.6875891468369726
1600.0,15,171.0,2.1375,6.97347263199129,80,1273.0,15.9125,29.0,0.3625,11,431.0,109.0,5.341218724529504,13.06060606060606,13.06060606060606,33,2,121.0,0.5868434752093848,6,291.0,0.3037314845168729,3,19.0,0.4850937308129547
1608.0,19,192.0,2.430379746835443,7.475998267570493,79,1255.0,15.886075949367088,0.0,0.0,13,305.0,0.0,3.870365096778196,11.296296296296296,11.296296296296296,27,3,48.0,0.3121586888273434,10,257.0,0.1987735488770179,0,0.0,0.8121278131548634
1616.0,18,198.0,2.475,7.0147083803860015,80,1308.0,16.35,53.0,0.6625,14,412.0,107.0,2.5141663502917595,14.714285714285714,14.714285714285714,28,1,19.0,0.3902495611877639,12,391.0,0.1464623775983299,1,2.0,0.0012849172014096
1624.0,21,205.0,2.9285714285714284,6.8912484086387416,70,1181.0,16.87142857142857,0.0,0.0,18,531.0,119.0,2.6022986937505164,17.7,17.7,30,2,23.0,0.4456804061836776,15,498.0,0.10823526387773,1,10.0,0.4852524730362487
1632.0,14,141.0,2.0434782608695654,6.9590756803880325,69,1210.0,17.536231884057973,29.0,0.4202898550724637,10,374.0,0.0,3.091187716350523,16.26086956521739,16.26086956521739,23,2,10.0,0.5011783489005138,6,345.0,0.1125169012446501,2,19.0,7.406023294602935e-06
1640.0,12,116.0,1.7846153846153847,7.853395036064055,65,1174.0,18.06153846153846,0.0,0.0,11,273.0,0.0,3.645027723468817,11.869565217391305,11.869565217391305,23,4,48.0,0.1355458925961934,5,191.0,0.3718438578310828,2,34.0,0.2571554923372218
1648.0,20,142.0,2.0285714285714285,6.206541985675101,70,1214.0,17.34285714285714,40.0,0.5714285714285714,12,216.0,0.0,2.85538284404666,8.0,8.0,27,3,54.0,0.2494751587020438,7,109.0,0.1221707435599296,2,53.0,0.525133414467949
1656.0,16,118.0,1.6164383561643836,6.642595068103438,73,1270.0,17.397260273972602,56.0,0.7671232876712328,4,178.0,0.0,4.415321534848735,8.9,8.9,20,1,11.0,0.6314528209763214,2,167.0,0.1866246790585518,1,0.0,0.7688964291049385
1664.0,20,180.0,2.535211267605634,6.200131724335525,71,1278.0,18.0,8.0,0.1126760563380281,13,251.0,73.0,3.097635596598633,8.964285714285714,8.964285714285714,28,4,29.0,0.1426847917037648,8,211.0,0.1064732014792485,1,11.0,0.6836471994832041
1672.0,30,323.0,4.549295774647887,4.93403119812481,71,1293.0,18.211267605633804,15.0,0.2112676056338028,24,369.0,118.0,2.2126008849619567,10.542857142857144,10.542857142857144,35,6,40.0,0.3147169606529101,15,315.0,0.0660544765027034,3,14.0,0.1829041197431956
1680.0,13,162.0,2.189189189189189,6.67238859653075,74,1342.0,18.135135135135137,49.0,0.6621621621621622,9,379.0,10.0,4.507314807649184,12.633333333333333,12.633333333333333,30,2,53.0,0.4583275033568732,5,316.0,0.1922883197605926,2,10.0,0.3981871453537892
1688.0,15,173.0,2.3698630136986303,8.422486960966095,73,1323.0,18.12328767123288,0.0,0.0,13,511.0,132.0,3.965103304964233,19.653846153846157,19.653846153846157,26,3,158.0,0.3789796059221618,8,327.0,0.2380356558214678,2,26.0,0.4489716294270495
1696.0,20,225.0,3.2142857142857144,6.623225373512122,70,1179.0,16.84285714285714,0.0,0.0,16,672.0,161.0,2.52693600845192,23.17241379310345,23.17241379310345,29,5,161.0,0.1709769475356788,9,469.0,0.2393547148161915,2,42.0,0.0
1704.0,17,242.0,3.408450704225352,6.414195941809235,71,1213.0,17.08450704225352,34.0,0.4788732394366197,12,562.0,0.0,3.7705192678603994,18.73333333333333,18.73333333333333,30,6,184.0,0.1388794941105465,6,374.0,0.1493616305394001,0,4.0,0.740068696263247
1712.0,14,238.0,3.051282051282051,7.369609584226227,78,1255.0,16.08974358974359,42.0,0.5384615384615384,9,396.0,0.0,3.927108119709944,15.23076923076923,15.23076923076923,26,1,29.0,0.3865735591795698,5,358.0,0.2519234446313114,3,9.0,0.2450236567938188
1720.0,9,236.0,2.9873417721518987,9.250264051695437,79,1295.0,16.39240506329114,40.0,0.5063291139240507,5,256.0,0.0,4.720635580376695,19.692307692307693,19.692307692307693,13,1,5.0,0.3178024094149437,4,251.0,0.3918407793809792,0,0.0,1.0
1728.0,15,294.0,4.323529411764706,7.677668908995638,68,1055.0,15.514705882352942,0.0,0.0,11,331.0,75.0,4.266615179067572,15.045454545454543,15.045454545454543,22,4,32.0,0.2659362826892592,7,295.0,0.2435113025559322,0,4.0,0.772462648003244
1736.0,8,301.0,4.630769230769231,7.619452697251086,65,924.0,14.215384615384616,0.0,0.0,7,445.0,114.0,4.427013840829769,21.19047619047619,21.19047619047619,21,2,55.0,0.5142936298564044,5,390.0,0.1453599297139823,0,0.0,0.6052739945429523
1744.0,4,12.0,0.1904761904761904,8.899670470680658,63,841.0,13.34920634920635,0.0,0.0,2,128.0,0.0,5.879239738368087,8.0,8.0,16,1,47.0,0.5752425603974791,1,81.0,0.3175712392206869,0,0.0,0.6727630380957946
1752.0,8,54.0,0.9818181818181818,8.339286617255844,55,598.0,10.872727272727271,0.0,0.0,4,96.0,0.0,4.684297584436113,7.384615384615385,7.384615384615385,13,3,23.0,0.1755448691864867,1,73.0,0.3193628690401684,0,0.0,0.8034059788704478
1760.0,10,80.0,1.4285714285714286,7.837069414632714,56,563.0,10.053571428571429,0.0,0.0,7,115.0,19.0,2.6262434363967544,9.583333333333334,9.583333333333334,12,4,45.0,0.1971435174813296,2,66.0,0.3054456771330605,1,4.0,0.1563763997886075
1768.0,6,44.0,0.8627450980392157,8.088044651714863,51,495.0,9.705882352941176,0.0,0.0,5,53.0,0.0,6.529856830233314,3.117647058823529,3.117647058823529,17,4,47.0,0.396698113052072,1,5.0,0.5665580163867964,0,1.0,0.7929789273949592
1776.0,7,73.0,1.351851851851852,8.26581756639014,54,445.0,8.24074074074074,0.0,0.0,6,84.0,31.0,4.598045776284346,4.2,4.2,20,4,69.0,0.26512715128586,1,11.0,0.4408852106833366,1,4.0,0.581730502362124
1784.0,5,28.0,0.5283018867924528,8.486321658045089,53,449.0,8.471698113207546,4.0,0.0754716981132075,3,45.0,0.0,7.048911312845426,2.3684210526315788,2.3684210526315788,19,1,22.0,0.5105174770546193,1,22.0,0.6378890364696793,1,1.0,0.7085166593676588
1792.0,9,42.0,0.8076923076923077,7.996367404111652,52,254.0,4.884615384615385,0.0,0.0,7,63.0,18.0,4.761844079673105,3.3157894736842106,3.3157894736842106,19,3,18.0,5.0961727371955536e-05,1,15.0,0.4650379835245817,3,30.0,0.5183475643209797
1800.0,8,77.0,1.375,8.250304608176728,56,310.0,5.535714285714286,56.0,1.0,7,70.0,7.0,4.5094527158460105,3.5,3.5,20,0,0.0,1.0,5,44.0,0.3012928824646604,2,26.0,0.5545185121446112
1808.0,9,73.0,1.1967213114754098,7.965918490878404,61,326.0,5.344262295081967,16.0,0.2622950819672131,8,112.0,42.0,4.023226757592307,5.6,5.6,20,0,0.0,1.0,4,64.0,0.3486368847985039,4,48.0,0.2919737049994223
1816.0,16,110.0,1.6666666666666667,7.802996184365932,66,414.0,6.2727272727272725,88.0,1.3333333333333333,10,106.0,0.0,5.206725508057645,4.818181818181818,4.818181818181818,22,2,4.0,0.5261503467740514,5,71.0,0.3467450718477907,3,31.0,0.3996959656743424
1824.0,13,72.0,1.0434782608695652,8.474177165192852,69,497.0,7.202898550724638,83.0,1.2028985507246377,7,70.0,0.0,4.426120335429068,4.375,4.375,16,1,9.0,0.4607408878436593,4,43.0,0.3291780116539399,2,18.0,0.3268819605755736
1832.0,19,147.0,1.9864864864864864,7.222057120021871,74,588.0,7.945945945945946,91.0,1.2297297297297298,15,157.0,87.0,4.300019432144532,6.28,6.28,25,3,37.0,0.4784411966637217,7,77.0,0.3093877372537805,5,43.0,0.2540692353549143
1840.0,22,193.0,2.608108108108108,6.340690825805085,74,657.0,8.878378378378379,69.0,0.9324324324324323,15,200.0,43.0,2.7802258894793925,7.6923076923076925,7.6923076923076925,26,2,19.0,0.4148415336181358,11,133.0,0.1280913550359382,2,48.0,0.0761150736069342
1848.0,22,303.0,4.04,5.872835740955436,75,821.0,10.946666666666667,164.0,2.1866666666666665,19,375.0,175.0,2.558842291454676,12.93103448275862,12.93103448275862,29,4,46.0,0.2472645833159811,13,264.0,0.1352876452167762,2,65.0,0.3240631459347988
1856.0,15,45.0,0.569620253164557,6.384381432506213,79,882.0,11.164556962025316,61.0,0.7721518987341772,7,182.0,0.0,3.699952220858793,6.7407407407407405,6.7407407407407405,27,3,16.0,0.2556483651404824,3,152.0,0.2434747104317703,1,14.0,0.4875520851318055
1864.0,9,48.0,0.6486486486486487,8.379326347766366,74,819.0,11.067567567567568,0.0,0.0,5,89.0,0.0,5.392761031890561,4.684210526315789,4.684210526315789,19,2,28.0,0.2390584360149897,3,61.0,0.4192750858606918,0,0.0,0.7056580297462108
1872.0,15,59.0,0.8676470588235294,7.849586594656811,68,734.0,10.794117647058824,0.0,0.0,8,134.0,45.0,5.229094385598288,7.052631578947368,7.052631578947368,19,4,54.0,0.3211248392407839,4,77.0,0.1960422582470541,0,3.0,0.9605324702184712
1880.0,19,156.0,2.2285714285714286,7.189189520273769,70,752.0,10.742857142857142,18.0,0.2571428571428571,13,206.0,72.0,4.52147532470892,7.103448275862069,7.103448275862069,29,4,60.0,0.226326739350351,8,141.0,0.2821886272320537,1,5.0,0.6555914737757836
1888.0,17,114.0,1.5833333333333333,6.511626610157325,72,784.0,10.88888888888889,32.0,0.4444444444444444,11,208.0,2.0,4.325071482896055,6.5,6.5,32,7,104.0,0.2070003904349548,1,90.0,0.3338169214289804,3,14.0,0.4289401611663515
1896.0,29,268.0,3.671232876712329,5.753414878385282,73,917.0,12.561643835616438,133.0,1.821917808219178,20,352.0,144.0,2.0924596098834893,10.352941176470589,10.352941176470589,34,10,180.0,0.1672801731254094,8,153.0,0.1793971487140038,2,19.0,0.0037831674654672
1904.0,21,147.0,2.130434782608696,5.445977577318666,69,1021.0,14.797101449275363,104.0,1.5072463768115942,17,354.0,2.0,2.464441152637324,11.0625,11.0625,32,3,102.0,0.1970799319592409,14,248.0,0.1063306782616873,0,4.0,0.9293977089985952
1912.0,23,279.0,4.043478260869565,5.525161909311234,69,992.0,14.376811594202898,0.0,0.0,21,466.0,112.0,2.2762286676343804,12.594594594594597,12.594594594594597,37,6,114.0,0.2022926775687264,15,348.0,0.0683532570762463,0,4.0,0.7116876576475216
1920.0,21,150.0,2.083333333333333,6.255013506171148,72,1032.0,14.333333333333334,40.0,0.5555555555555556,14,435.0,0.0,3.6208397329492112,12.794117647058824,12.794117647058824,34,10,149.0,0.1894345202281673,3,277.0,0.2539146472771773,1,9.0,0.4934888731200307
1928.0,19,187.0,2.75,7.409554975404139,68,1059.0,15.573529411764708,27.0,0.3970588235294117,14,314.0,0.0,3.0859807009826072,13.652173913043478,13.652173913043478,23,11,231.0,0.0784112565407372,0,57.0,0.5401898449979513,3,26.0,0.2559371794773457
1936.0,13,90.0,1.3235294117647058,7.791494701502802,68,1119.0,16.455882352941178,60.0,0.8823529411764706,5,228.0,0.0,5.434782149112348,13.411764705882351,13.411764705882351,17,3,175.0,0.1880153172196366,2,47.0,0.4906370748982512,0,6.0,0.9543768700194872
1944.0,10,92.0,1.3529411764705883,8.312414392458129,68,913.0,13.426470588235292,0.0,0.0,4,89.0,0.0,6.855031264999927,4.684210526315789,4.684210526315789,19,2,39.0,0.5272001263337974,2,46.0,0.3379449340138304,0,4.0,0.9436313841357964
1952.0,11,42.0,0.6268656716417911,7.682373922056135,67,752.0,11.223880597014926,0.0,0.0,9,147.0,58.0,4.981330818686959,5.068965517241379,5.068965517241379,29,3,30.0,0.2447950701118472,4,103.0,0.4045014562000182,2,14.0,0.3873432567623985
1960.0,12,74.0,1.1044776119402986,7.369814134392713,67,765.0,11.417910447761194,13.0,0.1940298507462686,9,170.0,23.0,3.807847953268928,6.8,6.8,25,3,43.0,0.1806916868928505,2,101.0,0.3735072069880353,4,26.0,0.1983820553205015
1968.0,13,64.0,0.9142857142857144,7.640881462809122,70,747.0,10.67142857142857,0.0,0.0,10,233.0,63.0,4.665854514387168,8.961538461538462,8.961538461538462,26,4,46.0,0.3854697063414726,6,187.0,0.3349090942188565,0,0.0,1.0
1976.0,19,106.0,1.582089552238806,6.592605491645696,67,634.0,9.462686567164178,0.0,0.0,17,295.0,62.0,3.2120454053310628,10.925925925925926,10.925925925925926,27,2,35.0,0.4479408173338156,15,257.0,0.0589152325454149,0,3.0,0.949215532134086
1984.0,23,268.0,4.0606060606060606,6.935248787516815,66,688.0,10.424242424242424,54.0,0.8181818181818182,19,440.0,145.0,3.0579516703733858,15.172413793103448,15.172413793103448,29,4,61.0,0.3230528802883335,15,373.0,0.1070419489685039,0,6.0,0.7648033234696358
1992.0,26,454.0,6.984615384615385,6.147411058894567,65,810.0,12.461538461538462,122.0,1.876923076923077,21,580.0,140.0,1.5495067978305868,20.0,20.0,29,6,85.0,0.0205637131331382,15,495.0,0.0674866851353076,0,0.0,0.8581359062524259
2000.0,28,604.0,10.23728813559322,5.114409350498171,59,938.0,15.898305084745765,128.0,2.169491525423729,25,790.0,210.0,1.0435019279927678,26.33333333333333,26.33333333333333,30,7,160.0,0.2179716176505792,18,630.0,0.0003021767255051,0,0.0,0.2855546580069288
2008.0,22,597.0,9.629032258064516,5.417632647520854,62,1128.0,18.193548387096776,190.0,3.064516129032258,19,811.0,21.0,1.703515379169083,28.964285714285715,28.964285714285715,28,2,54.0,0.2332389141898423,17,757.0,0.0890106062061927,0,0.0,0.871514504933428
2016.0,11,171.0,2.80327868852459,7.021162016494484,61,1178.0,19.311475409836067,50.0,0.819672131147541,11,605.0,0.0,2.735921003153541,25.20833333333333,25.20833333333333,24,5,52.0,0.270268846905515,5,553.0,0.1859756396051776,1,0.0,0.0
2024.0,6,56.0,0.918032786885246,9.127221859858976,61,1182.0,19.37704918032787,4.0,0.0655737704918032,6,172.0,0.0,4.682299256179131,9.052631578947368,9.052631578947368,19,5,72.0,0.1261281460850204,1,100.0,0.494408765241051,0,0.0,0.6284033852687528
2032.0,14,110.0,1.6666666666666667,7.734760281961703,66,1237.0,18.74242424242424,55.0,0.8333333333333334,11,209.0,37.0,4.068849329048021,8.038461538461538,8.038461538461538,26,6,99.0,0.1716609485582881,5,107.0,0.332519200255943,0,3.0,0.9155758240850088
2040.0,9,127.0,2.081967213114754,7.434021144486361,61,1065.0,17.459016393442624,0.0,0.0,8,199.0,0.0,4.557686440422258,7.96,7.96,25,5,122.0,0.0978159022439166,3,77.0,0.4496834321118058,0,0.0,0.9210210383052668
2048.0,7,23.0,0.396551724137931,8.166784466508869,58,915.0,15.775862068965518,0.0,0.0,4,32.0,0.0,3.2905946555542136,2.2857142857142856,2.2857142857142856,14,2,13.0,0.0676246854905902,2,19.0,0.2439230100560322,0,0.0,0.4142963074135125
2056.0,6,40.0,0.7142857142857143,8.872913545713788,56,736.0,13.142857142857142,0.0,0.0,6,65.0,33.0,4.940726369750517,5.0,5.0,13,3,32.0,0.227698664062594,3,33.0,0.3426079401146609,0,0.0,0.9937726189420892
2064.0,12,111.0,2.018181818181818,7.027100638566821,55,499.0,9.072727272727272,0.0,0.0,10,138.0,73.0,3.587348488590847,6.2727272727272725,6.2727272727272725,22,3,56.0,0.1378522162251427,7,78.0,0.24701319927613,0,4.0,0.6200421940131347
2072.0,6,45.0,0.9183673469387756,6.8236419872091005,49,462.0,9.428571428571429,0.0,0.0,4,83.0,0.0,5.132033279220642,4.611111111111111,4.611111111111111,18,2,37.0,0.4304880041358451,2,39.0,0.2373140550989899,0,7.0,0.5201703451658799
2080.0,12,63.0,1.3404255319148937,6.964026813447876,47,491.0,10.4468085106383,29.0,0.6170212765957447,11,134.0,51.0,2.215369480680444,8.375,8.375,16,6,80.0,0.2469241810847765,3,33.0,0.0002816996237836,2,21.0,0.0799288587340193
2088.0,15,128.0,2.6122448979591835,7.390492594464618,49,496.0,10.122448979591836,5.0,0.1020408163265306,9,155.0,21.0,4.257920292423942,9.6875,9.6875,16,5,95.0,0.3380329432826869,4,57.0,0.0,0,3.0,0.7915073562680687
2096.0,4,39.0,0.7358490566037735,7.689245117025623,53,544.0,10.264150943396226,48.0,0.9056603773584906,1,43.0,0.0,7.220292282894026,2.5294117647058822,2.5294117647058822,17,1,40.0,0.5412730908304451,0,3.0,0.740315177683183,0,0.0,0.7328393516490793
2104.0,8,40.0,0.7692307692307693,7.863567369857947,52,439.0,8.442307692307692,0.0,0.0,7,84.0,41.0,5.188256660733603,4.0,4.0,21,7,84.0,0.1050236552071449,0,0.0,0.948339945901678,0,0.0,0.6290604394572668
2112.0,10,26.0,0.4561403508771929,7.282759971436027,57,482.0,8.456140350877194,43.0,0.7543859649122807,7,86.0,2.0,4.139037988331933,4.526315789473684,4.526315789473684,19,2,67.0,0.2835133316846868,4,19.0,0.4372463596224926,1,0.0,0.3302666346090526
2120.0,13,45.0,0.7627118644067796,8.123276863460545,59,488.0,8.271186440677965,6.0,0.1016949152542373,10,79.0,0.0,5.493372810021755,3.761904761904762,3.761904761904762,21,7,49.0,0.0285350368691178,2,24.0,0.5673605155536848,1,6.0,0.7685471513073342
2128.0,14,118.0,1.9666666666666663,7.755778013804295,60,458.0,7.633333333333334,0.0,0.0,10,121.0,42.0,2.435111236909313,6.722222222222222,6.722222222222222,18,6,90.0,0.1654656421811638,3,20.0,0.1897577004581222,1,11.0,0.2926988067569894
2136.0,10,76.0,1.1692307692307693,7.871783665808565,65,554.0,8.523076923076923,96.0,1.476923076923077,8,97.0,0.0,5.73988828048938,4.217391304347826,4.217391304347826,23,1,9.0,0.5085588036260592,5,59.0,0.259864247053096,2,29.0,0.6446129603883001
2144.0,15,90.0,1.4516129032258065,6.255358413593165,62,542.0,8.741935483870968,0.0,0.0,12,154.0,57.0,3.0021589518524623,5.5,5.5,28,4,46.0,0.1480314701527142,7,104.0,0.2205503644562413,1,4.0,0.3819375641195033
2152.0,25,201.0,3.0923076923076924,5.7799678974527575,65,677.0,10.415384615384616,135.0,2.076923076923077,19,228.0,74.0,1.9174430406346623,8.76923076923077,8.76923076923077,26,2,9.0,0.4071058691737974,16,216.0,0.068817140790146,1,3.0,0.3906555345588337
2160.0,29,369.0,6.15,4.870386037769284,60,745.0,12.416666666666666,68.0,1.1333333333333333,26,420.0,192.0,0.2969620564682636,14.0,14.0,30,4,33.0,0.0945585757810022,21,376.0,0.0030948019210021,1,11.0,0.0880073521330619
2168.0,33,576.0,9.0,4.060853339728944,64,997.0,15.578125,252.0,3.9375,29,639.0,219.0,1.3012208970331791,17.27027027027027,17.27027027027027,37,4,55.0,0.1747966903925601,25,584.0,0.0386950577245693,0,0.0,0.875011015008585
2176.0,14,94.0,1.2876712328767124,6.0645957471745,73,1170.0,16.027397260273972,173.0,2.3698630136986303,11,471.0,0.0,3.0140143140272238,16.24137931034483,16.24137931034483,29,2,15.0,0.338540433646857,9,456.0,0.2041022204955216,0,0.0,1.0
2184.0,18,82.0,1.1388888888888888,6.247167330932719,72,1202.0,16.694444444444443,32.0,0.4444444444444444,15,566.0,95.0,1.4578711616585174,17.6875,17.6875,32,3,34.0,0.2483342893628806,12,532.0,0.0644892293046962,0,0.0,1.0
2192.0,20,136.0,2.0,5.319503468051784,68,1204.0,17.705882352941178,2.0,0.0294117647058823,15,493.0,0.0,2.054883546701708,15.903225806451612,15.903225806451612,31,6,77.0,0.1325941629430656,9,413.0,0.1167872333084352,0,3.0,0.9541751803451716
2200.0,23,189.0,2.6619718309859155,4.895790117270463,71,1265.0,17.816901408450704,61.0,0.8591549295774648,17,582.0,89.0,1.611240339551114,17.636363636363637,17.636363636363637,33,6,125.0,0.1316923514623499,11,457.0,0.0840149520648444,0,0.0,0.9401365591219702
2208.0,39,444.0,6.166666666666667,4.341177755976002,72,1355.0,18.819444444444443,90.0,1.25,31,823.0,241.0,0.7442192865991967,23.51428571428572,23.51428571428572,35,7,176.0,8.80932358048582e-05,24,643.0,0.0297938505097281,0,4.0,0.831535439888115
2216.0,39,533.0,7.301369863013699,4.306734320018309,73,1557.0,21.328767123287676,202.0,2.767123287671233,35,1007.0,184.0,0.9900599892871522,25.175,25.175,40,7,155.0,0.2103964128513354,28,852.0,0.015125287008112,0,0.0,0.3244804096889694
2224.0,39,795.0,9.814814814814817,5.402674251168341,81,1822.0,22.493827160493822,265.0,3.271604938271605,37,1268.0,261.0,1.5458413766678454,28.818181818181817,28.818181818181817,44,7,177.0,0.2252769624743821,30,1091.0,0.0564317949867443,0,0.0,0.8332770832837944
2232.0,21,336.0,4.097560975609756,5.602431499166008,82,1933.0,23.57317073170732,111.0,1.353658536585366,17,974.0,0.0,2.8109254679207205,23.19047619047619,23.19047619047619,42,6,158.0,0.2703971729586592,11,816.0,0.1204373886414972,0,0.0,0.7476195929733749
2240.0,23,215.0,2.415730337078652,7.071942899447866,89,2058.0,23.123595505617978,125.0,1.404494382022472,16,700.0,0.0,2.597428283338731,21.875,21.875,32,7,156.0,0.0011743471176311,9,544.0,0.1820327088340662,0,0.0,0.7278268072244839
2248.0,23,368.0,4.2298850574712645,7.38015088530474,87,2153.0,24.74712643678161,95.0,1.091954022988506,17,673.0,0.0,3.2476621726777264,19.228571428571428,19.228571428571428,35,8,223.0,0.1986256036555226,9,447.0,0.1547452312715113,0,3.0,0.7288259849817851
2256.0,22,194.0,2.3373493975903616,6.989764594962879,83,2001.0,24.10843373493976,0.0,0.0,11,421.0,0.0,3.402745270091424,15.592592592592592,15.592592592592592,27,3,82.0,0.4266851315081821,6,329.0,0.108635194039416,2,10.0,0.3191190100182564
2264.0,22,242.0,2.9876543209876543,6.125770173150047,81,1937.0,23.91358024691358,0.0,0.0,12,299.0,0.0,3.2513405565757867,9.966666666666669,9.966666666666669,30,4,37.0,0.3358323877539241,5,234.0,0.1260293127415628,3,28.0,0.3021215590346082
2272.0,37,354.0,4.783783783783784,4.588831163184919,74,1639.0,22.14864864864865,0.0,0.0,28,486.0,187.0,1.702775404775425,13.135135135135137,13.135135135135137,37,10,91.0,0.1294952389156492,13,334.0,0.1301333012993816,5,61.0,0.1454863719167213
2280.0,33,470.0,5.949367088607595,4.482078138194282,79,1827.0,23.126582278481013,188.0,2.3797468354430378,26,668.0,182.0,2.14544922171737,15.904761904761903,15.904761904761903,42,6,92.0,0.0875017125226236,16,497.0,0.1577268538259842,4,79.0,0.3080470834051015
2288.0,30,502.0,6.876712328767123,5.379119032259769,73,1789.0,24.506849315068493,0.0,0.0,25,725.0,57.0,2.7261408385367965,19.594594594594597,19.594594594594597,37,3,87.0,0.4644013978719085,20,604.0,0.054967822181005,2,34.0,0.43986192780963
2296.0,30,603.0,9.0,5.354440535512929,67,1663.0,24.82089552238806,0.0,0.0,29,941.0,216.0,0.7941701371462303,26.88571428571429,26.88571428571429,35,5,130.0,0.1719377863789761,22,776.0,0.0096619336428183,2,35.0,0.1403536904737111
2304.0,19,319.0,4.7611940298507465,6.518687676791058,67,1731.0,25.83582089552239,68.0,1.0149253731343284,17,840.0,0.0,2.7498239616728943,26.25,26.25,32,6,216.0,0.2116386076763675,8,563.0,0.1950152797531662,3,61.0,0.3725885139832877
2312.0,16,115.0,1.8548387096774197,6.3950832351095865,62,1600.0,25.806451612903224,0.0,0.0,15,872.0,32.0,1.9846159716334817,26.424242424242426,26.424242424242426,33,4,169.0,0.1528196347845007,8,621.0,0.2090967806261164,3,82.0,0.0
2320.0,29,302.0,4.950819672131147,5.134508626497442,61,1709.0,28.016393442622952,109.0,1.786885245901639,29,1039.0,167.0,1.942489628136553,26.64102564102564,26.64102564102564,39,7,176.0,0.1485973896779736,19,754.0,0.1273928616965704,3,109.0,0.4184172926143605
2328.0,26,313.0,4.6716417910447765,5.178935651286255,67,1824.0,27.22388059701493,115.0,1.7164179104477613,24,992.0,0.0,2.4208834517493014,24.8,24.8,40,1,40.0,0.3398782794932334,23,921.0,0.1179495962022541,0,31.0,0.6930688600557116
2336.0,32,536.0,7.243243243243243,5.386770645250723,74,2008.0,27.135135135135137,184.0,2.4864864864864864,30,1195.0,203.0,2.190921982829505,27.79069767441861,27.79069767441861,43,3,41.0,0.3932902112947199,25,1119.0,0.130707481505661,2,35.0,0.2327008934067642
2344.0,19,251.0,3.25974025974026,6.357006864984727,77,2027.0,26.32467532467533,19.0,0.2467532467532467,19,883.0,0.0,1.81363356303775,25.228571428571428,25.228571428571428,35,8,49.0,0.0575433767961056,11,829.0,0.1464403404668075,0,5.0,0.6073006275499774
2352.0,11,72.0,0.935064935064935,8.024912502466515,77,1985.0,25.77922077922078,0.0,0.0,8,587.0,0.0,3.318670647377321,22.57692307692308,22.57692307692308,26,4,53.0,0.135376397278975,3,530.0,0.2574898194015478,1,4.0,0.4651006519649506
2360.0,16,126.0,1.6578947368421053,6.564992509690216,76,1960.0,25.789473684210527,0.0,0.0,12,599.0,12.0,2.119421821380094,23.96,23.96,25,6,94.0,0.2775476278951873,6,505.0,0.0689362652625081,0,0.0,1.0
2368.0,10,50.0,0.6578947368421053,6.408924956856098,76,1753.0,23.06578947368421,0.0,0.0,5,342.0,0.0,4.850154468386556,12.214285714285714,12.214285714285714,28,1,27.0,0.516162389962736,4,311.0,0.218289687675208,0,4.0,0.7945703930177348
2376.0,22,83.0,1.064102564102564,5.510327955216365,78,1704.0,21.846153846153847,0.0,0.0,17,414.0,72.0,2.7430014554713686,10.894736842105264,10.894736842105264,38,8,59.0,0.1728404233218872,8,326.0,0.1790023693604992,1,29.0,0.5759168884690595
2384.0,15,127.0,1.6933333333333334,7.011354831685579,75,1535.0,20.466666666666665,0.0,0.0,12,313.0,0.0,4.291226554465251,9.78125,9.78125,32,8,100.0,0.1479085635313813,4,183.0,0.3678373453869215,0,30.0,0.9052560030563954
2392.0,19,212.0,2.7532467532467533,7.607585435551971,77,1377.0,17.883116883116884,0.0,0.0,13,299.0,0.0,3.68814187276238,10.678571428571429,10.678571428571429,28,10,180.0,0.0984132184789767,3,115.0,0.5076122274996022,0,4.0,0.9333395589828568
2400.0,10,40.0,0.5882352941176471,7.045647446728074,68,1187.0,17.455882352941178,0.0,0.0,8,265.0,0.0,4.50128878881792,9.137931034482758,9.137931034482758,29,3,121.0,0.309122301457413,5,140.0,0.3860696158952068,0,4.0,0.6711783990149032
2408.0,17,75.0,1.1538461538461535,6.333956409676881,65,885.0,13.615384615384617,0.0,0.0,14,192.0,0.0,2.022443661849062,7.111111111111111,7.111111111111111,27,9,117.0,0.0604443752738158,5,75.0,0.1768000685856691,0,0.0,0.9592587355658208
2416.0,11,92.0,1.4603174603174602,7.795989481124908,63,785.0,12.46031746031746,0.0,0.0,11,180.0,0.0,4.908325987191531,7.826086956521739,7.826086956521739,23,7,119.0,0.2106124125546261,4,61.0,0.4182490719018376,0,0.0,0.973330677633577
2424.0,15,185.0,2.9838709677419355,7.996285173601968,62,734.0,11.838709677419354,0.0,0.0,12,243.0,63.0,2.963824526325429,13.5,13.5,18,9,183.0,0.2185825437072383,3,57.0,0.0081621888596742,0,3.0,0.7700695758092078
2432.0,9,118.0,1.84375,8.668169533057515,64,755.0,11.796875,21.0,0.328125,7,156.0,0.0,4.318906118236312,8.666666666666666,8.666666666666666,18,3,58.0,0.212342362770155,4,98.0,0.3615186754827108,0,0.0,0.9317223129847412
2440.0,12,156.0,2.6440677966101696,7.365265087211126,59,508.0,8.610169491525424,0.0,0.0,12,220.0,64.0,4.428066250793644,9.565217391304348,9.565217391304348,23,5,71.0,0.1513178468911216,7,149.0,0.2899803343447412,0,0.0,0.7529594573210984
2448.0,15,101.0,1.578125,6.694572822825295,64,563.0,8.796875,55.0,0.859375,12,270.0,50.0,4.02977604149726,9.0,9.0,30,4,99.0,0.1809738704439584,6,168.0,0.30347461990607,2,3.0,0.4442768854983779
2456.0,11,115.0,1.7692307692307692,7.203000717999971,65,605.0,9.307692307692308,42.0,0.6461538461538462,8,265.0,0.0,3.657699937286112,12.045454545454543,12.045454545454543,22,4,131.0,0.1824955861647149,3,123.0,0.2854779519391786,1,11.0,0.4140956852309479
2464.0,20,243.0,3.9836065573770494,6.488560897942734,61,656.0,10.754098360655735,51.0,0.8360655737704918,15,329.0,64.0,0.6905422037589034,18.27777777777778,18.27777777777778,18,8,180.0,0.0197566802291502,6,132.0,0.1263681002040605,1,17.0,0.0
2472.0,17,202.0,3.4827586206896552,6.963561679644616,58,715.0,12.327586206896552,59.0,1.0172413793103448,11,287.0,0.0,4.230481081368827,14.35,14.35,20,3,79.0,0.4257464883872195,7,179.0,1.8343321635961426e-05,1,29.0,0.6495262291906174
2480.0,10,147.0,2.261538461538461,7.670488875300335,65,752.0,11.569230769230767,37.0,0.5692307692307692,9,268.0,0.0,5.139446134263899,11.166666666666666,11.166666666666666,24,4,56.0,0.3542816859009435,4,179.0,0.3148391589823694,1,33.0,0.7500342217509911
2488.0,10,206.0,3.2698412698412698,8.098483319380227,63,790.0,12.53968253968254,38.0,0.6031746031746031,9,318.0,50.0,4.246697889824718,15.142857142857142,15.142857142857142,21,4,59.0,0.2057269096466834,4,212.0,0.4426942593994791,1,47.0,0.4583440928145001
2496.0,13,195.0,3.25,7.333925896613967,60,867.0,14.45,77.0,1.2833333333333334,12,283.0,0.0,2.308233670989159,15.72222222222222,15.72222222222222,18,3,18.0,0.0034348371925373,8,262.0,0.1682675191951943,1,3.0,0.5368985265887839
2504.0,9,50.0,0.8771929824561403,7.426010811086857,57,722.0,12.666666666666666,0.0,0.0,6,128.0,0.0,3.560383796512604,6.7368421052631575,6.7368421052631575,19,2,26.0,0.3427401319611624,2,93.0,0.2267469379921028,2,9.0,0.3319245247940542
2512.0,9,29.0,0.5087719298245614,8.216289968692054,57,710.0,12.456140350877194,0.0,0.0,5,100.0,0.0,4.205323158289088,7.6923076923076925,7.6923076923076925,13,1,1.0,0.0056835224967294,3,86.0,0.3222902027700811,1,13.0,0.4590012085166807
2520.0,5,35.0,0.5737704918032787,8.93120828720622,61,658.0,10.78688524590164,0.0,0.0,5,77.0,0.0,4.482840873458379,5.5,5.5,14,2,10.0,0.0004157962013417,2,46.0,0.4671948725954902,1,21.0,0.5255374277791036
2528.0,13,109.0,1.8166666666666669,7.9712512311257475,60,630.0,10.5,0.0,0.0,11,147.0,70.0,4.373112255536013,7.0,7.0,21,3,34.0,0.3794336758684146,6,79.0,0.3529450532610446,2,34.0,0.4560120951908166
2536.0,11,102.0,1.6451612903225807,7.076863120984823,62,655.0,10.564516129032258,25.0,0.4032258064516129,6,115.0,0.0,5.010790321471694,5.476190476190476,5.476190476190476,21,2,23.0,0.4139138866103644,1,35.0,0.2785550169180987,3,57.0,0.4084694724968928
2544.0,15,113.0,1.6865671641791045,6.68367365859661,67,576.0,8.597014925373134,0.0,0.0,13,165.0,50.0,3.917766675251269,6.111111111111111,6.111111111111111,27,2,23.0,0.3842600102525347,5,49.0,0.2846498663732068,6,93.0,0.2701058883966002
2552.0,19,205.0,2.808219178082192,6.396473561959962,73,658.0,9.013698630136986,82.0,1.1232876712328768,16,254.0,89.0,2.665694082929336,9.071428571428571,9.071428571428571,28,6,53.0,0.1902977463662227,6,82.0,0.1765974033524546,4,119.0,0.2898114207016769
2560.0,25,357.0,5.25,6.245559965959256,68,645.0,9.485294117647058,0.0,0.0,19,362.0,108.0,3.705580193351729,11.67741935483871,11.67741935483871,31,4,52.0,0.302426439570242,10,150.0,0.2715532368874526,5,160.0,0.3189819526303051
2568.0,13,289.0,4.378787878787879,6.694628194308546,66,723.0,10.954545454545457,78.0,1.181818181818182,11,335.0,0.0,3.498627037167767,12.884615384615383,12.884615384615383,26,4,72.0,0.0099452555394748,0,55.0,0.5039871639492739,7,208.0,0.1139352339592659
2576.0,16,80.0,1.1764705882352942,7.224768712230352,68,804.0,11.823529411764708,81.0,1.1911764705882353,11,204.0,0.0,1.9798022967997448,12.0,12.0,17,2,28.0,0.2634380202671044,5,38.0,0.162577951680403,4,138.0,0.1382740694369296
2584.0,14,48.0,0.6956521739130435,8.414227036234081,69,803.0,11.63768115942029,0.0,0.0,9,181.0,0.0,4.719411798911815,10.647058823529411,10.647058823529411,17,4,21.0,0.3578052327058735,2,37.0,0.5232655882521113,3,123.0,0.1993312623368819
2592.0,19,151.0,2.188405797101449,7.297509924932285,69,875.0,12.681159420289855,72.0,1.0434782608695652,9,164.0,0.0,5.41656896915682,7.454545454545454,7.454545454545454,22,6,68.0,0.4185731174064723,2,47.0,0.3314514523715999,1,49.0,0.4481929837132234
2600.0,25,209.0,3.028985507246377,6.197114754960283,69,978.0,14.173913043478262,103.0,1.4927536231884058,14,189.0,25.0,4.456394014865599,7.269230769230769,7.269230769230769,26,10,70.0,0.1410938146055835,2,61.0,0.4723116278137926,2,58.0,0.6398369130943146
2608.0,14,87.0,1.3384615384615384,6.894021609300647,65,982.0,15.107692307692307,4.0,0.0615384615384615,8,260.0,71.0,4.328403049440855,11.818181818181818,11.818181818181818,22,3,93.0,0.2157531127593682,3,78.0,0.4191285773420666,2,89.0,0.465114711846273
2616.0,16,169.0,2.725806451612903,7.2265436277655715,62,1023.0,16.5,41.0,0.6612903225806451,9,324.0,64.0,4.031772948393653,15.428571428571429,15.428571428571429,21,6,122.0,0.0481439991254604,1,103.0,0.5489234041448622,2,99.0,0.5186517454807499
2624.0,15,248.0,3.757575757575758,7.496610158710276,66,967.0,14.651515151515152,0.0,0.0,5,283.0,0.0,4.89196877769351,15.72222222222222,15.72222222222222,18,2,120.0,0.2521320895596701,1,58.0,0.5374035091481671,2,105.0,0.4862563051037073
2632.0,14,167.0,2.737704918032787,7.425611401069708,61,969.0,15.885245901639344,2.0,0.0327868852459016,8,189.0,0.0,5.029234964326293,9.45,9.45,20,5,120.0,0.2105219764658037,1,57.0,0.7187176826246342,2,12.0,0.451453688588149
2640.0,9,51.0,0.8225806451612904,8.16001223513069,62,960.0,15.483870967741936,0.0,0.0,7,105.0,0.0,5.166104048060446,5.833333333333333,5.833333333333333,18,5,99.0,0.2525350326913925,2,6.0,0.5615556911711974,0,0.0,0.7003865957629798
2648.0,12,72.0,1.180327868852459,7.500731663729645,61,889.0,14.57377049180328,0.0,0.0,7,98.0,0.0,5.371299566298352,4.666666666666667,4.666666666666667,21,3,76.0,0.2555780343149983,2,18.0,0.4748055007782005,2,4.0,0.5390124945811056
2656.0,8,36.0,0.5625,7.788471120649733,64,906.0,14.15625,17.0,0.265625,5,96.0,0.0,4.569418598478176,5.647058823529412,5.647058823529412,17,3,46.0,0.0817648035562714,1,50.0,0.406444913196785,1,0.0,0.5255801366597661
2664.0,14,88.0,1.4666666666666666,7.4740038645343425,60,750.0,12.5,0.0,0.0,12,150.0,54.0,3.470443020059707,7.5,7.5,20,4,80.0,0.3529825439685141,5,55.0,0.1767361597004756,3,15.0,0.2332273736081888
2672.0,21,188.0,3.418181818181818,6.321403929964,55,764.0,13.89090909090909,14.0,0.2545454545454545,16,213.0,63.0,2.693204244388213,9.26086956521739,9.26086956521739,23,4,73.0,0.2646280989067955,7,96.0,0.0994121958412781,5,44.0,0.1560719233686005
2680.0,3,11.0,0.22,8.976706355594693,50,685.0,13.7,0.0,0.0,1,51.0,0.0,6.522174737307197,6.375,6.375,8,1,35.0,0.3873317656730931,0,16.0,0.4906619029579738,0,0.0,0.9303565098020702
2688.0,7,39.0,0.6964285714285714,8.82887138518123,56,672.0,12.0,0.0,0.0,2,46.0,0.0,7.891528857979815,5.111111111111111,5.111111111111111,9,2,38.0,0.3312285435232273,0,8.0,0.9080596643408876,0,0.0,0.9264687557979974
2696.0,11,87.0,1.5263157894736843,8.427210561799942,57,656.0,11.508771929824562,0.0,0.0,6,84.0,38.0,4.661188525557092,7.0,7.0,12,2,54.0,0.3087308749606958,3,20.0,0.0,1,10.0,0.5867157555777038
2704.0,11,91.0,1.421875,8.244079961614602,64,593.0,9.265625,0.0,0.0,5,65.0,0.0,5.689250731905545,4.0625,4.0625,16,1,6.0,0.212447385672123,3,47.0,0.5187289700483962,1,12.0,0.6412762154304775
2712.0,11,99.0,1.596774193548387,8.286192527859658,62,466.0,7.516129032258065,0.0,0.0,10,144.0,79.0,5.040563208891546,5.538461538461538,5.538461538461538,26,5,68.0,0.274411096180309,4,56.0,0.4423199669641495,1,20.0,0.3790331568742199
2720.0,5,43.0,0.6935483870967742,8.33040634263922,62,423.0,6.82258064516129,0.0,0.0,4,91.0,0.0,5.832738187438606,3.9565217391304346,3.9565217391304346,23,2,18.0,0.397476048748852,1,45.0,0.44819926564685,1,28.0,0.5403458819243545
2728.0,15,58.0,1.0175438596491229,6.478049596905579,57,396.0,6.947368421052632,0.0,0.0,13,110.0,19.0,2.7162697614859237,4.583333333333333,4.583333333333333,24,7,43.0,0.0720775411352129,6,67.0,0.2351687293339704,0,0.0,0.96508527364434
2736.0,16,101.0,1.9803921568627447,6.234124873177364,51,411.0,8.058823529411764,15.0,0.2941176470588235,11,178.0,68.0,3.520186749456554,7.416666666666667,7.416666666666667,24,5,60.0,0.2743390279174872,6,111.0,0.041475923374495,0,7.0,0.7511803223416312
2744.0,12,70.0,1.1666666666666667,6.004271838448819,60,529.0,8.816666666666666,118.0,1.9666666666666663,9,141.0,0.0,3.2938309772174885,5.423076923076923,5.423076923076923,26,7,83.0,0.1321206510145156,1,53.0,0.3796864727868603,1,5.0,0.1997754756756059
2752.0,23,139.0,2.2419354838709675,6.064896699815702,62,628.0,10.129032258064516,99.0,1.596774193548387,16,222.0,81.0,3.6557809014844014,7.4,7.4,30,5,98.0,0.2676404725420957,9,103.0,0.288231229040185,2,21.0,0.4349391339781768
2760.0,21,246.0,3.84375,5.860709140573971,64,778.0,12.15625,150.0,2.34375,18,330.0,108.0,3.101430559016349,10.64516129032258,10.64516129032258,31,3,102.0,0.2859381625876846,13,187.0,0.187169012333361,2,41.0,0.3694977214277887
2768.0,21,246.0,3.84375,6.098773362169007,64,891.0,13.921875,113.0,1.765625,19,362.0,32.0,1.3037500557900172,13.923076923076923,13.923076923076923,26,3,56.0,0.1385987866499328,16,306.0,0.0653214577855181,0,0.0,0.9994434956357624
2776.0,7,45.0,0.75,7.67925169720128,60,860.0,14.333333333333334,0.0,0.0,6,257.0,0.0,4.747680789301774,11.681818181818182,11.681818181818182,22,3,64.0,0.3733828084136478,3,193.0,0.3087903231856789,0,0.0,0.9305097134075548
2784.0,10,78.0,1.3,8.963847609643231,60,828.0,13.8,0.0,0.0,8,98.0,0.0,4.058766205167914,6.533333333333333,6.533333333333333,15,4,67.0,0.1640692148548426,4,31.0,0.3777996971100603,0,0.0,1.0
2792.0,11,43.0,0.671875,7.38116135212393,64,839.0,13.109375,11.0,0.171875,7,56.0,0.0,3.88500209935223,2.8,2.8,20,4,37.0,0.2363988994844155,3,16.0,0.3602727779936604,0,3.0,0.5140647722120502
2800.0,10,60.0,0.9523809523809524,7.465288198184336,63,838.0,13.301587301587302,0.0,0.0,9,85.0,29.0,5.284949309105687,3.4,3.4,25,3,26.0,0.1865585678164563,6,59.0,0.316377419828868,0,0.0,0.8901325360736614
2808.0,7,50.0,0.8333333333333334,8.1012773486886,60,793.0,13.216666666666669,0.0,0.0,6,130.0,45.0,5.4268757918310415,6.190476190476191,6.190476190476191,21,3,52.0,0.3669408807725292,3,75.0,0.280360598236326,0,3.0,0.860665414585036
2816.0,14,91.0,1.75,6.7118633811234485,52,601.0,11.557692307692308,0.0,0.0,10,174.0,44.0,3.980511763419973,7.909090909090909,7.909090909090909,22,4,82.0,0.2840321203747207,4,82.0,0.2584564253185423,2,10.0,0.3454974338795346
2824.0,17,176.0,3.74468085106383,6.027626272209856,47,589.0,12.53191489361702,0.0,0.0,15,277.0,103.0,3.604765920506585,11.08,11.08,25,5,113.0,0.1823919213333319,8,141.0,0.1944769760505752,2,23.0,0.5617598603036097
2832.0,17,227.0,4.54,5.214663829381982,50,681.0,13.62,92.0,1.84,12,291.0,14.0,1.6969420542599791,13.227272727272728,13.227272727272728,22,8,163.0,0.0004619410243772,2,94.0,0.2023865874286056,2,34.0,0.2276894886521536
2840.0,20,312.0,5.777777777777778,5.7056577992102,54,794.0,14.703703703703704,113.0,2.092592592592593,17,368.0,77.0,1.7526115287423871,16.0,16.0,23,8,230.0,0.1094034935844409,7,127.0,0.205981292487596,2,11.0,0.1209584206439276
2848.0,7,90.0,1.5517241379310345,7.279888012025408,58,793.0,13.672413793103448,0.0,0.0,6,165.0,0.0,4.790173367834074,7.173913043478261,7.173913043478261,23,3,65.0,0.2455190901701247,2,88.0,0.4083013904232662,1,12.0,0.5442009880703605
2856.0,10,40.0,0.7272727272727273,7.911234806341617,55,693.0,12.6,0.0,0.0,10,134.0,0.0,3.086533383660624,7.052631578947368,7.052631578947368,19,4,78.0,0.360679542603239,5,52.0,0.2636919283904924,1,4.0,0.1106426543229826
2864.0,11,76.0,1.4901960784313726,8.003607155114066,51,554.0,10.862745098039216,0.0,0.0,11,161.0,27.0,4.105711596445472,7.666666666666667,7.666666666666667,21,7,122.0,0.1828747253491148,4,39.0,0.3374148171812988,0,0.0,0.9565463710872576
2872.0,15,155.0,2.8703703703703702,7.031956918249266,54,624.0,11.555555555555555,70.0,1.2962962962962965,14,231.0,70.0,3.936416582634304,10.043478260869565,10.043478260869565,23,8,184.0,0.0100751954309365,4,36.0,0.4796490196404074,2,11.0,0.4792103951615313
2880.0,24,303.0,5.410714285714286,5.483064807443212,56,636.0,11.357142857142858,12.0,0.2142857142857142,20,375.0,144.0,2.508738288047366,12.5,12.5,30,9,255.0,0.0,9,86.0,0.1870092104523606,2,34.0,0.3793882962768337
2888.0,20,370.0,6.065573770491803,5.5596326076554,61,761.0,12.475409836065571,125.0,2.0491803278688523,14,424.0,49.0,3.475587667804894,14.620689655172416,14.620689655172416,29,9,327.0,0.0960297229366081,1,29.0,0.4545101810749595,4,68.0,0.2707537241836395
2896.0,20,428.0,7.254237288135593,7.17028809544514,59,872.0,14.779661016949152,111.0,1.88135593220339,13,406.0,0.0,3.280651682860038,21.36842105263158,21.36842105263158,19,8,366.0,0.1272620557117517,4,36.0,0.3663513352750892,1,4.0,0.2379587490017772
2904.0,20,537.0,8.95,6.8309401094824045,60,951.0,15.85,79.0,1.3166666666666669,11,467.0,61.0,2.396372279357157,25.944444444444443,25.944444444444443,18,10,439.0,0.0365474235620267,0,16.0,0.2694617256877341,1,12.0,0.5229158621057547
2912.0,17,159.0,2.484375,6.057654029432337,64,1003.0,15.671875,52.0,0.8125,9,150.0,0.0,4.532863746539369,6.521739130434782,6.521739130434782,23,5,125.0,0.3028212970021129,1,5.0,0.1196026065509963,3,20.0,0.4211639907398236
2920.0,11,70.0,1.044776119402985,7.63066227431239,67,1049.0,15.656716417910449,46.0,0.6865671641791045,5,200.0,50.0,5.673284545440912,11.764705882352942,11.764705882352942,17,4,172.0,0.2653092377618869,0,3.0,0.8337380513115192,1,25.0,0.6555653769545736
2928.0,14,110.0,1.5942028985507246,7.709025673702941,69,1075.0,15.579710144927535,26.0,0.3768115942028985,10,203.0,3.0,3.450792797637317,9.227272727272728,9.227272727272728,22,8,188.0,0.1554300945113923,0,8.0,0.7027308006417691,2,7.0,0.3377320627717549
2936.0,15,91.0,1.2816901408450705,7.255060501374168,71,1158.0,16.309859154929576,83.0,1.1690140845070425,6,273.0,70.0,5.117228939264551,12.409090909090908,12.409090909090908,22,6,264.0,0.1302930232717465,0,9.0,0.7889176118200756,0,0.0,0.8237919261653635
2944.0,19,140.0,2.028985507246377,6.9037383483034525,69,1115.0,16.159420289855074,0.0,0.0,13,363.0,90.0,3.7568093849964823,13.961538461538462,13.961538461538462,26,11,331.0,0.1360862011620044,0,31.0,0.6060614673319135,2,1.0,0.2395956525394308
2952.0,17,144.0,2.0,6.738745921286768,72,1177.0,16.34722222222222,62.0,0.8611111111111112,12,319.0,0.0,4.468165761407933,11.0,11.0,29,7,207.0,0.1479167949866357,3,93.0,0.3902403453034763,2,19.0,0.5758919724295275
2960.0,25,219.0,3.128571428571429,5.389250859903451,70,1189.0,16.985714285714284,12.0,0.1714285714285714,24,522.0,203.0,2.452556558486138,12.731707317073171,12.731707317073171,41,11,280.0,0.0568667953509848,10,168.0,0.2474212395408623,3,74.0,0.26632043222092
2968.0,31,329.0,4.506849315068493,4.843906743536416,73,1262.0,17.28767123287671,73.0,1.0,29,585.0,63.0,1.4993963206194951,13.604651162790695,13.604651162790695,43,4,145.0,0.1823298929786657,19,324.0,0.0840109843671145,6,116.0,0.1233490796674938
2976.0,12,169.0,2.315068493150685,7.271812106486986,73,1236.0,16.931506849315067,0.0,0.0,11,361.0,0.0,2.3905521993092025,13.884615384615383,13.884615384615383,26,5,75.0,0.062754035466503,4,223.0,0.2323411591066594,2,63.0,0.3261685662434589
2984.0,17,240.0,3.4285714285714284,6.326867331840946,70,1106.0,15.8,0.0,0.0,17,435.0,74.0,1.9866868228140395,12.083333333333334,12.083333333333334,36,8,123.0,0.1104800411999018,7,233.0,0.1678220948486622,2,79.0,0.2022718136087904
2992.0,13,270.0,4.029850746268656,6.657441329581882,67,1099.0,16.402985074626866,0.0,0.0,12,411.0,0.0,3.6177533895684446,12.84375,12.84375,32,3,119.0,0.2864068122741723,6,189.0,0.2845712396887994,3,103.0,0.293573077196329
3000.0,25,330.0,4.925373134328358,5.103318038395334,67,1062.0,15.850746268656716,0.0,0.0,23,504.0,93.0,2.1726783568802444,12.292682926829269,12.292682926829269,41,5,110.0,0.1300066146205005,14,262.0,0.1707419916450886,4,132.0,0.2024381176110923
3008.0,29,309.0,4.175675675675675,5.083936937935036,74,1118.0,15.108108108108109,56.0,0.7567567567567568,25,492.0,0.0,2.510920237315028,12.615384615384617,12.615384615384617,39,2,27.0,0.4330150764332932,20,314.0,0.1016102870035386,3,151.0,0.2878095511034678
3016.0,19,257.0,3.2948717948717947,6.496727267511648,78,1284.0,16.46153846153846,166.0,2.128205128205128,18,501.0,9.0,2.4683553268701828,14.314285714285717,14.314285714285717,35,3,24.0,0.402646152334481,12,302.0,0.070252342601414,3,175.0,0.3611025798062037
3024.0,20,301.0,3.909090909090909,6.06343165222008,77,1304.0,16.935064935064936,20.0,0.2597402597402597,20,624.0,123.0,1.7699055936113075,16.864864864864863,16.864864864864863,37,3,17.0,0.1698462953384008,14,408.0,0.1219175743035231,3,199.0,0.1819610361673317
3032.0,22,386.0,5.078947368421052,6.407319490418196,76,1338.0,17.605263157894736,34.0,0.4473684210526316,21,651.0,27.0,2.435875352848033,19.147058823529413,19.147058823529413,34,2,21.0,0.4730862488320151,14,395.0,0.1019262267110536,5,235.0,0.1054412331455286
3040.0,10,32.0,0.4210526315789473,7.034041029465946,76,1308.0,17.210526315789473,0.0,0.0,7,458.0,0.0,2.2323959062425294,16.357142857142858,16.357142857142858,28,1,7.0,0.4968527412617272,6,373.0,0.0987948499587216,0,78.0,0.209363441922749
3048.0,24,145.0,2.0422535211267605,6.4156112382580455,71,1282.0,18.056338028169016,0.0,0.0,24,528.0,70.0,2.4239906402058717,16.5,16.5,32,5,35.0,0.155532519665766,16,400.0,0.1361734021518273,3,93.0,0.3903299937758705
3056.0,22,173.0,2.189873417721519,6.49995886753075,79,1481.0,18.746835443037973,199.0,2.518987341772152,17,506.0,0.0,2.3526294950628217,18.071428571428573,18.071428571428573,28,5,63.0,0.2144074442189604,9,326.0,0.0784458097031607,3,117.0,0.3803635959047189
3064.0,16,199.0,2.397590361445783,7.463433383686189,83,1427.0,17.19277108433735,0.0,0.0,9,362.0,0.0,5.295346150317158,13.407407407407408,13.407407407407408,27,4,95.0,0.1540372299302895,2,130.0,0.5981225967422618,3,137.0,0.4092606741310188
3072.0,12,130.0,1.5294117647058822,8.296410939929912,85,1497.0,17.611764705882354,70.0,0.8235294117647058,5,149.0,0.0,7.106037200607271,6.208333333333333,6.208333333333333,24,2,41.0,0.4344294175255853,2,67.0,0.5994852637644932,1,41.0,0.6498362759249171
3080.0,16,133.0,1.5113636363636365,7.909200179915704,88,1422.0,16.15909090909091,0.0,0.0,8,99.0,0.0,6.093586899642036,3.3,3.3,30,4,28.0,0.3224072461507095,3,25.0,0.4670693996120694,1,46.0,0.6003586799295157
3088.0,18,113.0,1.4125,7.518757770039793,80,1260.0,15.75,0.0,0.0,15,210.0,111.0,4.352973471024263,7.241379310344827,7.241379310344827,29,5,55.0,0.2846081076748576,7,95.0,0.3967747567528369,3,60.0,0.3815058583510605
3096.0,13,93.0,1.24,6.773826719444761,75,1193.0,15.906666666666666,0.0,0.0,6,170.0,0.0,4.38410399017236,6.8,6.8,25,0,10.0,0.1757201142424952,2,72.0,0.4207416643322998,4,88.0,0.279470791899541
3104.0,21,136.0,1.8630136986301369,7.274983325438727,73,1017.0,13.931506849315069,0.0,0.0,13,195.0,25.0,3.31116408593682,7.8,7.8,25,3,46.0,0.2080185020780845,7,110.0,0.3113085816997731,3,39.0,0.3677370605750458
3112.0,15,75.0,1.0135135135135136,6.94257396688154,74,1002.0,13.54054054054054,0.0,0.0,9,181.0,0.0,3.0017093588196926,7.869565217391305,7.869565217391305,23,1,21.0,0.383589698767101,7,132.0,0.1569985940975068,1,28.0,0.4734720284335619
3120.0,15,91.0,1.1666666666666667,7.273099341844609,78,997.0,12.782051282051285,0.0,0.0,9,205.0,24.0,2.877122857601056,9.318181818181818,9.318181818181818,22,4,32.0,0.3166662087656297,3,134.0,0.1567708602677743,2,39.0,0.3158706246203775
3128.0,12,97.0,1.3661971830985915,7.649927486020005,71,730.0,10.28169014084507,0.0,0.0,11,241.0,36.0,5.704023907298399,7.303030303030303,7.303030303030303,33,2,9.0,0.5692740064483066,6,162.0,0.3261690922693788,3,70.0,0.4452339952277409
3136.0,11,72.0,1.0588235294117647,7.42230419814712,68,696.0,10.235294117647058,0.0,0.0,8,132.0,0.0,4.447494047138167,4.714285714285714,4.714285714285714,28,4,17.0,0.1634159660688698,3,90.0,0.3788575911087057,1,25.0,0.5508195481827121
3144.0,17,75.0,1.1194029850746268,6.812454958089991,67,708.0,10.567164179104475,12.0,0.1791044776119403,14,110.0,0.0,2.996554236383773,4.782608695652174,4.782608695652174,23,4,31.0,0.2980668863734575,7,48.0,0.1544915697389678,3,31.0,0.2795861392552581
3152.0,17,140.0,2.1538461538461537,7.457012058984308,65,804.0,12.36923076923077,96.0,1.476923076923077,15,224.0,114.0,4.042849938053936,8.0,8.0,28,7,82.0,0.1575288679144656,2,60.0,0.3185230282012979,6,82.0,0.3709246494120226
3160.0,15,190.0,3.015873015873016,7.701473179337083,63,837.0,13.285714285714286,33.0,0.5238095238095238,11,249.0,25.0,4.822243896535849,10.375,10.375,24,8,164.0,0.1482678410842353,2,51.0,0.6534691519398894,1,34.0,0.3850761598554394
3168.0,15,207.0,3.136363636363636,6.930591877207767,66,877.0,13.287878787878787,40.0,0.6060606060606061,11,212.0,0.0,3.8772142409006,9.636363636363637,9.636363636363637,22,5,129.0,0.2439573087020978,5,62.0,0.250897304457301,1,21.0,0.5430438768232706
3176.0,18,276.0,4.0,7.078294022397321,69,866.0,12.55072463768116,0.0,0.0,12,247.0,35.0,5.2692856822159415,9.5,9.5,26,5,169.0,0.4101566961659968,5,49.0,0.40384521044262,2,29.0,0.4357345012087977
3184.0,5,67.0,1.0151515151515151,7.665043928640353,66,777.0,11.772727272727272,0.0,0.0,3,78.0,0.0,6.732437534591247,4.105263157894737,4.105263157894737,19,2,36.0,0.1765241133447367,0,5.0,0.6882833308933104,1,37.0,0.7147342321482887
3192.0,14,113.0,1.8225806451612905,7.103604868875965,62,706.0,11.387096774193548,0.0,0.0,9,138.0,60.0,2.6856895502362894,9.2,9.2,15,5,82.0,7.596176300361977e-05,3,11.0,0.2813280977591038,1,45.0,0.5871197012298889
3200.0,18,202.0,3.2580645161290325,6.558153501282207,62,709.0,11.435483870967742,3.0,0.0483870967741935,11,171.0,33.0,4.864528097281883,7.125,7.125,24,3,60.0,0.2645962693824079,6,52.0,0.3714333174316504,2,59.0,0.4767246490853261
3208.0,10,186.0,2.952380952380953,7.612033341723944,63,729.0,11.571428571428571,20.0,0.3174603174603174,7,167.0,0.0,4.587772699470361,8.35,8.35,20,3,79.0,0.2890908702223268,2,16.0,0.3420145220318722,2,72.0,0.4524426059640217
3216.0,14,169.0,2.560606060606061,8.307136436971438,66,741.0,11.227272727272728,12.0,0.1818181818181818,12,163.0,0.0,2.4499069042378787,9.588235294117649,9.588235294117649,17,3,43.0,0.2624675966929336,4,27.0,0.0,5,93.0,0.2718871554851149
3224.0,8,88.0,1.3333333333333333,9.118764394935038,66,757.0,11.469696969696969,16.0,0.2424242424242424,7,117.0,0.0,6.7549429087891255,5.571428571428571,5.571428571428571,21,4,45.0,0.1796696897348444,2,52.0,0.6870079953001315,1,20.0,0.584469545893907
3232.0,17,146.0,2.085714285714286,7.046469777385012,70,783.0,11.185714285714283,26.0,0.3714285714285714,11,180.0,63.0,3.5353562171934523,8.181818181818182,8.181818181818182,22,5,84.0,0.3226186750888504,1,48.0,0.1080016721544931,5,48.0,0.3759409398944087
3240.0,19,193.0,2.643835616438356,6.670028059690488,73,864.0,11.835616438356164,81.0,1.1095890410958904,16,237.0,57.0,2.7417226545353657,9.48,9.48,25,8,111.0,0.1471624410970884,6,121.0,0.2244496399400577,2,5.0,0.2796619552483509
3248.0,16,158.0,2.393939393939394,7.513152638314942,66,908.0,13.757575757575758,44.0,0.6666666666666666,12,276.0,39.0,4.618078151205722,9.857142857142858,9.857142857142858,28,1,61.0,0.3032392247534932,9,187.0,0.1867329165609335,2,28.0,0.6763902267885215
3256.0,9,103.0,1.6885245901639343,7.852770806817917,61,845.0,13.852459016393444,0.0,0.0,6,171.0,0.0,3.74700392221776,10.058823529411764,10.058823529411764,17,4,36.0,0.2610896511744875,0,127.0,0.2756532753548078,2,8.0,0.2483168112119463
3264.0,5,90.0,1.6071428571428572,7.891555826040046,56,872.0,15.571428571428571,27.0,0.4821428571428571,1,41.0,0.0,4.526200866280006,4.1,4.1,10,1,6.0,0.1698973666691836,0,35.0,0.4945680465069564,0,0.0,1.0
3272.0,13,48.0,0.8,7.779626984118362,60,892.0,14.866666666666667,20.0,0.3333333333333333,7,78.0,37.0,6.646643001363895,4.875,4.875,16,4,34.0,0.2855833670444747,3,34.0,0.4382517014803204,0,10.0,0.957844678210308
3280.0,16,141.0,2.389830508474576,7.299048254608499,59,794.0,13.457627118644067,0.0,0.0,11,128.0,50.0,3.2656523421444046,7.529411764705882,7.529411764705882,17,5,69.0,0.2636845973879,6,59.0,0.2317420031575291,0,0.0,0.7094446438888793
3288.0,10,112.0,1.8983050847457628,7.274845547258181,59,546.0,9.254237288135592,0.0,0.0,9,169.0,41.0,4.779559111617576,7.041666666666667,7.041666666666667,24,4,63.0,0.2432837983325608,4,106.0,0.4623975892998472,1,0.0,0.432932079936323
3296.0,7,32.0,0.5,8.381283800871122,64,583.0,9.109375,37.0,0.578125,7,141.0,0.0,5.926331657870296,5.875,5.875,24,4,94.0,0.3902294477874074,1,45.0,0.600474282517868,2,2.0,0.3807146730720474
3304.0,8,25.0,0.390625,7.619892453627319,64,577.0,9.015625,0.0,0.0,6,169.0,28.0,4.444859068547874,8.45,8.45,20,2,71.0,0.3082602537409775,4,98.0,0.1960805139446698,0,0.0,0.9312371829525624
3312.0,14,57.0,0.8142857142857143,7.621036706225876,70,645.0,9.214285714285714,68.0,0.9714285714285714,9,115.0,0.0,4.25803081489952,5.75,5.75,20,5,37.0,0.2743857511247268,2,73.0,0.2222274690269142,2,5.0,0.4732862471877158
3320.0,19,147.0,2.1,7.497658015771896,70,731.0,10.442857142857145,86.0,1.2285714285714286,12,174.0,59.0,4.60915560250275,7.25,7.25,24,5,51.0,0.2738929364085414,5,103.0,0.4022023127705608,2,20.0,0.383728291890354
3328.0,24,216.0,2.958904109589041,6.181497933626247,73,805.0,11.027397260273972,74.0,1.0136986301369864,21,243.0,69.0,2.7059157151267508,8.1,8.1,30,6,101.0,0.2088426360030761,9,84.0,0.2224056307511793,6,58.0,0.1920160822255346
3336.0,13,167.0,2.141025641025641,7.407653557046141,78,886.0,11.35897435897436,81.0,1.0384615384615383,10,187.0,0.0,5.1755314000064905,7.1923076923076925,7.1923076923076925,26,6,125.0,0.2627592119982143,4,59.0,0.4392612681367608,0,3.0,0.6577898681498245
3344.0,19,201.0,2.4814814814814814,7.095104086924342,81,814.0,10.049382716049385,0.0,0.0,17,244.0,57.0,2.667409655213349,7.393939393939394,7.393939393939394,33,9,185.0,0.178469273931855,5,49.0,0.2634670941730321,3,10.0,0.3029206808112262
3352.0,34,373.0,4.548780487804878,6.164010893798732,82,954.0,11.634146341463415,140.0,1.7073170731707317,21,398.0,154.0,3.0023790957977754,12.06060606060606,12.06060606060606,33,11,269.0,0.107396983965938,9,126.0,0.288913276917155,1,3.0,0.4554633749016956
3360.0,18,209.0,2.4022988505747125,6.767551203436761,87,1044.0,12.0,90.0,1.0344827586206895,12,357.0,0.0,3.666514080468312,10.818181818181818,10.818181818181818,33,9,262.0,0.1609597440735191,2,90.0,0.4320817554832769,1,5.0,0.5948604526361115
3368.0,17,67.0,0.7613636363636364,6.844389234990512,88,1060.0,12.045454545454543,16.0,0.1818181818181818,14,382.0,25.0,2.987784035938971,11.575757575757576,11.575757575757576,33,4,210.0,0.220319435522215,9,159.0,0.2356736645217404,1,13.0,0.5896760971104387
3376.0,25,146.0,1.8024691358024687,6.887177704665271,81,1033.0,12.753086419753089,0.0,0.0,20,398.0,16.0,2.826590943873044,12.4375,12.4375,32,16,316.0,0.0996748278271599,3,75.0,0.2167629553833349,1,7.0,0.7017628282458391
3384.0,23,196.0,2.5128205128205128,5.71275215646535,78,1137.0,14.576923076923077,104.0,1.3333333333333333,16,377.0,0.0,1.5930978477706494,11.78125,11.78125,32,11,300.0,0.0772271503512977,3,57.0,0.1700986823665491,2,20.0,0.2563379314200845
3392.0,21,186.0,2.415584415584416,6.079301567324104,77,1281.0,16.636363636363637,144.0,1.87012987012987,16,346.0,0.0,2.354861704547881,11.93103448275862,11.93103448275862,29,13,277.0,0.0505905161992397,1,45.0,0.295274047387743,2,24.0,0.4873106184215232
3400.0,22,175.0,2.243589743589744,6.245525225847562,78,1318.0,16.897435897435898,37.0,0.4743589743589743,15,395.0,49.0,2.963893123910523,12.741935483870968,12.741935483870968,31,7,286.0,0.1342537046824103,5,62.0,0.2046860682692721,3,47.0,0.3975182802386355
3408.0,34,373.0,4.907894736842105,4.811772661752196,76,1416.0,18.63157894736842,98.0,1.2894736842105263,27,557.0,162.0,1.5237603677958154,15.914285714285716,15.914285714285716,35,12,341.0,0.000148198039929,8,126.0,0.1967938521841933,7,90.0,0.1892900838396888
3416.0,12,136.0,1.7215189873417722,6.44891862880644,79,1553.0,19.658227848101262,137.0,1.7341772151898731,7,357.0,0.0,4.297393536647444,13.73076923076923,13.73076923076923,26,5,241.0,0.2670229718628025,2,101.0,0.3341070078236443,0,15.0,0.5529088370625739
3424.0,20,96.0,1.263157894736842,6.75399237790443,76,1465.0,19.276315789473685,0.0,0.0,15,291.0,0.0,2.938131486177285,11.64,11.64,25,2,123.0,0.4643987452180188,8,138.0,0.1689334251364584,5,30.0,0.0779460252236715
3432.0,27,270.0,3.4177215189873418,6.64931275407528,79,1578.0,19.9746835443038,113.0,1.4303797468354431,16,341.0,50.0,3.1474761443515797,14.826086956521738,14.826086956521738,23,4,93.0,0.0492867400503278,11,229.0,0.1386903933944296,1,19.0,0.7337132249210714
3440.0,9,71.0,0.9102564102564102,7.668445178609,78,1476.0,18.923076923076923,0.0,0.0,2,153.0,0.0,5.147814740702778,8.052631578947368,8.052631578947368,19,0,25.0,0.658728673566278,0,123.0,0.3303987169569509,2,5.0,0.4453055017592616
3448.0,14,87.0,1.1153846153846154,8.280893033245828,78,1464.0,18.76923076923077,0.0,0.0,5,27.0,0.0,4.988265006217114,1.588235294117647,1.588235294117647,17,2,7.0,0.2328318424893072,1,9.0,0.4892295133369255,2,11.0,0.3676705591772223
3456.0,20,190.0,2.467532467532468,7.077066666031861,77,1435.0,18.63636363636364,0.0,0.0,5,81.0,54.0,5.827559525752655,5.0625,5.0625,16,4,31.0,0.1672011040163306,1,43.0,0.4361883641142848,0,7.0,0.8286352545350699
3464.0,25,276.0,3.68,5.932751869457078,75,1363.0,18.17333333333333,0.0,0.0,16,148.0,67.0,4.192611850013849,5.103448275862069,5.103448275862069,29,6,89.0,0.3457668355654886,6,34.0,0.2506709129388295,4,25.0,0.2954981806659666
3472.0,22,342.0,4.5,6.434441144403637,76,1369.0,18.013157894736842,6.0,0.0789473684210526,10,144.0,0.0,4.459401634277093,6.545454545454546,6.545454545454546,22,7,87.0,0.1606340669094607,1,32.0,0.61469227649606,2,25.0,0.3950371366993009
3480.0,21,330.0,4.285714285714286,6.323588310897712,77,1377.0,17.883116883116884,8.0,0.1038961038961039,15,218.0,74.0,2.647658581415145,8.72,8.72,25,10,163.0,0.1371718763229517,4,52.0,0.2538969071690494,1,3.0,0.3347940216770154
3488.0,23,394.0,5.628571428571429,5.93198284874538,70,1250.0,17.857142857142858,0.0,0.0,12,293.0,75.0,4.154304739236099,12.73913043478261,12.73913043478261,23,8,201.0,0.1963575750729657,3,76.0,0.2683559904582216,1,16.0,0.5956216122291563
3496.0,9,126.0,1.6578947368421053,7.559684256496385,76,1237.0,16.276315789473685,0.0,0.0,7,261.0,0.0,5.524424791867914,10.44,10.44,25,3,182.0,0.416292465921414,2,79.0,0.4918781507392614,2,0.0,0.4410606861873655
3504.0,23,207.0,2.6538461538461537,7.091661397389942,78,1171.0,15.012820512820513,0.0,0.0,23,586.0,325.0,3.5876863648445068,14.65,14.65,40,13,401.0,0.1739655101102968,9,180.0,0.3177609849402951,1,5.0,0.6414179608133749
3512.0,19,140.0,1.75,6.883991563942589,80,1193.0,14.9125,22.0,0.275,14,358.0,0.0,3.340667158609973,11.1875,11.1875,32,12,255.0,0.1570112548957974,1,100.0,0.3787024978220006,1,3.0,0.3795137971822143
3520.0,13,46.0,0.5609756097560976,6.479951683400865,82,1151.0,14.03658536585366,0.0,0.0,11,308.0,0.0,1.9020309716454,10.620689655172416,10.620689655172416,29,2,161.0,0.1146646480972886,8,147.0,0.1337251634022333,1,0.0,0.2629581400994287
3528.0,9,61.0,0.7439024390243902,7.286850573398888,82,1157.0,14.109756097560975,6.0,0.073170731707317,5,98.0,0.0,4.68308567322385,4.666666666666667,4.666666666666667,21,2,25.0,0.2287803055777311,3,70.0,0.2406515919879676,0,3.0,0.7997743065748492
3536.0,14,66.0,0.8354430379746836,7.783920383207687,79,960.0,12.151898734177216,0.0,0.0,8,96.0,0.0,4.961220484644377,4.8,4.8,20,3,29.0,0.3636342398222689,5,67.0,0.3436793335090982,0,0.0,0.9088871337904622
3544.0,15,112.0,1.5135135135135136,8.073533019389656,74,771.0,10.41891891891892,0.0,0.0,6,84.0,0.0,5.9115138056291,4.0,4.0,21,4,45.0,0.1763122281807138,0,31.0,0.5393667472555141,2,8.0,0.5027810917333405
3552.0,18,123.0,1.5769230769230769,7.60720018209976,78,786.0,10.076923076923077,15.0,0.1923076923076923,10,106.0,22.0,5.084966964898675,5.3,5.3,20,1,15.0,0.6098408830003318,6,67.0,0.3354338046973108,3,24.0,0.2297203639440258
3560.0,19,182.0,2.3947368421052637,7.060292759182018,76,765.0,10.06578947368421,0.0,0.0,8,159.0,53.0,5.4834889222908325,6.36,6.36,25,4,58.0,0.4719276927439482,1,53.0,0.3533691841008017,3,48.0,0.2935733077947179
3568.0,18,263.0,3.704225352112676,7.194842159270272,71,796.0,11.211267605633802,31.0,0.4366197183098591,10,211.0,52.0,4.574324455275191,10.047619047619047,10.047619047619047,21,5,96.0,0.2620268461304203,2,28.0,0.3123868488854781,3,87.0,0.4816614601659877
3576.0,17,309.0,4.232876712328767,6.933099527166525,73,800.0,10.95890410958904,4.0,0.0547945205479452,7,191.0,0.0,3.6998232720836186,9.55,9.55,20,1,36.0,0.257328533209892,2,59.0,0.4945841581527572,4,96.0,0.0556920419590034
3584.0,16,204.0,2.756756756756757,7.57207959272897,74,773.0,10.445945945945946,0.0,0.0,6,134.0,0.0,5.925869336015521,7.052631578947368,7.052631578947368,19,5,32.0,0.2883827025247257,1,30.0,0.6555935540231336,0,72.0,0.5679971297941996
3592.0,20,288.0,3.84,7.269955872474735,75,786.0,10.48,13.0,0.1733333333333333,10,247.0,113.0,4.654296355329085,10.291666666666666,10.291666666666666,24,5,52.0,0.1685372776981246,3,114.0,0.5180729163631782,2,81.0,0.4656472366660256
3600.0,24,304.0,4.053333333333334,5.869444618165452,75,793.0,10.573333333333334,7.0,0.0933333333333333,17,359.0,112.0,2.907507482170204,12.821428571428571,12.821428571428571,28,8,100.0,0.1791857570830551,6,155.0,0.3396395665056583,3,104.0,0.2349596281597052
