step,system_total_stopped,system_total_waiting_time,system_mean_waiting_time,system_mean_speed,system_cars_present,system_accumulated_waiting_time (100),system_accumulated_mean_waiting_time (100),system_accumulated_waiting_time (delta),system_accumulated_mean_waiting_time (delta),agents_total_stopped,agents_total_accumulated_waiting_time (100),agents_total_accumulated_waiting_time (delta),agents_mean_speed,agents_mean_waiting_time (100),agents_mean_waiting_time (delta),agents_cars_present,Ing21_1_stopped,Ing21_1_accumulated_waiting_time,Ing21_1_average_speed,Ing21_10_stopped,Ing21_10_accumulated_waiting_time,Ing21_10_average_speed,Ing21_11_stopped,Ing21_11_accumulated_waiting_time,Ing21_11_average_speed,Ing21_12_stopped,Ing21_12_accumulated_waiting_time,Ing21_12_average_speed,Ing21_13_stopped,Ing21_13_accumulated_waiting_time,Ing21_13_average_speed,Ing21_14_stopped,Ing21_14_accumulated_waiting_time,Ing21_14_average_speed,Ing21_15_stopped,Ing21_15_accumulated_waiting_time,Ing21_15_average_speed,Ing21_16_stopped,Ing21_16_accumulated_waiting_time,Ing21_16_average_speed,Ing21_17_stopped,Ing21_17_accumulated_waiting_time,Ing21_17_average_speed,Ing21_18_stopped,Ing21_18_accumulated_waiting_time,Ing21_18_average_speed,Ing21_19_stopped,Ing21_19_accumulated_waiting_time,Ing21_19_average_speed,Ing21_2_stopped,Ing21_2_accumulated_waiting_time,Ing21_2_average_speed,Ing21_20_stopped,Ing21_20_accumulated_waiting_time,Ing21_20_average_speed,Ing21_21_stopped,Ing21_21_accumulated_waiting_time,Ing21_21_average_speed,Ing21_3_stopped,Ing21_3_accumulated_waiting_time,Ing21_3_average_speed,Ing21_4_stopped,Ing21_4_accumulated_waiting_time,Ing21_4_average_speed,Ing21_5_stopped,Ing21_5_accumulated_waiting_time,Ing21_5_average_speed,Ing21_6_stopped,Ing21_6_accumulated_waiting_time,Ing21_6_average_speed,Ing21_7_stopped,Ing21_7_accumulated_waiting_time,Ing21_7_average_speed,Ing21_8_stopped,Ing21_8_accumulated_waiting_time,Ing21_8_average_speed,Ing21_9_stopped,Ing21_9_accumulated_waiting_time,Ing21_9_average_speed
8.0,0,0.0,0.0,5.641300232383657,7.0,0.0,0.0,0.0,0.0,0,0.0,0.0,5.028504853361908,0.0,0.0,3.0,0.0,0.0,0.1757225429869026,0.0,0.0,1.0,0.0,0.0,1.0,0.0,0.0,1.0,0.0,0.0,1.0,0.0,0.0,1.0,0.0,0.0,1.0,0.0,0.0,1.0,0.0,0.0,1.0,0.0,0.0,1.0,0.0,0.0,1.0,0.0,0.0,1.0,0.0,0.0,0.1000135433302153,0.0,0.0,0.8367932979126158,0.0,0.0,1.0,0.0,0.0,1.0,0.0,0.0,1.0,0.0,0.0,1.0,0.0,0.0,1.0,0.0,0.0,1.0,0.0,0.0,1.0
16.0,0,0.0,0.0,9.108144105505108,13.0,0.0,0.0,0.0,0.0,0,0.0,0.0,7.990495859862402,0.0,0.0,6.0,0.0,0.0,0.957567226695896,0.0,0.0,1.0,0.0,0.0,1.0,0.0,0.0,1.0,0.0,0.0,1.0,0.0,0.0,1.0,0.0,0.0,1.0,0.0,0.0,1.0,0.0,0.0,1.0,0.0,0.0,1.0,0.0,0.0,1.0,0.0,0.0,1.0,0.0,0.0,0.4961501631614058,0.0,0.0,0.5297182420103742,0.0,0.0,0.2270126167762977,0.0,0.0,1.0,0.0,0.0,1.0,0.0,0.0,1.0,0.0,0.0,1.0,0.0,0.0,0.6240120093857012,0.0,0.0,1.0
24.0,2,3.0,0.1578947368421052,8.861096145744295,19.0,5.0,0.2631578947368421,5.0,0.2631578947368421,2,5.0,5.0,6.92590107624669,0.5555555555555556,0.5555555555555556,9.0,1.0,1.0,0.0011745340594756,0.0,0.0,1.0,0.0,0.0,1.0,0.0,0.0,1.0,0.0,0.0,1.0,0.0,0.0,1.0,0.0,0.0,1.0,0.0,0.0,1.0,0.0,0.0,1.0,0.0,0.0,1.0,0.0,2.0,0.6238137591114202,0.0,0.0,1.0,1.0,2.0,0.0514282298131645,0.0,0.0,0.7102412678206563,0.0,0.0,0.7758563463723149,0.0,0.0,1.0,0.0,0.0,1.0,0.0,0.0,1.0,0.0,0.0,1.0,0.0,0.0,1.0,0.0,0.0,1.0
32.0,3,12.0,0.4615384615384615,8.17423328908685,26.0,27.0,1.0384615384615383,22.0,0.8461538461538461,2,18.0,13.0,7.176987973393641,1.5,1.5,12.0,1.0,9.0,0.0,0.0,0.0,1.0,0.0,0.0,1.0,0.0,0.0,1.0,0.0,0.0,1.0,0.0,0.0,1.0,0.0,0.0,1.0,0.0,0.0,1.0,1.0,3.0,0.0001049685298564,0.0,0.0,1.0,0.0,2.0,0.9287735786282793,0.0,0.0,1.0,0.0,4.0,0.1638514648935411,0.0,0.0,0.5261104089895123,0.0,0.0,0.6111721297388416,0.0,0.0,1.0,0.0,0.0,0.9685618765779852,0.0,0.0,1.0,0.0,0.0,1.0,0.0,0.0,1.0,0.0,0.0,1.0
40.0,2,11.0,0.3548387096774194,10.758917320842947,31.0,38.0,1.2258064516129032,11.0,0.3548387096774194,1,15.0,0.0,11.197804284973849,1.25,1.25,12.0,0.0,0.0,1.0,0.0,0.0,1.0,0.0,0.0,1.0,0.0,0.0,1.0,0.0,0.0,1.0,0.0,0.0,1.0,0.0,0.0,1.0,0.0,0.0,1.0,1.0,8.0,0.0,0.0,0.0,1.0,0.0,7.0,0.8976850588397898,0.0,0.0,1.0,0.0,0.0,0.6371042297005761,0.0,0.0,0.7280583003505686,0.0,0.0,0.9616649137005822,0.0,0.0,1.0,0.0,0.0,1.0,0.0,0.0,1.0,0.0,0.0,1.0,0.0,0.0,1.0,0.0,0.0,1.0
48.0,5,26.0,0.65,9.36387132870968,40.0,54.0,1.35,16.0,0.4,4,24.0,9.0,8.90510289121626,1.0909090909090908,1.0909090909090908,22.0,0.0,0.0,1.0,1.0,0.0,0.0,0.0,0.0,1.0,0.0,0.0,1.0,0.0,0.0,1.0,0.0,1.0,0.8648514693779403,0.0,0.0,1.0,0.0,0.0,1.0,1.0,16.0,0.0,0.0,0.0,1.0,0.0,0.0,0.8315899017058873,0.0,0.0,0.8490163162792426,1.0,4.0,0.396835087276468,1.0,3.0,0.1953000967963678,0.0,0.0,0.5265640426157997,0.0,0.0,0.4691351585895167,0.0,0.0,1.0,0.0,0.0,0.9033293850139842,0.0,0.0,1.0,0.0,0.0,1.0,0.0,0.0,0.9161576136604758
56.0,1,12.0,0.2727272727272727,10.846028141674156,44.0,73.0,1.6590909090909092,19.0,0.4318181818181818,1,14.0,0.0,11.144341554364871,0.875,0.875,16.0,0.0,0.0,0.975919833088816,0.0,0.0,0.9652848139133574,0.0,0.0,1.0,0.0,0.0,1.0,0.0,0.0,1.0,0.0,0.0,1.0,0.0,0.0,0.7425031141356622,0.0,0.0,1.0,0.0,0.0,1.0,0.0,0.0,1.0,0.0,0.0,0.7213091406148395,0.0,0.0,1.0,1.0,12.0,0.0,0.0,2.0,0.3213754267350543,0.0,0.0,0.9293716011067116,0.0,0.0,1.0,0.0,0.0,1.0,0.0,0.0,1.0,0.0,0.0,1.0,0.0,0.0,1.0,0.0,0.0,0.9098230350490296
64.0,5,10.0,0.1851851851851851,9.19086476799811,54.0,85.0,1.5740740740740742,12.0,0.2222222222222222,4,19.0,5.0,6.754597943877301,1.1875,1.1875,16.0,1.0,0.0,0.4925215880016119,1.0,3.0,7.443105098862671e-05,0.0,0.0,1.0,0.0,0.0,1.0,0.0,0.0,1.0,0.0,0.0,1.0,0.0,0.0,1.0,0.0,0.0,1.0,0.0,0.0,1.0,0.0,0.0,1.0,0.0,3.0,0.5231961954538346,0.0,0.0,0.9561219212038834,0.0,6.0,0.4285971532555812,0.0,0.0,0.3746920555619744,1.0,1.0,0.1066202147492725,0.0,0.0,1.0,0.0,0.0,1.0,0.0,0.0,1.0,0.0,0.0,1.0,0.0,0.0,1.0,1.0,6.0,0.0
72.0,2,16.0,0.2539682539682539,9.473558821105376,63.0,107.0,1.6984126984126984,22.0,0.3492063492063492,2,19.0,0.0,9.712419117330745,1.3571428571428572,1.3571428571428572,14.0,1.0,5.0,0.7189125272025473,1.0,11.0,0.0,0.0,0.0,1.0,0.0,0.0,1.0,0.0,0.0,1.0,0.0,0.0,1.0,0.0,0.0,1.0,0.0,0.0,1.0,0.0,0.0,1.0,0.0,0.0,1.0,0.0,3.0,0.8977284492818335,0.0,0.0,0.448768202579752,0.0,0.0,0.1642480835003689,0.0,0.0,0.7081877199632316,0.0,0.0,1.0,0.0,0.0,1.0,0.0,0.0,1.0,0.0,0.0,0.8098347844998115,0.0,0.0,1.0,0.0,0.0,1.0,0.0,0.0,1.0
80.0,5,5.0,0.0649350649350649,9.153889356724552,77.0,106.0,1.3766233766233766,0.0,0.0,3,10.0,0.0,7.192424103610387,0.6666666666666666,0.6666666666666666,15.0,2.0,5.0,0.0459161612251705,0.0,0.0,1.0,0.0,0.0,1.0,0.0,0.0,1.0,0.0,0.0,1.0,0.0,0.0,1.0,0.0,0.0,1.0,0.0,0.0,1.0,0.0,3.0,0.4975401686160149,0.0,0.0,1.0,0.0,2.0,0.936203117509287,0.0,0.0,1.0,0.0,0.0,0.5822871776044601,0.0,0.0,0.6350611614770412,1.0,0.0,0.0,0.0,0.0,1.0,0.0,0.0,1.0,0.0,0.0,0.8809121056821214,0.0,0.0,1.0,0.0,0.0,1.0,0.0,0.0,1.0
88.0,8,34.0,0.4047619047619047,9.75444010601078,84.0,135.0,1.6071428571428572,29.0,0.3452380952380952,8,34.0,24.0,7.02167628571358,1.3076923076923077,1.3076923076923077,26.0,3.0,25.0,0.3927417962905966,0.0,0.0,1.0,1.0,2.0,8.480065376458973e-05,0.0,0.0,1.0,0.0,0.0,1.0,0.0,0.0,1.0,0.0,0.0,0.8547788828903851,0.0,0.0,0.8374818577780635,0.0,0.0,1.0,0.0,0.0,0.9023027117802788,0.0,0.0,0.8122944934623393,0.0,0.0,1.0,2.0,5.0,0.0712024192443084,0.0,0.0,1.0,1.0,0.0,0.3532940113020351,0.0,0.0,1.0,0.0,0.0,1.0,1.0,2.0,0.0044275322799346,0.0,0.0,1.0,0.0,0.0,1.0,0.0,0.0,1.0
96.0,7,45.0,0.5113636363636364,9.432959137190815,88.0,195.0,2.215909090909091,60.0,0.6818181818181818,5,57.0,23.0,6.924255482752493,2.375,2.375,24.0,2.0,22.0,0.2396611590245777,0.0,3.0,0.6797992720225017,0.0,0.0,0.9347723766810524,0.0,0.0,1.0,0.0,0.0,1.0,0.0,0.0,1.0,1.0,2.0,0.0028401586235819,0.0,0.0,1.0,0.0,0.0,1.0,0.0,0.0,0.7008335962167891,0.0,0.0,0.6598907497318522,0.0,0.0,1.0,0.0,12.0,0.2223951779209592,0.0,0.0,1.0,0.0,0.0,0.8709072354466756,0.0,0.0,1.0,0.0,0.0,0.4928187999147376,2.0,18.0,0.4192766018702566,0.0,0.0,1.0,0.0,0.0,1.0,0.0,0.0,0.9611070615243548
104.0,2,6.0,0.0638297872340425,10.583025033314517,94.0,225.0,2.393617021276596,30.0,0.3191489361702128,2,21.0,0.0,8.833191682100685,0.875,0.875,24.0,0.0,0.0,0.9833359221805338,1.0,7.0,0.0,0.0,0.0,1.0,0.0,0.0,0.9850464342419006,0.0,0.0,1.0,0.0,0.0,1.0,0.0,0.0,1.0,0.0,0.0,0.7726842774321402,0.0,0.0,1.0,0.0,0.0,0.9213220902486656,0.0,7.0,0.8244637006971132,0.0,0.0,1.0,0.0,2.0,0.6742549928007869,0.0,0.0,1.0,0.0,0.0,0.5244578471861004,0.0,0.0,1.0,0.0,0.0,1.0,0.0,3.0,0.5409174443844775,0.0,0.0,1.0,0.0,0.0,1.0,1.0,2.0,0.5660790789873721
112.0,5,14.0,0.1458333333333333,11.353814405930445,96.0,245.0,2.552083333333333,20.0,0.2083333333333333,5,20.0,0.0,8.345720995161527,0.8333333333333334,0.8333333333333334,24.0,1.0,4.0,0.0075476325664274,0.0,0.0,1.0,0.0,0.0,1.0,0.0,0.0,0.8452556290673093,0.0,0.0,1.0,0.0,0.0,1.0,0.0,0.0,1.0,1.0,4.0,4.7321411569489606e-05,0.0,0.0,1.0,0.0,0.0,0.916164510053188,0.0,2.0,0.7354655878184889,0.0,0.0,1.0,0.0,0.0,1.0,0.0,0.0,1.0,0.0,0.0,0.5162241562858118,0.0,0.0,0.6482085309741625,2.0,7.0,0.3246013184440242,1.0,3.0,0.5351479071661606,0.0,0.0,1.0,0.0,0.0,1.0,0.0,0.0,1.0
120.0,10,38.0,0.3917525773195876,9.920633335135497,97.0,286.0,2.948453608247423,41.0,0.422680412371134,10,50.0,30.0,4.991618016377847,1.9230769230769231,1.9230769230769231,26.0,1.0,12.0,0.1513066979260098,1.0,8.0,0.0,0.0,0.0,1.0,1.0,4.0,0.3370195250370205,0.0,0.0,1.0,0.0,0.0,1.0,0.0,0.0,0.9805567050028304,0.0,0.0,0.025625560720167,0.0,0.0,1.0,0.0,0.0,1.0,3.0,10.0,0.0480572734871406,0.0,4.0,0.4759343574193557,0.0,0.0,1.0,0.0,0.0,1.0,0.0,0.0,0.9745372565937792,0.0,0.0,1.0,0.0,0.0,0.5992836853031954,2.0,7.0,0.0003262139272043,1.0,1.0,0.001808542714527,0.0,0.0,1.0,1.0,4.0,0.622879285403169
128.0,8,50.0,0.4901960784313725,10.53764772567171,102.0,370.0,3.627450980392157,84.0,0.8235294117647058,7,74.0,24.0,6.155543466035575,3.7,3.7,20.0,0.0,0.0,0.9457778562472392,1.0,16.0,0.0,0.0,0.0,1.0,2.0,19.0,0.3029386085367251,0.0,0.0,1.0,0.0,0.0,0.8028962143000979,1.0,3.0,0.000110824930996,0.0,0.0,1.0,0.0,0.0,1.0,0.0,0.0,0.9947649985918392,1.0,22.0,0.1124774592354987,0.0,0.0,1.0,0.0,0.0,1.0,0.0,0.0,1.0,0.0,3.0,0.7538613535665358,0.0,0.0,1.0,2.0,11.0,0.3011926443239749,0.0,0.0,0.9321084166500858,0.0,0.0,1.0,0.0,0.0,1.0,0.0,0.0,1.0
136.0,9,51.0,0.4553571428571428,10.398753118559055,112.0,419.0,3.741071428571429,49.0,0.4375,8,66.0,0.0,5.282132393867001,2.75,2.75,24.0,0.0,3.0,0.8989956022572178,1.0,0.0,0.0,0.0,3.0,0.699711998704387,3.0,38.0,0.0001916185059358,0.0,0.0,0.7056917929214257,1.0,2.0,0.0005782802126088,0.0,3.0,0.9588315867287374,0.0,0.0,1.0,0.0,0.0,1.0,0.0,0.0,0.3798290187622202,0.0,4.0,0.6257644141953695,0.0,0.0,1.0,1.0,0.0,0.3554987711493433,0.0,0.0,1.0,1.0,7.0,0.068481592169534,0.0,0.0,1.0,1.0,6.0,0.2948929215602054,0.0,0.0,1.0,0.0,0.0,1.0,0.0,0.0,1.0,0.0,0.0,1.0
144.0,9,74.0,0.6218487394957983,10.418384875446892,119.0,468.0,3.932773109243697,49.0,0.4117647058823529,8,86.0,20.0,7.25236874121756,3.185185185185185,3.185185185185185,27.0,0.0,3.0,0.6513067914707585,1.0,0.0,0.4713323703249781,1.0,6.0,0.0001181544347432,3.0,62.0,0.3413699808364073,0.0,0.0,0.9775966133981892,0.0,0.0,1.0,0.0,5.0,0.4597875262966888,0.0,0.0,1.0,0.0,0.0,1.0,0.0,0.0,0.188499213038733,0.0,0.0,0.8148099633247452,1.0,1.0,0.4377308775655625,0.0,0.0,0.5560498220581369,0.0,0.0,1.0,0.0,0.0,0.9981540455574482,0.0,0.0,1.0,2.0,9.0,7.775239756215577e-05,0.0,0.0,0.9759732898013176,0.0,0.0,1.0,0.0,0.0,0.5988776689215051,0.0,0.0,1.0
152.0,10,43.0,0.3467741935483871,10.517652179178224,124.0,523.0,4.217741935483871,55.0,0.4435483870967742,10,83.0,0.0,6.531719299283935,2.7666666666666666,2.7666666666666666,30.0,2.0,11.0,0.3046595769147786,0.0,0.0,0.8352720477520468,1.0,14.0,0.0,1.0,24.0,0.3583563955992842,2.0,7.0,0.0003873183979051,0.0,0.0,1.0,2.0,15.0,0.0957197442822724,0.0,3.0,0.99246775216033,0.0,0.0,1.0,0.0,0.0,1.0,0.0,0.0,0.9293668877611844,1.0,1.0,0.0019869503115731,0.0,0.0,1.0,0.0,0.0,1.0,0.0,0.0,0.7142024353682308,0.0,0.0,0.7337931824937503,0.0,0.0,1.0,1.0,8.0,0.3245191576235873,0.0,0.0,1.0,0.0,0.0,1.0,0.0,0.0,0.8078505419889397
160.0,18,98.0,0.7538461538461538,9.801530999645273,130.0,589.0,4.530769230769231,66.0,0.5076923076923077,15,134.0,51.0,4.458107808964241,5.153846153846154,5.153846153846154,26.0,1.0,12.0,0.4710392618256346,0.0,0.0,1.0,2.0,26.0,0.0,2.0,23.0,0.3228834577265969,0.0,4.0,0.4285728274484835,0.0,0.0,1.0,3.0,39.0,0.0,1.0,6.0,0.0002187591778651,0.0,0.0,1.0,0.0,0.0,0.8311876454209259,2.0,3.0,0.3692851617840002,0.0,0.0,1.0,0.0,0.0,1.0,0.0,0.0,1.0,1.0,0.0,0.3754067800366755,0.0,0.0,1.0,0.0,0.0,1.0,2.0,18.0,0.3310258435987747,1.0,3.0,2.6062472145964075e-05,0.0,0.0,0.3589739200656363,0.0,0.0,1.0
168.0,14,107.0,0.781021897810219,10.792504191670917,137.0,666.0,4.861313868613139,77.0,0.5620437956204379,12,129.0,0.0,7.552007380527358,4.607142857142857,4.607142857142857,28.0,0.0,3.0,0.965477556158274,0.0,0.0,1.0,1.0,12.0,0.4740241080501641,1.0,3.0,0.3160755767516345,2.0,10.0,0.471491442832357,0.0,0.0,0.9723952570719792,3.0,63.0,0.0,0.0,0.0,1.0,0.0,0.0,1.0,0.0,3.0,0.9248792600266992,4.0,26.0,0.0002167736585175,0.0,0.0,0.9036389417588236,0.0,0.0,1.0,0.0,0.0,1.0,0.0,0.0,0.8521323133369351,0.0,0.0,1.0,0.0,0.0,0.7942037000452745,1.0,5.0,0.3412268223344019,0.0,4.0,0.8907726887044924,0.0,0.0,1.0,0.0,0.0,1.0
176.0,3,25.0,0.1785714285714285,11.143368145708427,140.0,677.0,4.835714285714285,11.0,0.0785714285714285,3,62.0,0.0,9.172572665240295,2.48,2.48,25.0,0.0,3.0,0.7267613123247523,0.0,0.0,1.0,1.0,20.0,0.0,0.0,0.0,0.9510989402272018,0.0,3.0,0.8255430381867089,1.0,1.0,0.1054151604034401,0.0,0.0,1.0,0.0,0.0,1.0,0.0,0.0,1.0,0.0,0.0,0.8678756549522888,0.0,18.0,0.2074157498465883,0.0,0.0,1.0,0.0,0.0,0.9083876260160932,0.0,0.0,1.0,0.0,0.0,0.9042755465140644,0.0,0.0,1.0,0.0,0.0,1.0,1.0,10.0,0.0121028893667307,0.0,4.0,0.5562722215546356,0.0,3.0,0.9667110306227272,0.0,0.0,0.9685756198359112
184.0,12,26.0,0.1780821917808219,10.181276996152423,146.0,701.0,4.801369863013699,24.0,0.1643835616438356,10,41.0,0.0,6.40481125444568,1.3225806451612905,1.3225806451612905,31.0,0.0,0.0,0.6582123633599928,1.0,1.0,0.0012009226198683,0.0,3.0,0.0084185205917319,1.0,3.0,0.5974555706227342,2.0,17.0,0.6470497611934917,0.0,0.0,1.0,0.0,0.0,0.921692396708778,0.0,0.0,0.9996696274293888,0.0,0.0,0.0116729033494884,0.0,2.0,0.9343235236663502,0.0,0.0,0.6346611583838629,0.0,0.0,1.0,0.0,0.0,0.9362671502892588,0.0,0.0,0.0134047074363772,2.0,4.0,0.0895435508446638,0.0,0.0,1.0,0.0,0.0,1.0,2.0,5.0,0.1789089480416016,0.0,0.0,1.0,0.0,0.0,1.0,2.0,6.0,0.0010735240517474
192.0,6,33.0,0.2185430463576159,10.99631234677185,151.0,755.0,5.0,54.0,0.3576158940397351,6,63.0,22.0,9.662371386470424,1.9090909090909087,1.9090909090909087,33.0,0.0,0.0,1.0,0.0,3.0,0.6188747343165105,0.0,3.0,0.6141718875734853,3.0,28.0,0.5040981939203216,2.0,10.0,0.6383280477784652,0.0,0.0,1.0,0.0,0.0,0.983481922199315,0.0,3.0,0.974709520817182,0.0,0.0,1.0,0.0,0.0,1.0,0.0,0.0,0.6999036269882939,0.0,0.0,1.0,0.0,1.0,0.6253780604255152,1.0,8.0,0.0,0.0,0.0,0.6927928887859282,0.0,0.0,1.0,0.0,0.0,1.0,0.0,5.0,0.7413241927690584,0.0,0.0,0.91589002206712,0.0,0.0,0.93571702594786,0.0,2.0,0.958058034872998
200.0,12,68.0,0.430379746835443,10.783005357899526,158.0,799.0,5.056962025316456,44.0,0.2784810126582278,11,94.0,31.0,7.256507192492068,2.41025641025641,2.41025641025641,39.0,0.0,0.0,1.0,0.0,0.0,0.8494475434462639,0.0,0.0,1.0,5.0,51.0,0.1747954289513313,0.0,14.0,0.8933532229368552,0.0,0.0,0.301110029938525,1.0,1.0,0.0040997318525877,0.0,0.0,0.979121577681274,0.0,0.0,1.0,0.0,0.0,1.0,0.0,3.0,0.9617568480066192,0.0,0.0,0.005706253807963,0.0,1.0,0.7688023954772991,0.0,0.0,1.0,0.0,0.0,0.7188265808670472,0.0,0.0,1.0,0.0,0.0,0.5052181045752155,4.0,21.0,0.1617262359519531,1.0,3.0,0.4701543801885781,0.0,0.0,1.0,0.0,0.0,0.0364845938011168
208.0,7,30.0,0.1886792452830188,10.523055155553635,159.0,885.0,5.566037735849057,86.0,0.5408805031446541,7,107.0,13.0,7.205143330688685,2.8157894736842106,2.8157894736842106,38.0,0.0,4.0,0.8879897812160573,1.0,4.0,3.336994204038709e-05,0.0,3.0,0.0295053387808285,3.0,46.0,0.1182260770579427,2.0,21.0,0.639720518904158,0.0,0.0,1.0,1.0,9.0,0.0,0.0,3.0,0.6018370418228663,0.0,0.0,1.0,0.0,0.0,1.0,0.0,0.0,0.7806258429635493,0.0,0.0,1.0,0.0,3.0,0.9085913713874558,0.0,0.0,1.0,0.0,0.0,0.7321519450845334,0.0,0.0,1.0,0.0,0.0,0.7333523781894058,0.0,14.0,0.3857197638937658,0.0,0.0,0.016454467279874,0.0,0.0,1.0,0.0,0.0,0.9301226263884704
216.0,16,83.0,0.51875,10.346581834162738,160.0,912.0,5.7,27.0,0.16875,12,115.0,8.0,5.6024173120932765,3.1944444444444446,3.1944444444444446,36.0,2.0,19.0,0.2377782023930385,1.0,12.0,0.0,2.0,19.0,0.0592340166625682,5.0,45.0,0.0436598297259272,0.0,9.0,0.6997118870174349,0.0,0.0,1.0,0.0,0.0,0.9760380378368684,0.0,6.0,0.7880166861125242,0.0,0.0,1.0,0.0,0.0,1.0,0.0,0.0,0.9150558525135344,0.0,0.0,1.0,0.0,0.0,0.1689035420486393,0.0,0.0,1.0,1.0,1.0,0.2715970680452126,0.0,0.0,1.0,0.0,3.0,0.7587284644687007,0.0,0.0,0.9076428329832208,0.0,0.0,1.0,0.0,0.0,1.0,1.0,1.0,0.0048335698112636
224.0,13,113.0,0.7018633540372671,10.329090943301184,161.0,1006.0,6.248447204968944,94.0,0.5838509316770186,13,137.0,22.0,6.607166930059654,3.8055555555555554,3.8055555555555554,36.0,0.0,3.0,0.8259576289512754,0.0,0.0,1.0,4.0,38.0,0.1511800366380022,6.0,78.0,3.00797221470352e-05,0.0,3.0,0.9217378860114148,0.0,0.0,1.0,1.0,3.0,0.0,0.0,0.0,1.0,0.0,0.0,1.0,0.0,0.0,1.0,0.0,0.0,0.8803784016385553,0.0,0.0,0.966019896653432,0.0,0.0,0.1879043536146148,0.0,0.0,0.9600134654845396,0.0,0.0,0.4870273689260886,0.0,0.0,0.9251668767098188,2.0,7.0,0.0480927449048739,0.0,5.0,0.9012821521210812,0.0,0.0,1.0,0.0,0.0,0.993876487016162,0.0,0.0,0.9495598702402028
232.0,12,101.0,0.6234567901234568,10.39363748894574,162.0,1071.0,6.611111111111111,65.0,0.4012345679012346,12,152.0,15.0,5.879069304090793,4.222222222222222,4.222222222222222,36.0,2.0,15.0,0.3746915756590732,0.0,0.0,1.0,5.0,72.0,3.4320575475125176e-06,0.0,22.0,0.1641938022962057,1.0,10.0,0.4592069622096815,0.0,0.0,1.0,0.0,0.0,1.0,0.0,0.0,1.0,0.0,0.0,0.078608545073046,0.0,0.0,1.0,0.0,0.0,0.7698411995659239,0.0,0.0,1.0,0.0,3.0,0.6136721908494975,0.0,0.0,1.0,0.0,0.0,0.7739874812482037,0.0,0.0,1.0,4.0,30.0,0.1566841970117003,0.0,0.0,0.7576434563394774,0.0,0.0,0.0196853096341237,0.0,0.0,0.9494449795168866,0.0,0.0,1.0
240.0,17,66.0,0.4049079754601227,10.284244468499232,163.0,1059.0,6.496932515337424,0.0,0.0,15,127.0,0.0,7.29789784602844,2.591836734693877,2.591836734693877,49.0,2.0,24.0,0.3477621605049149,1.0,12.0,0.5645789547381621,1.0,7.0,0.1968979564569443,0.0,0.0,0.9427293345855794,3.0,25.0,0.0156877819651423,0.0,0.0,1.0,0.0,0.0,0.9190786751569512,0.0,0.0,1.0,0.0,0.0,1.0,0.0,0.0,1.0,0.0,0.0,0.8449360971714065,0.0,0.0,0.9629185244801453,0.0,6.0,0.957159806953819,0.0,3.0,0.8611866344257432,1.0,0.0,0.5952650181574969,0.0,3.0,0.7939822400299472,5.0,39.0,0.1553765315553762,1.0,3.0,0.0,0.0,0.0,1.0,1.0,5.0,0.2813387554710844,0.0,0.0,0.9431223497510232
248.0,8,38.0,0.2196531791907514,10.153252988782056,173.0,1140.0,6.589595375722543,81.0,0.4682080924855491,7,84.0,0.0,7.947485754593794,2.4705882352941178,2.4705882352941178,34.0,1.0,9.0,0.5459005808173368,2.0,12.0,0.0006791453265318,0.0,3.0,0.5462108955573113,0.0,0.0,0.6755819948793075,1.0,30.0,0.1546383263250407,0.0,0.0,1.0,1.0,6.0,0.0,0.0,0.0,1.0,0.0,0.0,1.0,0.0,0.0,1.0,0.0,0.0,0.1964897755352057,0.0,0.0,0.8228588560417924,1.0,10.0,0.661750712942207,0.0,0.0,1.0,0.0,3.0,0.7337050307323569,1.0,5.0,0.4868278916526956,0.0,6.0,0.3011228811027363,0.0,0.0,0.3833730668442119,0.0,0.0,1.0,0.0,0.0,1.0,0.0,0.0,0.4540690426524298
264.0,8,43.0,0.2514619883040935,10.486366160477882,171.0,1163.0,6.8011695906432745,0.0,0.0,6,96.0,0.0,7.793617691182733,2.823529411764706,2.823529411764706,34.0,0.0,3.0,0.6796740760065503,0.0,3.0,0.7132419098140909,0.0,0.0,1.0,0.0,0.0,0.9223244056987644,1.0,45.0,0.2957502592585809,2.0,3.0,0.4837042627691518,0.0,3.0,0.824856809006832,0.0,3.0,0.5331810407097382,0.0,0.0,1.0,0.0,0.0,1.0,2.0,21.0,0.1636235027091408,1.0,5.0,0.1762617638960958,0.0,0.0,0.7511190732514457,0.0,0.0,1.0,0.0,0.0,0.733458183801132,0.0,0.0,1.0,0.0,0.0,1.0,0.0,10.0,0.5526590813516219,0.0,0.0,1.0,0.0,0.0,1.0,0.0,0.0,0.842398728521109
272.0,19,138.0,0.7885714285714286,10.18497100087996,175.0,1246.0,7.12,83.0,0.4742857142857143,15,170.0,74.0,5.624095717023298,4.358974358974359,4.358974358974359,39.0,1.0,16.0,0.6200400004819706,1.0,3.0,0.0010657832478994,1.0,3.0,0.0002851265181185,0.0,2.0,0.6537744118866339,3.0,62.0,0.2291068256021606,4.0,26.0,0.0002365757810855,0.0,0.0,0.9614332455906882,0.0,0.0,1.0,0.0,0.0,1.0,0.0,0.0,1.0,3.0,41.0,1.5926353142323008e-05,0.0,4.0,0.3304153207418127,1.0,6.0,0.1829023523127621,0.0,0.0,0.6660966685979981,0.0,0.0,0.6359611527085424,0.0,0.0,1.0,1.0,6.0,0.0088642646225318,0.0,1.0,0.5019719606482789,0.0,0.0,1.0,0.0,0.0,0.7586984198439535,0.0,0.0,0.8238128126197082
280.0,12,131.0,0.7485714285714286,10.363892196974591,175.0,1358.0,7.76,112.0,0.64,12,205.0,35.0,7.286816076051711,4.183673469387755,4.183673469387755,49.0,1.0,17.0,0.6145301882162835,1.0,11.0,0.0,0.0,0.0,1.0,2.0,6.0,0.3753508823356423,1.0,57.0,0.7001242443424752,0.0,17.0,0.1376950072505141,1.0,3.0,0.1230173876735086,1.0,2.0,0.4699336835519357,0.0,0.0,1.0,0.0,0.0,1.0,3.0,68.0,0.174557229630307,0.0,3.0,0.3071729690739188,0.0,0.0,0.2904856956616007,1.0,6.0,7.003713931828745e-06,0.0,0.0,0.9800649066817628,0.0,0.0,0.4849674941413514,0.0,0.0,1.0,0.0,7.0,0.5212147895083781,0.0,3.0,0.8779598671769564,0.0,0.0,1.0,1.0,5.0,0.0
288.0,13,123.0,0.6871508379888268,10.619941917380658,179.0,1447.0,8.083798882681565,89.0,0.4972067039106145,12,173.0,0.0,7.475718208814035,3.6808510638297873,3.6808510638297873,47.0,3.0,31.0,0.3608248880551561,0.0,0.0,1.0,0.0,3.0,0.7148155310958584,1.0,8.0,0.6823009608887605,2.0,70.0,0.642594045649276,0.0,0.0,1.0,0.0,5.0,0.6537641123400585,1.0,5.0,0.2710860891666756,0.0,0.0,1.0,0.0,0.0,1.0,0.0,4.0,0.9551707016620976,1.0,10.0,0.0,0.0,6.0,0.6877720574354417,1.0,14.0,0.0,0.0,2.0,0.6797536213980251,0.0,0.0,0.3857850506839239,0.0,3.0,0.6829443721528876,0.0,0.0,0.281211394285825,2.0,9.0,0.2792617039578598,0.0,0.0,1.0,1.0,3.0,0.0
296.0,14,119.0,0.6538461538461539,10.049917943081628,182.0,1476.0,8.10989010989011,29.0,0.1593406593406593,13,213.0,40.0,6.757718170834561,4.096153846153846,4.096153846153846,52.0,0.0,18.0,0.4361589899211017,0.0,0.0,1.0,0.0,3.0,0.9238136344313276,2.0,27.0,0.4830903342310104,2.0,79.0,0.508153540846851,0.0,0.0,0.9424765809418506,1.0,18.0,0.5954283834023842,0.0,2.0,0.3244121042833732,1.0,3.0,0.0009587571871368,0.0,0.0,1.0,0.0,3.0,0.8212082469559017,0.0,9.0,0.2921961050671409,0.0,10.0,0.9386942028903826,1.0,1.0,0.0017622135739297,1.0,2.0,0.3033673870159727,0.0,0.0,1.0,3.0,23.0,0.131226363707719,1.0,6.0,0.487234954425482,1.0,9.0,0.0,0.0,0.0,1.0,0.0,0.0,1.0
304.0,18,88.0,0.4916201117318435,10.01287148551347,179.0,1514.0,8.458100558659218,38.0,0.2122905027932961,17,187.0,0.0,6.629307050497472,3.462962962962963,3.462962962962963,54.0,5.0,41.0,0.1084592994588501,0.0,0.0,1.0,0.0,0.0,0.3900629959516237,2.0,47.0,0.6738277524032655,0.0,8.0,0.7903741747050733,1.0,2.0,0.101137886014582,1.0,12.0,0.6089902959295855,0.0,5.0,0.9577551055038732,0.0,0.0,1.0,0.0,0.0,1.0,0.0,7.0,0.7075886154021328,1.0,9.0,0.5169274626971614,3.0,20.0,0.2125686273082144,0.0,0.0,1.0,0.0,0.0,0.5823993396757015,0.0,0.0,1.0,4.0,36.0,0.1300544329292889,0.0,0.0,1.0,0.0,0.0,1.0,0.0,0.0,0.9082503500508584,0.0,0.0,1.0
312.0,16,112.0,0.6187845303867403,9.296740771666782,181.0,1574.0,8.696132596685082,60.0,0.3314917127071823,15,225.0,38.0,5.3795122005406535,4.017857142857143,4.017857142857143,56.0,3.0,41.0,0.2170783285454927,0.0,0.0,0.1981208679314621,1.0,5.0,0.0,4.0,71.0,0.1212898821595059,1.0,14.0,0.4085130470675146,0.0,0.0,0.918521554452482,0.0,3.0,0.1589512729930754,0.0,1.0,0.9409217583041336,0.0,3.0,0.9323822992416736,0.0,0.0,1.0,2.0,21.0,0.2431109739035629,1.0,15.0,0.4315236027926072,0.0,3.0,0.787672741694229,0.0,0.0,1.0,1.0,4.0,0.5863803862453958,0.0,0.0,1.0,0.0,25.0,0.1502413682818018,0.0,11.0,0.4425367301212494,0.0,3.0,0.9050129700450236,2.0,5.0,0.0025521733854277,0.0,0.0,1.0
320.0,18,132.0,0.7213114754098361,10.076690727744737,183.0,1605.0,8.770491803278688,31.0,0.1693989071038251,16,236.0,11.0,6.275764044173729,4.290909090909091,4.290909090909091,55.0,3.0,46.0,0.2866901870190227,0.0,1.0,0.5399275042516466,0.0,3.0,0.6615544622343159,1.0,51.0,0.2378834205327824,3.0,40.0,0.3241988021326018,1.0,6.0,0.2728403408225509,0.0,0.0,0.6240620659545172,0.0,4.0,0.9352021961477148,1.0,2.0,6.226650311114815e-05,0.0,0.0,1.0,1.0,28.0,0.3551238855050914,2.0,24.0,0.0003114861177439,1.0,5.0,0.430809131119581,0.0,3.0,0.960351736108344,0.0,0.0,0.970569045742322,0.0,3.0,0.9944348251676088,2.0,14.0,0.3558012752319026,0.0,0.0,0.3462762080242982,1.0,6.0,9.240655187914428e-05,0.0,0.0,1.0,0.0,0.0,1.0
328.0,20,98.0,0.5240641711229946,9.693755582356069,187.0,1653.0,8.83957219251337,48.0,0.2566844919786096,19,159.0,0.0,4.819649358591534,3.2448979591836733,3.2448979591836733,49.0,3.0,54.0,0.0659020884327798,1.0,0.0,0.4313843735340459,0.0,0.0,0.0169647232711936,4.0,29.0,0.1177916752709531,1.0,7.0,0.4906237328572632,2.0,3.0,0.1033988751295665,0.0,7.0,0.9482477269008296,0.0,0.0,1.0,0.0,0.0,1.0,0.0,0.0,1.0,4.0,29.0,0.1420406175079262,0.0,0.0,0.8382996113370528,1.0,12.0,0.6034643541192778,1.0,8.0,0.5044317352009223,1.0,3.0,0.3330612973377296,0.0,0.0,1.0,1.0,4.0,0.2290375876684984,0.0,0.0,1.0,0.0,0.0,1.0,0.0,3.0,0.6139101675697928,0.0,0.0,1.0
336.0,16,85.0,0.4450261780104712,10.098386058979642,191.0,1625.0,8.507853403141361,0.0,0.0,15,145.0,0.0,6.70076954894741,3.2222222222222223,3.2222222222222223,45.0,2.0,27.0,0.5269685449960851,1.0,3.0,0.5097912605574973,0.0,0.0,1.0,0.0,21.0,0.1252149199926914,1.0,7.0,0.3633014389860128,1.0,3.0,0.0018011822331086,1.0,6.0,0.4239115502537651,0.0,0.0,1.0,0.0,0.0,1.0,0.0,0.0,1.0,5.0,57.0,0.1580663673335034,2.0,3.0,0.0158354667357758,1.0,13.0,0.0,0.0,0.0,0.7270531274736173,0.0,0.0,0.8064820710285631,0.0,0.0,0.6403973066853629,1.0,5.0,0.4673758156669965,0.0,0.0,0.9541006821945184,0.0,0.0,0.9269884512934644,0.0,0.0,0.6354712157032913,0.0,0.0,1.0
344.0,17,60.0,0.3015075376884422,9.647600926239054,199.0,1574.0,7.909547738693467,0.0,0.0,13,135.0,0.0,5.784996484200308,2.5,2.5,54.0,3.0,26.0,0.3188717402364787,2.0,5.0,0.26006954855963,0.0,3.0,0.1446187973198972,0.0,8.0,0.9303626851292692,1.0,15.0,0.3941217972402975,0.0,0.0,0.7248740511297465,0.0,3.0,0.0075936324988863,0.0,0.0,0.9153393560906165,0.0,0.0,1.0,0.0,0.0,1.0,2.0,46.0,0.0792298465690952,0.0,4.0,0.1700252660461214,0.0,3.0,0.5863207530309547,0.0,0.0,0.382374181371956,2.0,8.0,0.5374583897213576,0.0,0.0,0.9846602670110592,0.0,0.0,0.2852342393651023,1.0,8.0,0.2123058814514188,0.0,0.0,0.9586184633732778,2.0,6.0,0.2884938296607211,0.0,0.0,1.0
360.0,16,98.0,0.4734299516908212,10.108603775150344,207.0,1661.0,8.02415458937198,0.0,0.0,14,197.0,0.0,7.416017480718106,3.078125,3.078125,64.0,0.0,34.0,0.4674666893438363,0.0,5.0,0.4387382942167102,0.0,0.0,0.8390996473663892,0.0,15.0,0.651593788424874,1.0,43.0,0.6011941959697154,3.0,11.0,0.0960305339161757,1.0,7.0,0.0,0.0,0.0,0.1171233077013142,0.0,0.0,1.0,0.0,0.0,1.0,1.0,15.0,0.7098989221365496,0.0,0.0,1.0,2.0,17.0,0.6557348613861728,0.0,0.0,0.5992515696515825,4.0,18.0,0.2031785298592144,0.0,2.0,0.952324299759294,1.0,2.0,0.6039191715730358,0.0,20.0,0.478893809748266,1.0,8.0,0.0,0.0,0.0,1.0,0.0,0.0,0.9674395089087564
368.0,17,98.0,0.4757281553398058,10.028172068224622,206.0,1623.0,7.878640776699029,0.0,0.0,16,187.0,0.0,6.543265386223431,3.169491525423729,3.169491525423729,59.0,3.0,16.0,0.0002110480454497,1.0,6.0,0.2506347038287004,1.0,13.0,0.1728841642126277,0.0,8.0,0.7130606686505148,3.0,55.0,0.4895505916095395,1.0,8.0,0.0179606130829621,0.0,2.0,0.4137944105051816,0.0,6.0,0.7628930261633778,0.0,0.0,0.7222633818212428,0.0,0.0,1.0,1.0,15.0,0.5225123062602649,0.0,0.0,1.0,2.0,23.0,0.4104651000956195,0.0,0.0,0.9183236296561776,1.0,0.0,0.6649355483675065,0.0,0.0,1.0,0.0,0.0,0.6438017865068247,3.0,32.0,0.0804510005639739,0.0,0.0,1.0,0.0,0.0,1.0,0.0,3.0,0.9564069428506454
376.0,12,74.0,0.3663366336633663,10.421326860401962,202.0,1570.0,7.772277227722772,0.0,0.0,11,151.0,0.0,6.536584302990263,3.355555555555556,3.355555555555556,45.0,0.0,8.0,0.201369029220336,1.0,4.0,6.454042648167918e-05,1.0,4.0,0.2068371247605355,2.0,12.0,0.4625031914364551,2.0,55.0,0.4279498939999817,0.0,0.0,1.0,0.0,5.0,0.2893622550293975,0.0,6.0,0.9764343581944864,0.0,0.0,1.0,0.0,0.0,1.0,0.0,10.0,0.6375322311308627,0.0,0.0,1.0,1.0,24.0,0.2233864278707601,0.0,0.0,1.0,1.0,0.0,0.5537682717450696,0.0,0.0,1.0,2.0,9.0,0.4740976311426337,1.0,14.0,0.3733195190341276,0.0,0.0,1.0,0.0,0.0,1.0,0.0,0.0,1.0
384.0,20,139.0,0.6813725490196079,9.990624120491605,204.0,1556.0,7.627450980392157,0.0,0.0,19,282.0,131.0,7.261727155164284,4.208955223880597,4.208955223880597,67.0,0.0,14.0,0.9191889432244116,0.0,6.0,0.7393274532713567,1.0,13.0,0.3316421511067374,3.0,13.0,0.3242057323218254,4.0,85.0,0.4510894722077526,0.0,0.0,1.0,2.0,18.0,0.4581010181167741,0.0,0.0,1.0,0.0,10.0,0.4853952315021036,0.0,0.0,0.3375524797711375,4.0,32.0,0.4081206012991153,0.0,0.0,1.0,3.0,29.0,0.1546218405168354,0.0,10.0,0.9260019919650846,0.0,0.0,0.4706431416322941,0.0,0.0,1.0,0.0,3.0,0.9716718943551554,2.0,27.0,0.4482610497292227,0.0,16.0,0.717142861562861,0.0,0.0,1.0,0.0,6.0,0.9416241948806746
400.0,18,144.0,0.6824644549763034,9.93485360138628,211.0,1712.0,8.113744075829384,114.0,0.5402843601895735,18,222.0,0.0,6.071492880375295,3.827586206896552,3.827586206896552,58.0,3.0,36.0,0.3758516153075733,0.0,0.0,0.2658246353210013,0.0,0.0,0.3470457024142302,3.0,25.0,0.4969431481175277,2.0,47.0,0.6258073138454401,1.0,6.0,0.0,0.0,0.0,1.0,0.0,0.0,0.0472206336615651,0.0,0.0,1.0,0.0,0.0,1.0,0.0,5.0,0.2996008129950238,1.0,4.0,2.0105758417864102e-05,2.0,8.0,0.5480569341981132,0.0,6.0,0.7689909143987202,0.0,0.0,0.2411237432778241,0.0,3.0,0.9938322896544252,3.0,19.0,1.5428030429913945e-05,3.0,63.0,0.1883640122027436,0.0,0.0,1.0,0.0,0.0,1.0,0.0,0.0,0.901687373316275
408.0,14,119.0,0.5721153846153846,10.191374575812286,208.0,1754.0,8.432692307692308,42.0,0.2019230769230769,14,200.0,0.0,6.383654087676125,3.225806451612903,3.225806451612903,62.0,1.0,14.0,0.327331960000732,0.0,1.0,0.5109873260533097,0.0,0.0,1.0,2.0,22.0,0.1986704990706058,3.0,24.0,0.4514839749661744,1.0,14.0,0.4886204121220424,0.0,0.0,1.0,0.0,7.0,0.9335739015917878,0.0,0.0,1.0,0.0,0.0,0.9990537485804744,0.0,6.0,0.6024112977491307,1.0,4.0,0.2757211625332018,1.0,6.0,0.0216591121123467,0.0,10.0,0.6627531114883287,0.0,0.0,0.665598211714453,0.0,0.0,0.9509255094653408,3.0,43.0,0.2403638702980819,2.0,49.0,0.0717255463194661,0.0,0.0,0.9960515253089278,0.0,0.0,0.9384605433016708,0.0,0.0,1.0
424.0,24,185.0,0.8564814814814815,9.91448286093306,216.0,1772.0,8.203703703703704,0.0,0.0,19,280.0,76.0,6.248601763575339,4.516129032258065,4.516129032258065,62.0,2.0,37.0,0.4745988557340347,1.0,5.0,0.3873789820565419,0.0,6.0,0.549454615735338,3.0,43.0,0.1878613032365371,3.0,29.0,0.0581711103033971,0.0,0.0,1.0,0.0,0.0,1.0,0.0,3.0,0.958415969301519,0.0,0.0,1.0,0.0,0.0,1.0,0.0,6.0,0.8398821867585856,1.0,41.0,0.3962285258509038,0.0,0.0,0.9070337320050682,0.0,0.0,1.0,3.0,6.0,0.4447401953810594,0.0,0.0,1.0,0.0,0.0,0.6861528796171223,5.0,93.0,0.0005138029996327,0.0,0.0,1.0,0.0,4.0,0.7720795772907866,1.0,7.0,9.489424216891692e-05
432.0,34,289.0,1.3076923076923077,9.25309948808944,221.0,1924.0,8.705882352941176,152.0,0.6877828054298643,26,317.0,37.0,5.466002929288652,5.031746031746032,5.031746031746032,63.0,5.0,70.0,0.2285001651105264,4.0,18.0,0.2333473976572202,2.0,11.0,0.000472718890532,2.0,32.0,0.4777493161732068,3.0,34.0,0.1546871096703991,0.0,0.0,1.0,0.0,0.0,0.5136956035503378,0.0,0.0,0.9582997456577896,0.0,0.0,0.9492567956108428,0.0,0.0,1.0,0.0,0.0,1.0,1.0,5.0,0.4937627722803119,0.0,0.0,0.8791569656357863,0.0,0.0,0.99475597251935,0.0,1.0,0.5283735721880528,1.0,3.0,5.574344895684877e-05,2.0,9.0,0.0001177120217587,2.0,104.0,0.1486929264207289,0.0,0.0,1.0,1.0,8.0,0.0,3.0,22.0,6.820229094820526e-05
440.0,24,119.0,0.5242290748898678,9.73550658236288,227.0,2075.0,9.140969162995594,151.0,0.6651982378854625,21,209.0,0.0,6.90181058739319,3.028985507246377,3.028985507246377,69.0,3.0,61.0,0.5091230994960882,3.0,14.0,0.013331140390579,0.0,6.0,0.6438644600485701,4.0,40.0,0.3517648997353808,1.0,41.0,0.601089762357818,1.0,1.0,0.4737218521669439,0.0,0.0,0.9368333470972368,0.0,0.0,1.0,0.0,0.0,1.0,0.0,0.0,0.9219743819619164,0.0,3.0,0.0222618098312441,2.0,6.0,9.036859795612004e-05,0.0,3.0,0.9607638467757454,0.0,0.0,0.9024525741344556,3.0,9.0,0.4244648333586113,0.0,0.0,1.0,0.0,0.0,0.6600414326397364,2.0,19.0,2.74346069536813e-05,0.0,0.0,1.0,2.0,6.0,0.0011038380771351,0.0,0.0,0.8771153934841558
448.0,33,185.0,0.8222222222222222,9.310468470462098,225.0,2224.0,9.884444444444444,149.0,0.6622222222222223,28,300.0,91.0,5.144761127025811,4.411764705882353,4.411764705882353,68.0,3.0,58.0,0.2884423947436298,0.0,19.0,0.1084924156841839,4.0,24.0,0.0007745192833688,6.0,64.0,0.2735182330929438,1.0,49.0,0.7481130575933186,0.0,0.0,0.4433571995638699,0.0,0.0,1.0,0.0,3.0,0.9592497390779056,0.0,0.0,1.0,0.0,3.0,0.9348124904116422,0.0,0.0,0.988161511563938,1.0,7.0,0.3759272373185971,3.0,8.0,0.328930002440572,1.0,2.0,0.0260567344936395,8.0,59.0,0.1923156154288599,0.0,0.0,1.0,1.0,4.0,0.0,0.0,0.0,0.9777994449208232,0.0,0.0,1.0,0.0,0.0,1.0,0.0,0.0,0.979895059954342
464.0,29,214.0,0.9511111111111112,9.025951990668451,225.0,2300.0,10.22222222222222,0.0,0.0,28,486.0,76.0,4.782200189558881,6.567567567567568,6.567567567567568,74.0,5.0,58.0,0.2453517173233469,0.0,0.0,1.0,2.0,14.0,0.2784176720986852,7.0,115.0,0.2000988721857629,7.0,118.0,0.1239516870494908,0.0,0.0,1.0,1.0,14.0,0.6656148280916384,0.0,0.0,0.9134923750192304,0.0,0.0,1.0,0.0,0.0,1.0,0.0,25.0,0.7876545313474582,1.0,20.0,0.3886893943525573,1.0,22.0,0.2356915217963781,0.0,6.0,0.7794792105368865,4.0,85.0,0.1160004503715734,0.0,0.0,1.0,0.0,3.0,0.6640500939657187,0.0,0.0,0.4722309048141733,0.0,3.0,0.9686809540154032,0.0,0.0,1.0,0.0,3.0,0.6091746848751343
472.0,33,271.0,1.193832599118943,9.42661352902441,227.0,2346.0,10.334801762114536,46.0,0.2026431718061674,33,519.0,33.0,5.16405776110867,7.309859154929577,7.309859154929577,71.0,6.0,97.0,0.1803307706512097,0.0,0.0,1.0,1.0,7.0,6.581047319804263e-05,8.0,134.0,0.2245531524787122,5.0,86.0,0.2801588887564666,0.0,0.0,1.0,3.0,23.0,0.2845672488300289,1.0,5.0,0.0,0.0,0.0,1.0,0.0,0.0,1.0,0.0,4.0,0.9538001996461026,3.0,39.0,0.1861871933778359,3.0,38.0,0.6094688670736179,0.0,0.0,0.6295243221022567,2.0,75.0,0.3608887854977014,0.0,0.0,1.0,0.0,0.0,1.0,1.0,5.0,0.0002313073561938,0.0,3.0,0.4072028597865093,0.0,0.0,1.0,0.0,3.0,0.9765483956127252
480.0,38,370.0,1.629955947136564,8.765412439594394,227.0,2501.0,11.017621145374449,155.0,0.6828193832599119,36,625.0,106.0,4.617252324053427,7.022471910112359,7.022471910112359,89.0,3.0,43.0,0.3622810269596241,0.0,0.0,1.0,2.0,19.0,0.0002058419220828,10.0,208.0,0.2910925511729464,6.0,96.0,0.3363844760057349,0.0,0.0,0.7426489663490967,2.0,24.0,0.2328641932109771,1.0,19.0,0.6406265485636568,0.0,0.0,1.0,0.0,0.0,1.0,1.0,18.0,0.6427952411280565,1.0,34.0,0.1603849133639464,2.0,42.0,0.1862341870228124,1.0,10.0,0.5308351474741403,4.0,87.0,0.0733615423352139,0.0,0.0,1.0,1.0,1.0,0.0005298778426824,0.0,6.0,0.1582648759533901,1.0,9.0,0.0,1.0,3.0,0.0001607688724011,0.0,6.0,0.93426541067207
488.0,27,220.0,0.9361702127659576,9.105143427873568,235.0,2746.0,11.685106382978724,245.0,1.0425531914893618,23,475.0,0.0,5.369710761495642,6.418918918918919,6.418918918918919,74.0,4.0,48.0,0.2031201240859606,0.0,0.0,1.0,0.0,3.0,0.9788474245551102,2.0,134.0,0.3112207546888059,4.0,62.0,0.4992547889732856,0.0,0.0,1.0,2.0,21.0,0.3583865670380919,1.0,9.0,0.6462901494556885,0.0,0.0,1.0,0.0,0.0,1.0,3.0,32.0,0.3265413998843577,1.0,44.0,0.3696094051545634,2.0,29.0,0.1034242087139678,0.0,4.0,0.6365009031718444,3.0,65.0,0.1431507119822151,0.0,0.0,1.0,0.0,3.0,0.922296347721728,0.0,0.0,0.596570294271964,1.0,21.0,0.4801800195963705,0.0,0.0,0.0385645111923745,0.0,0.0,1.0
496.0,30,205.0,0.8874458874458875,9.238292515311588,231.0,2804.0,12.13852813852814,58.0,0.2510822510822511,25,446.0,0.0,5.90304623258874,5.575,5.575,80.0,3.0,42.0,0.4360578055484023,0.0,0.0,0.4136512357135837,0.0,0.0,1.0,7.0,107.0,0.0668999838654507,3.0,46.0,0.3103317701207231,0.0,7.0,0.8742227788235755,2.0,13.0,1.808555893525544e-05,0.0,0.0,0.3448168879973219,0.0,0.0,1.0,0.0,0.0,1.0,0.0,29.0,0.5785844218287735,1.0,49.0,0.0,3.0,39.0,0.4348298557169573,0.0,0.0,0.925935982053266,3.0,84.0,0.2590174472133508,0.0,0.0,1.0,0.0,3.0,0.709742137369974,1.0,6.0,0.0,2.0,18.0,0.2540699540669208,0.0,3.0,0.9334391870494376,0.0,0.0,1.0
520.0,31,126.0,0.5384615384615384,9.3946270750872,234.0,3116.0,13.316239316239315,0.0,0.0,23,395.0,0.0,5.309687079138342,5.984848484848484,5.984848484848484,66.0,0.0,29.0,0.5511003118883568,2.0,5.0,0.3508228985772906,0.0,0.0,1.0,3.0,69.0,0.157241373283708,3.0,45.0,0.4349415468325035,0.0,3.0,0.9479934483133254,1.0,5.0,0.0006237643714235,0.0,6.0,0.7016865014800361,0.0,0.0,0.6730481791973681,0.0,0.0,1.0,5.0,60.0,0.0721028766230982,0.0,3.0,0.968472206837528,4.0,52.0,0.3989782649938658,0.0,0.0,1.0,2.0,99.0,0.1640173930480192,0.0,0.0,1.0,2.0,9.0,0.1840824875516093,0.0,0.0,0.0252022920764522,1.0,7.0,0.3051612048781482,0.0,0.0,1.0,0.0,3.0,0.948910080789069
528.0,27,172.0,0.7196652719665272,9.18612524577084,239.0,3312.0,13.857740585774058,196.0,0.8200836820083682,21,416.0,21.0,5.3486381584592415,6.117647058823529,6.117647058823529,68.0,2.0,39.0,0.3751372077769077,3.0,9.0,0.2869572205297934,1.0,22.0,0.3702956205772509,2.0,61.0,0.0,2.0,40.0,0.5072439166003685,1.0,1.0,0.5709809616021833,0.0,5.0,0.918130172836536,0.0,0.0,0.9597615929136252,0.0,0.0,1.0,0.0,0.0,1.0,1.0,67.0,0.3881416224540125,0.0,7.0,0.7098718342250501,4.0,58.0,0.0787419518092159,0.0,9.0,0.9416476960445768,1.0,63.0,0.117899593355876,0.0,3.0,0.4751049692549495,2.0,17.0,0.0,1.0,8.0,0.4732515554660251,1.0,7.0,0.1477262259681207,0.0,0.0,1.0,0.0,0.0,1.0
536.0,22,165.0,0.6875,9.676004709551306,240.0,3337.0,13.904166666666669,25.0,0.1041666666666666,20,387.0,0.0,4.833244089130644,7.4423076923076925,7.4423076923076925,52.0,1.0,8.0,0.4888766633396496,0.0,10.0,0.2597126425639128,3.0,23.0,0.0282502044431739,2.0,92.0,0.5409431094243281,3.0,35.0,0.4221808430531353,0.0,0.0,0.4205519031952882,0.0,0.0,0.9175235414116484,0.0,0.0,0.2499155794258043,0.0,0.0,1.0,0.0,0.0,1.0,2.0,69.0,0.3732698402430168,1.0,11.0,0.4927069263338395,2.0,46.0,0.0184351148950851,1.0,7.0,0.2792549846892787,3.0,74.0,0.2621576395437147,1.0,8.0,8.424080880821511e-06,0.0,0.0,1.0,0.0,0.0,1.0,1.0,4.0,1.5795749610129446e-05,0.0,0.0,1.0,0.0,0.0,1.0
544.0,21,237.0,0.9753086419753086,9.947604855438785,243.0,3363.0,13.839506172839506,26.0,0.1069958847736625,19,409.0,22.0,6.611270010501275,6.492063492063492,6.492063492063492,63.0,0.0,20.0,0.678886030657952,0.0,4.0,0.6878835238393792,1.0,21.0,0.3274816032922631,2.0,114.0,0.5967132918235264,2.0,19.0,0.4571782514940049,3.0,17.0,3.616494833719502e-05,0.0,3.0,0.9748689079869564,0.0,0.0,1.0,1.0,2.0,0.2780398868492753,0.0,0.0,1.0,4.0,77.0,2.157218845745658e-06,0.0,4.0,0.3702708230167154,4.0,78.0,0.0,0.0,7.0,0.7914910558876604,2.0,34.0,0.3712527245113081,0.0,6.0,0.7783525904685883,0.0,0.0,0.6364852009827473,0.0,3.0,0.8387674907195897,0.0,0.0,1.0,0.0,0.0,1.0,0.0,0.0,1.0
568.0,24,84.0,0.3428571428571428,9.207933377596923,245.0,3606.0,14.718367346938775,157.0,0.6408163265306123,20,330.0,0.0,5.012240241298251,4.647887323943662,4.647887323943662,71.0,6.0,61.0,0.1391293892109573,0.0,0.0,1.0,0.0,13.0,0.4013444926923186,2.0,88.0,0.2781790834573973,4.0,51.0,0.051182384458252,0.0,0.0,0.50655606414973,2.0,9.0,0.3102030260136654,1.0,13.0,0.4454743711932334,0.0,0.0,1.0,0.0,0.0,0.9387544486493632,1.0,63.0,0.3789917274021089,0.0,0.0,0.1155270205253511,1.0,7.0,0.4304629177086106,0.0,0.0,1.0,0.0,13.0,0.6122291168666562,1.0,4.0,3.618657003834957e-05,1.0,5.0,0.6289197354417588,0.0,0.0,0.6411063921595439,1.0,3.0,7.601283099717773e-05,0.0,0.0,0.9197350588136842,0.0,0.0,1.0
576.0,30,194.0,0.7854251012145749,9.416851685211489,247.0,3576.0,14.477732793522268,0.0,0.0,27,389.0,59.0,5.771404055336405,5.118421052631579,5.118421052631579,76.0,9.0,130.0,0.3024331824507044,0.0,0.0,0.978109929152682,2.0,10.0,2.6483107168489723e-05,4.0,108.0,0.2841981276804365,4.0,86.0,0.2239345911845252,1.0,3.0,0.4715797431794608,1.0,10.0,0.6130213224301876,0.0,2.0,0.5187322211174862,0.0,0.0,0.6294919121947814,0.0,0.0,1.0,1.0,8.0,0.3589366880989343,0.0,3.0,0.925507948400082,0.0,7.0,0.9217095619064596,0.0,0.0,0.8041313271116698,0.0,0.0,0.3007151182700435,0.0,0.0,1.0,2.0,9.0,0.1771632373678967,0.0,0.0,0.5306336787520118,0.0,0.0,1.0,2.0,6.0,0.0031027464948043,1.0,7.0,2.894844793084362e-05
584.0,37,299.0,1.2304526748971194,9.02750059284574,243.0,3475.0,14.300411522633745,0.0,0.0,36,520.0,131.0,5.17994445374798,6.341463414634147,6.341463414634147,82.0,12.0,210.0,0.2054993059409615,1.0,1.0,0.0833293285245502,3.0,29.0,2.461463730128408e-05,6.0,113.0,0.2904595590323109,2.0,63.0,0.1646762343201473,0.0,0.0,1.0,0.0,3.0,0.5558708127747362,1.0,6.0,2.404979548179622e-05,0.0,0.0,0.3367609787942403,0.0,0.0,1.0,2.0,26.0,0.6656774810106323,1.0,12.0,0.2674573586916642,0.0,0.0,0.9096611805010114,0.0,0.0,0.7765247957678381,1.0,7.0,0.4938065303135582,0.0,0.0,0.9544067127190784,6.0,48.0,0.1687184154661848,0.0,1.0,0.0927202160246037,1.0,1.0,2.693768580248361e-05,0.0,0.0,1.0,0.0,0.0,1.0
592.0,28,164.0,0.6776859504132231,9.036450748047445,242.0,3603.0,14.888429752066116,128.0,0.5289256198347108,25,448.0,0.0,4.902872870283858,6.222222222222222,6.222222222222222,72.0,4.0,152.0,0.2794071474925257,2.0,9.0,0.3924510297902551,0.0,8.0,0.3451134507393739,6.0,106.0,0.2288659082267497,3.0,84.0,0.1281352913489822,0.0,0.0,0.9516967554077652,0.0,3.0,0.9568866845513344,1.0,14.0,0.4186905414897509,1.0,4.0,0.4437538526721429,0.0,0.0,1.0,0.0,3.0,0.7366422223728796,4.0,33.0,0.0849556540699035,0.0,0.0,1.0,1.0,4.0,0.6413441928359681,0.0,0.0,0.982397778140081,0.0,0.0,1.0,2.0,21.0,0.2947090908629112,1.0,7.0,0.0,0.0,0.0,0.7383201627846678,0.0,0.0,1.0,0.0,0.0,0.9245762532935085
600.0,34,233.0,0.962809917355372,8.975353198180665,242.0,3729.0,15.409090909090908,126.0,0.5206611570247934,28,452.0,4.0,4.293300211549323,6.457142857142857,6.457142857142857,70.0,5.0,129.0,0.1853864586967493,2.0,10.0,0.3079165218165669,1.0,17.0,0.3483008927954653,3.0,97.0,0.1723162357043624,7.0,109.0,0.0276508531518444,0.0,0.0,1.0,0.0,0.0,0.9947836151576448,1.0,4.0,0.6436817562678584,0.0,0.0,0.1865996105377866,0.0,0.0,1.0,0.0,0.0,0.935261899041841,4.0,50.0,2.670195053906476e-06,0.0,5.0,0.8102774913028526,0.0,0.0,0.8528366681050388,0.0,0.0,0.6132671519796903,0.0,0.0,1.0,4.0,25.0,0.3103956541604863,1.0,5.0,2.2763740655036768e-05,0.0,0.0,1.0,0.0,0.0,1.0,0.0,1.0,0.9911372241815212
608.0,35,284.0,1.1735537190082646,9.012102754098027,242.0,3599.0,14.87190082644628,0.0,0.0,29,457.0,5.0,4.6363218595923845,6.5285714285714285,6.5285714285714285,70.0,5.0,60.0,0.3216621487613427,7.0,51.0,0.071776733700732,0.0,0.0,0.0163413788997449,10.0,150.0,0.080786521875928,4.0,133.0,0.2664987470366013,0.0,0.0,1.0,0.0,3.0,0.6431110885947564,0.0,0.0,0.3926154802101615,0.0,0.0,0.9925901790109192,0.0,0.0,1.0,0.0,0.0,0.7440484118869404,0.0,34.0,0.3226508217550479,0.0,1.0,0.6704091386398343,0.0,0.0,1.0,0.0,0.0,0.5472926419200238,0.0,3.0,0.9750666510997212,2.0,9.0,0.0005060267470804,1.0,13.0,0.4698811070163141,0.0,0.0,1.0,0.0,0.0,1.0,0.0,0.0,0.9679641984324068
616.0,29,312.0,1.2946058091286308,9.583019403987263,241.0,3791.0,15.730290456431534,192.0,0.7966804979253111,25,527.0,70.0,5.299373707769828,8.234375,8.234375,64.0,5.0,90.0,0.2506706116960489,3.0,54.0,0.2866304594024302,0.0,7.0,0.5572191697701661,8.0,169.0,0.0278130222291247,4.0,141.0,0.2591001860003614,0.0,0.0,0.8036046714667366,0.0,9.0,0.7298169444996581,0.0,0.0,1.0,0.0,0.0,1.0,0.0,0.0,1.0,2.0,11.0,0.4788600026514038,0.0,0.0,1.0,0.0,0.0,0.5514438964976393,0.0,0.0,1.0,0.0,3.0,0.5113746618712425,0.0,0.0,1.0,2.0,25.0,0.3147440665346842,0.0,0.0,0.921353227130648,0.0,11.0,0.984434050392184,0.0,0.0,1.0,1.0,7.0,0.6810543268116269
624.0,33,434.0,1.8008298755186722,9.61511765227275,241.0,3739.0,15.514522821576763,0.0,0.0,27,649.0,122.0,5.024370592248697,11.0,11.0,59.0,3.0,73.0,0.4313326777658742,3.0,66.0,0.0201091926495781,1.0,6.0,0.0112079683682624,10.0,239.0,0.0,7.0,186.0,0.1380661839478156,0.0,0.0,0.2746735125301454,1.0,1.0,0.0171541396397158,0.0,2.0,0.581147083792765,0.0,0.0,1.0,0.0,0.0,1.0,1.0,40.0,0.5842908908741788,0.0,0.0,1.0,0.0,24.0,0.5317289943107932,0.0,3.0,0.900232299851732,1.0,3.0,0.4175020024772833,0.0,0.0,1.0,0.0,3.0,0.9261453168858744,0.0,0.0,0.7872872001413153,0.0,3.0,0.9992964280592084,0.0,0.0,0.9568460758172336,0.0,0.0,1.0
640.0,25,598.0,2.523206751054852,9.838516042729363,237.0,3928.0,16.573839662447256,0.0,0.0,18,732.0,1.0,4.537789309101733,15.91304347826087,15.91304347826087,46.0,0.0,17.0,0.3577771111162278,2.0,91.0,0.1146458858686031,1.0,8.0,0.4641948302568315,6.0,294.0,0.108470138443179,5.0,267.0,0.1343550817873773,0.0,0.0,1.0,0.0,0.0,1.0,1.0,2.0,0.1101777213202293,0.0,4.0,0.6127663316938706,0.0,0.0,1.0,2.0,21.0,0.0,0.0,7.0,0.7592123119960095,0.0,0.0,1.0,0.0,6.0,0.779694222295937,0.0,3.0,0.5657381083922242,0.0,0.0,0.0171988552723909,0.0,0.0,1.0,1.0,12.0,0.2236104178217062,0.0,0.0,0.9917018802251664,0.0,0.0,1.0,0.0,0.0,1.0
648.0,27,480.0,2.1333333333333333,9.79349231103417,225.0,3807.0,16.92,0.0,0.0,17,552.0,0.0,5.446667129040288,14.526315789473683,14.526315789473683,38.0,2.0,16.0,0.2044968625040891,2.0,15.0,0.0028706564740038,1.0,4.0,0.0002134811661579,5.0,276.0,0.1589235029104525,3.0,162.0,0.3491481575844461,0.0,0.0,1.0,0.0,0.0,1.0,1.0,12.0,0.5691012961507518,0.0,0.0,1.0,0.0,0.0,1.0,0.0,0.0,1.0,2.0,15.0,0.2522845319447476,0.0,36.0,0.6228292817129099,0.0,0.0,1.0,0.0,0.0,0.5477527873582325,1.0,10.0,0.4981172025213669,0.0,0.0,1.0,0.0,3.0,0.7762109713685303,0.0,0.0,0.3377924945665994,0.0,0.0,1.0,0.0,3.0,0.9588212631379828
656.0,25,221.0,0.9866071428571428,9.753200111487326,224.0,3808.0,17.0,1.0,0.0044642857142857,11,365.0,0.0,7.85021190527972,7.76595744680851,7.76595744680851,47.0,2.0,33.0,0.4648608325951289,0.0,6.0,0.7916946597332846,0.0,0.0,1.0,0.0,154.0,0.6240057323059353,4.0,81.0,0.3782495422804119,0.0,0.0,0.9245104754709508,0.0,9.0,0.8316527196869932,1.0,14.0,0.4954728196594616,0.0,0.0,1.0,0.0,0.0,1.0,0.0,0.0,0.3687292338675129,0.0,0.0,1.0,0.0,42.0,0.8206280276257496,0.0,0.0,1.0,1.0,3.0,0.398320626441603,0.0,0.0,1.0,0.0,6.0,0.9786788485690416,3.0,14.0,0.2365181870786256,0.0,3.0,0.6505738116853443,0.0,0.0,1.0,0.0,0.0,0.9007999875185168
664.0,20,87.0,0.3954545454545454,9.52837860034044,220.0,3724.0,16.927272727272726,0.0,0.0,16,289.0,0.0,5.674794848480032,6.282608695652174,6.282608695652174,46.0,1.0,26.0,0.0963229432022268,0.0,0.0,1.0,0.0,0.0,1.0,1.0,85.0,0.5958467701021105,5.0,112.0,0.440958804330036,1.0,1.0,0.1336515003955735,2.0,13.0,2.4491098701931712e-05,0.0,0.0,1.0,1.0,4.0,0.0027102733798472,0.0,0.0,1.0,1.0,6.0,0.0,0.0,0.0,1.0,0.0,6.0,0.8160100868119785,0.0,0.0,0.9516327417070236,1.0,6.0,0.1067943165416249,0.0,0.0,1.0,1.0,7.0,0.4687353239900448,0.0,14.0,0.3055942949671039,1.0,8.0,0.4851530597356508,0.0,0.0,0.9128353909434108,1.0,1.0,0.0046911234137816
672.0,24,149.0,0.6622222222222223,9.700170855487526,225.0,3848.0,17.102222222222224,124.0,0.5511111111111111,23,322.0,33.0,5.658183967413951,5.366666666666666,5.366666666666666,60.0,0.0,6.0,0.4726318579494766,1.0,4.0,0.1773674480635448,1.0,1.0,0.0047809286477697,7.0,129.0,0.3609941456152407,4.0,93.0,0.450334369239565,2.0,15.0,0.0,0.0,0.0,1.0,0.0,3.0,0.3018113876563272,1.0,8.0,0.0,0.0,0.0,1.0,0.0,0.0,0.9282937711117164,0.0,0.0,1.0,2.0,10.0,0.532819849809193,0.0,0.0,0.5860180427481302,2.0,21.0,0.0,0.0,0.0,1.0,1.0,5.0,0.652868939423436,0.0,8.0,0.6321682904165515,2.0,19.0,0.3259005880759673,0.0,0.0,1.0,0.0,0.0,1.0
680.0,24,205.0,0.8836206896551724,9.625419258503438,232.0,3952.0,17.03448275862069,104.0,0.4482758620689655,23,399.0,77.0,5.941378988392991,6.138461538461539,6.138461538461539,65.0,0.0,0.0,0.7540888527547553,0.0,0.0,0.2296088140852655,0.0,6.0,0.778876066802151,4.0,126.0,0.4127777748766981,6.0,120.0,0.433487675161509,0.0,0.0,1.0,0.0,3.0,0.9833132185798228,0.0,0.0,0.9755702503003004,0.0,0.0,0.6848910098225243,0.0,0.0,1.0,0.0,0.0,1.0,0.0,0.0,1.0,0.0,13.0,0.9379209936599114,4.0,25.0,0.2891619938451482,2.0,37.0,0.0,0.0,7.0,0.7877659989761031,1.0,13.0,0.0,3.0,14.0,0.1903847090092189,2.0,34.0,0.0021926451113007,1.0,1.0,0.4769439109439002,0.0,0.0,1.0
688.0,14,94.0,0.3852459016393442,9.633066211780992,244.0,4087.0,16.75,135.0,0.5532786885245902,12,255.0,0.0,6.923083148582086,4.112903225806452,4.112903225806452,62.0,1.0,5.0,0.1683955600513636,0.0,0.0,0.5419951390327823,1.0,7.0,0.0002110693383226,4.0,109.0,0.5488882185642523,4.0,83.0,0.3929804264631468,0.0,0.0,0.7324740302348713,0.0,6.0,0.4420823141317577,0.0,9.0,0.9073641811598704,0.0,0.0,1.0,0.0,0.0,1.0,1.0,11.0,0.7521912304445866,0.0,0.0,1.0,0.0,0.0,0.5669783128953555,0.0,5.0,0.6147367938048129,0.0,0.0,0.9046307321856972,1.0,8.0,0.0234845347421096,0.0,3.0,0.0173687462238706,0.0,9.0,0.3032343708452609,0.0,0.0,1.0,0.0,0.0,1.0,0.0,0.0,0.9231050516453756
704.0,21,130.0,0.5579399141630901,9.740596255810882,233.0,3582.0,15.373390557939912,0.0,0.0,19,233.0,0.0,4.668193838609545,4.568627450980392,4.568627450980392,51.0,3.0,27.0,0.2993537895236828,0.0,3.0,0.480083187095781,0.0,0.0,1.0,7.0,70.0,0.1956023385348673,7.0,107.0,0.158003894363148,0.0,0.0,0.8407688986303357,0.0,0.0,0.934419085859116,0.0,0.0,1.0,0.0,0.0,0.9158599955699798,0.0,0.0,1.0,0.0,0.0,0.4372469307813674,0.0,0.0,1.0,0.0,2.0,0.5082180885811661,0.0,2.0,0.3831125526300964,0.0,1.0,0.9974404966257618,0.0,0.0,1.0,0.0,0.0,1.0,0.0,12.0,0.8955877543818305,0.0,0.0,0.0159122031228374,1.0,5.0,0.009843637354214,1.0,4.0,0.5579701634546074
712.0,28,192.0,0.8609865470852018,9.370446362982312,223.0,3450.0,15.47085201793722,0.0,0.0,25,326.0,93.0,4.197464060347561,5.821428571428571,5.821428571428571,56.0,0.0,21.0,0.0845440205489386,2.0,11.0,0.0003304763749442,0.0,0.0,1.0,9.0,125.0,0.1342943313286697,7.0,97.0,0.0637853295154682,0.0,0.0,1.0,0.0,3.0,0.9129558912039076,0.0,0.0,0.0192084157503379,0.0,0.0,1.0,0.0,0.0,1.0,0.0,6.0,0.8662931268971795,0.0,0.0,0.5987556508850213,1.0,14.0,0.6311756591430275,1.0,6.0,0.0,1.0,5.0,1.1185436775241824e-05,0.0,0.0,1.0,1.0,9.0,0.023233333621292,1.0,17.0,0.4894038165524634,1.0,8.0,0.0,0.0,0.0,1.0,1.0,4.0,0.4890126451297711
720.0,23,224.0,0.991150442477876,9.490533532518436,226.0,3500.0,15.486725663716816,50.0,0.2212389380530973,23,424.0,98.0,4.556887745694615,7.571428571428571,7.571428571428571,56.0,2.0,19.0,0.0383158020508424,0.0,3.0,0.9874450841129516,0.0,0.0,1.0,7.0,162.0,0.1633361950710315,6.0,127.0,0.2337921738926063,0.0,0.0,1.0,2.0,10.0,0.1901780439350404,2.0,51.0,0.1563324793646622,0.0,0.0,0.8415718360227498,0.0,0.0,1.0,1.0,16.0,0.6846534755959574,0.0,0.0,1.0,1.0,7.0,0.6835566720745481,0.0,0.0,1.0,0.0,0.0,0.9509117084774694,0.0,0.0,1.0,0.0,0.0,1.0,2.0,29.0,0.0086837659884189,0.0,0.0,1.0,0.0,0.0,0.4135321381348757,0.0,0.0,1.0
728.0,31,231.0,1.0358744394618835,9.336205516239602,223.0,3204.0,14.367713004484305,0.0,0.0,27,440.0,16.0,4.778016579592843,7.333333333333333,7.333333333333333,60.0,2.0,22.0,0.2427412869353689,0.0,0.0,0.5946255006399535,0.0,0.0,0.9250177388621312,8.0,179.0,0.1962039745740304,2.0,89.0,0.457456792336551,0.0,0.0,0.90770265097861,5.0,41.0,0.0013663151554751,1.0,28.0,0.5582344428590955,0.0,0.0,1.0,0.0,0.0,1.0,3.0,19.0,0.2848586997666609,0.0,0.0,1.0,1.0,2.0,0.6469602232211208,0.0,0.0,1.0,1.0,1.0,0.4983946937883634,0.0,0.0,1.0,0.0,0.0,1.0,1.0,36.0,0.3064068259815778,0.0,3.0,0.5778114441033406,3.0,18.0,0.1943088025413786,0.0,2.0,0.9986612170662365
736.0,26,265.0,1.1830357142857142,9.425645832216974,224.0,3251.0,14.513392857142858,47.0,0.2098214285714285,23,502.0,62.0,4.805648867202265,9.127272727272729,9.127272727272729,55.0,2.0,27.0,0.0932141388590868,0.0,0.0,0.7172295946552312,0.0,0.0,1.0,9.0,263.0,0.3827017291365663,5.0,72.0,0.266768914872033,0.0,0.0,1.0,0.0,0.0,1.0,3.0,41.0,2.591156618420937e-05,0.0,0.0,1.0,0.0,0.0,1.0,0.0,17.0,0.6071811013024838,0.0,4.0,0.5546644647474258,1.0,13.0,0.4686310426947275,0.0,0.0,0.907542898170684,0.0,0.0,0.0143161991418303,0.0,0.0,1.0,0.0,0.0,1.0,1.0,46.0,0.1854382113155446,2.0,16.0,0.0,0.0,3.0,0.7224021687997397,0.0,0.0,1.0
744.0,21,318.0,1.4324324324324325,9.82908087835655,222.0,3225.0,14.527027027027026,0.0,0.0,19,460.0,0.0,5.702400327758066,8.679245283018869,8.679245283018869,53.0,5.0,60.0,0.1672675470926352,0.0,0.0,1.0,1.0,3.0,0.2826099815805578,10.0,323.0,0.2118930442315321,1.0,20.0,0.4587569283597707,0.0,0.0,1.0,0.0,7.0,0.9233207603707064,0.0,6.0,0.3869300955106669,0.0,0.0,1.0,0.0,4.0,0.9070629196123072,0.0,7.0,0.5561559455400769,0.0,0.0,1.0,1.0,16.0,0.7209455149932545,0.0,0.0,1.0,0.0,0.0,0.1540946807871552,0.0,0.0,1.0,0.0,3.0,0.9026359552712568,1.0,11.0,0.0,0.0,0.0,1.0,0.0,0.0,1.0,0.0,0.0,1.0
752.0,28,407.0,1.85,9.499746863093216,220.0,3258.0,14.809090909090909,33.0,0.15,27,609.0,149.0,5.926180007192255,8.22972972972973,8.22972972972973,74.0,1.0,57.0,0.2841696593523483,0.0,6.0,0.6573636190711393,0.0,0.0,1.0,15.0,428.0,0.169494770534948,5.0,38.0,0.0012939041288732,1.0,6.0,0.4642012217267852,1.0,11.0,0.3145239006916967,2.0,25.0,0.5335554716512766,0.0,0.0,1.0,0.0,0.0,1.0,0.0,0.0,0.9593129922979766,0.0,0.0,1.0,1.0,16.0,0.5534116766902094,0.0,3.0,0.9593911990230364,0.0,0.0,0.6680827120470426,0.0,0.0,0.7203119387149907,0.0,0.0,1.0,0.0,13.0,0.6375154064529728,0.0,0.0,1.0,1.0,6.0,0.4331498031284637,0.0,0.0,1.0
760.0,25,164.0,0.7488584474885844,9.158271323809853,219.0,3441.0,15.712328767123289,183.0,0.8356164383561644,24,458.0,0.0,5.760561170922601,6.1891891891891895,6.1891891891891895,74.0,1.0,15.0,0.5197299550402021,4.0,21.0,0.1633448596281712,0.0,0.0,1.0,8.0,306.0,0.2192452084080736,2.0,39.0,0.1605562381135711,1.0,14.0,0.0,0.0,13.0,0.839239192821111,0.0,4.0,0.3371217850691207,0.0,0.0,0.72325790113097,0.0,0.0,1.0,0.0,5.0,0.5584863955401547,0.0,0.0,1.0,3.0,12.0,0.1937080752008099,0.0,0.0,0.9324266385963312,0.0,0.0,0.9551030815661072,0.0,0.0,0.9999677408014148,0.0,0.0,0.9852863839297338,3.0,20.0,0.4042516350838295,0.0,0.0,1.0,0.0,0.0,1.0,2.0,9.0,0.3344139690797889
768.0,29,166.0,0.7980769230769231,9.163558492558138,208.0,3378.0,16.240384615384617,0.0,0.0,28,564.0,106.0,3.609588916390734,9.245901639344265,9.245901639344265,61.0,4.0,31.0,0.1927041685788014,2.0,22.0,0.105158936987599,0.0,3.0,0.6845524611504156,7.0,355.0,0.1917865256963446,3.0,22.0,0.0004642867364225,0.0,0.0,0.3041497704915555,1.0,16.0,0.7397638663623475,2.0,16.0,0.0911230867709193,0.0,0.0,0.9261963487929838,0.0,0.0,0.9417074018532944,1.0,13.0,0.7065487949394971,0.0,0.0,1.0,3.0,26.0,3.668208231880484e-06,0.0,0.0,1.0,0.0,0.0,1.0,1.0,5.0,0.0004162004233055,1.0,8.0,0.1099197060237203,3.0,44.0,0.0,0.0,0.0,1.0,0.0,0.0,1.0,0.0,3.0,0.9905871837168578
776.0,25,205.0,1.025,9.129207547076415,200.0,3400.0,17.0,22.0,0.11,24,463.0,0.0,4.034839004193196,7.716666666666667,7.716666666666667,60.0,4.0,63.0,0.1812669801571958,3.0,43.0,0.2059563824644747,3.0,16.0,0.000254816822875,8.0,237.0,0.1920324143052043,2.0,31.0,0.0,0.0,3.0,0.51898342489689,2.0,23.0,0.4547322680385985,0.0,10.0,0.2889444779703963,0.0,0.0,1.0,0.0,0.0,0.9199816077681462,1.0,8.0,0.0,0.0,0.0,1.0,0.0,5.0,0.7367608372542622,0.0,3.0,0.6605175623782175,0.0,0.0,0.9624153887330604,0.0,0.0,1.0,0.0,0.0,1.0,1.0,18.0,0.0,0.0,0.0,1.0,0.0,3.0,0.972094793399642,0.0,0.0,1.0
784.0,15,136.0,0.68,9.791953145385976,200.0,3216.0,16.08,0.0,0.0,15,239.0,0.0,5.995947007767973,4.425925925925926,4.425925925925926,54.0,5.0,60.0,0.0075422107799652,2.0,20.0,0.287539741304869,0.0,3.0,0.2280213090862779,5.0,106.0,0.2557726657322254,0.0,0.0,0.8508295859491115,0.0,0.0,0.3979405573003459,0.0,0.0,0.9439101313681812,1.0,12.0,0.4465984091165036,0.0,0.0,1.0,0.0,0.0,0.0127661088707751,0.0,12.0,0.6940972514012921,1.0,1.0,0.0032815067135327,0.0,9.0,0.7988066582110676,0.0,7.0,0.8275342494130993,0.0,1.0,0.0051287066860442,0.0,1.0,0.9678628771208788,0.0,3.0,0.8128048320238569,0.0,0.0,1.0,0.0,0.0,0.6448845356580648,1.0,4.0,0.0,0.0,0.0,1.0
792.0,22,134.0,0.6871794871794872,9.529205302161746,195.0,3158.0,16.194871794871794,0.0,0.0,22,273.0,34.0,4.308755597504623,5.571428571428571,5.571428571428571,49.0,1.0,44.0,0.116850616046247,1.0,13.0,0.3220746911416523,0.0,3.0,0.777365821252537,10.0,132.0,0.0711087647784234,0.0,10.0,0.9870835273140538,2.0,10.0,0.2571782694377732,1.0,11.0,0.6293066733696118,0.0,0.0,0.0378410590845391,0.0,3.0,0.1005684561315414,0.0,0.0,1.0,1.0,8.0,0.3593373424613549,0.0,4.0,0.9612084700744326,1.0,1.0,0.5846426837821359,0.0,0.0,0.965556628948069,0.0,3.0,0.9307194568572384,0.0,0.0,1.0,3.0,26.0,0.0007693146132636,0.0,0.0,1.0,1.0,1.0,0.0056297574758193,1.0,4.0,0.1204265881581642,0.0,0.0,1.0
808.0,16,70.0,0.3825136612021858,9.98324453690022,183.0,2530.0,13.825136612021858,0.0,0.0,14,209.0,0.0,6.168451632293284,4.976190476190476,4.976190476190476,42.0,0.0,3.0,0.4995130393240947,0.0,0.0,1.0,0.0,3.0,0.4159080606130581,7.0,114.0,0.2216070748098853,0.0,3.0,0.6363185120732148,1.0,4.0,0.0,0.0,6.0,0.8085073982891907,3.0,36.0,0.2449708997314937,1.0,15.0,0.0137817473772252,0.0,0.0,1.0,0.0,3.0,0.9007411215958178,1.0,7.0,0.0,0.0,3.0,0.680972454283545,0.0,2.0,0.6861495929994107,1.0,5.0,0.481055213415124,0.0,3.0,0.98152302709814,0.0,0.0,1.0,0.0,0.0,1.0,0.0,2.0,0.9450141866041982,0.0,0.0,0.6084334062293124,0.0,0.0,1.0
816.0,13,41.0,0.2265193370165746,9.850642003757574,181.0,2430.0,13.425414364640885,0.0,0.0,12,151.0,0.0,5.462344451651432,3.871794871794872,3.871794871794872,39.0,2.0,12.0,0.0001074854861831,0.0,7.0,0.7923021229512626,1.0,1.0,0.00487081948146,3.0,99.0,0.3184734394671066,0.0,0.0,1.0,0.0,0.0,1.0,1.0,5.0,0.6049571621855208,1.0,3.0,0.0213951339935724,0.0,0.0,1.0,0.0,0.0,1.0,0.0,0.0,0.735870882292992,0.0,0.0,1.0,1.0,3.0,0.3402505019285977,0.0,2.0,0.4782066728505336,1.0,1.0,0.0018491168099172,1.0,11.0,0.2575963867545123,0.0,0.0,0.9933079416506508,0.0,0.0,1.0,1.0,4.0,0.4794897346807275,0.0,0.0,0.9231872357336351,0.0,3.0,0.5363833972009753
824.0,11,45.0,0.2406417112299465,10.320751585324544,187.0,2421.0,12.946524064171124,0.0,0.0,11,117.0,0.0,6.701490032000956,3.1621621621621623,3.1621621621621623,37.0,0.0,0.0,0.944264920389282,2.0,13.0,0.0001519491456909,1.0,5.0,0.0864765409119904,5.0,62.0,0.4154479300264581,0.0,6.0,0.8361864223297696,0.0,0.0,1.0,1.0,13.0,0.3755598076005872,0.0,0.0,0.2635767222055126,0.0,0.0,1.0,0.0,0.0,1.0,0.0,3.0,0.985652043519907,0.0,0.0,1.0,0.0,0.0,0.3031944844166931,0.0,0.0,0.958234904202616,0.0,0.0,0.5970641754424705,0.0,3.0,0.2873338776185848,0.0,0.0,0.9246667519542312,0.0,0.0,0.9845119073640676,1.0,5.0,0.4868968270773464,0.0,0.0,1.0,1.0,7.0,1.1302937812713726e-05
832.0,8,45.0,0.2406417112299465,10.370463707089025,187.0,2378.0,12.716577540106952,0.0,0.0,8,105.0,0.0,7.454652793081057,2.441860465116279,2.441860465116279,43.0,0.0,0.0,0.2160147259775328,0.0,0.0,1.0,2.0,20.0,0.0,1.0,23.0,0.524464281779146,2.0,21.0,0.5538600161574941,0.0,0.0,1.0,0.0,7.0,0.9836210422612238,1.0,7.0,0.0,0.0,0.0,1.0,0.0,0.0,1.0,0.0,3.0,0.5281583389381252,0.0,0.0,1.0,0.0,0.0,0.3381430698125909,0.0,0.0,0.2534074530701235,0.0,0.0,0.953629547029206,0.0,0.0,1.0,0.0,7.0,0.8858484283613087,0.0,0.0,0.6208965222717805,2.0,14.0,0.3083527061878242,0.0,0.0,1.0,0.0,3.0,0.9203318927276708
840.0,14,79.0,0.4247311827956989,10.415466795767134,186.0,2274.0,12.225806451612904,0.0,0.0,14,141.0,36.0,7.481199058632354,3.0,3.0,47.0,0.0,0.0,0.7462364785229137,0.0,6.0,0.78440702852816,0.0,0.0,1.0,1.0,8.0,0.3943031624195839,2.0,32.0,0.4143227383913719,0.0,0.0,1.0,0.0,5.0,0.9551461168940424,0.0,3.0,0.9926736569543212,0.0,0.0,1.0,0.0,0.0,1.0,0.0,3.0,0.6971637206476687,0.0,0.0,1.0,3.0,7.0,0.2341037210587774,0.0,0.0,1.0,1.0,5.0,0.5889907091710807,0.0,0.0,1.0,2.0,13.0,0.3337882647613415,1.0,8.0,0.4145467060711384,2.0,30.0,0.0,1.0,5.0,0.3993805579455056,1.0,16.0,0.7085553309005417
848.0,8,21.0,0.12,10.562284765902156,175.0,2115.0,12.085714285714284,0.0,0.0,6,51.0,0.0,6.882005940312906,1.7,1.7,30.0,1.0,4.0,0.338208718637794,0.0,0.0,1.0,0.0,0.0,1.0,1.0,11.0,0.1622553654399119,1.0,5.0,0.1009523322290294,1.0,4.0,0.3457236315083493,0.0,2.0,0.4829412489576715,0.0,0.0,0.99659422053707,0.0,0.0,1.0,0.0,0.0,1.0,1.0,14.0,0.6188087877270927,0.0,0.0,1.0,1.0,8.0,0.4234262867712128,0.0,0.0,1.0,0.0,0.0,1.0,0.0,0.0,1.0,0.0,0.0,0.950663794364994,0.0,0.0,0.9834037261290012,0.0,3.0,0.4607946391669476,0.0,0.0,0.6162704166984986,0.0,0.0,0.9404860318062226
856.0,14,65.0,0.3693181818181818,10.569372354103002,176.0,2159.0,12.267045454545457,44.0,0.25,14,109.0,58.0,7.461284940965295,2.725,2.725,40.0,4.0,25.0,0.0004221918139151,0.0,0.0,1.0,0.0,0.0,1.0,2.0,13.0,0.0002603343698926,1.0,4.0,7.561003982035858e-06,3.0,20.0,1.4610142442482055e-05,0.0,5.0,0.8351557916721332,0.0,0.0,1.0,0.0,0.0,1.0,0.0,0.0,0.9131340363158426,2.0,21.0,0.4793873862982357,0.0,0.0,0.6097879702943467,1.0,12.0,0.6508663378600597,0.0,0.0,1.0,0.0,0.0,0.2266946213044506,0.0,0.0,1.0,0.0,4.0,0.8840574799314269,1.0,2.0,0.4050120884028843,0.0,0.0,0.965925428727314,0.0,3.0,0.9283518783944316,0.0,0.0,0.9584671697663611
864.0,8,59.0,0.3277777777777778,10.917466208095895,180.0,2140.0,11.88888888888889,0.0,0.0,6,94.0,0.0,7.325642066137121,3.9166666666666665,3.9166666666666665,24.0,3.0,45.0,0.0,0.0,0.0,0.6390744063847781,1.0,1.0,0.0023671146618693,0.0,0.0,1.0,1.0,12.0,0.0,0.0,0.0,1.0,0.0,0.0,1.0,0.0,0.0,0.5808456213403042,0.0,0.0,1.0,0.0,0.0,1.0,0.0,4.0,0.1758407554930197,0.0,5.0,0.6846212652414233,0.0,5.0,0.5288954522248233,0.0,0.0,1.0,0.0,4.0,0.9647878710847836,0.0,4.0,0.9038852995059744,1.0,3.0,0.3416479629216123,0.0,0.0,0.6092723198093946,0.0,8.0,0.9906219171057816,0.0,0.0,1.0,0.0,3.0,0.7944441527174362
872.0,8,76.0,0.4153005464480874,10.999038008668164,183.0,2146.0,11.726775956284152,6.0,0.0327868852459016,7,121.0,27.0,7.881038427950531,3.6666666666666665,3.6666666666666665,33.0,4.0,82.0,0.243269383096832,0.0,5.0,0.6212287150470776,0.0,0.0,1.0,0.0,0.0,1.0,0.0,0.0,1.0,0.0,0.0,0.9328411723186408,0.0,0.0,1.0,2.0,7.0,0.0007982380625398,0.0,0.0,1.0,0.0,0.0,1.0,0.0,0.0,0.6340753859333889,0.0,0.0,1.0,0.0,7.0,0.7290101697548292,0.0,3.0,0.7483074300809686,0.0,0.0,0.9123946296105224,0.0,0.0,0.6225961359204611,0.0,10.0,0.5881770166272223,0.0,3.0,0.5860389082634448,0.0,0.0,1.0,1.0,1.0,0.0023044858457961,0.0,3.0,0.9701640596343408
880.0,6,15.0,0.077720207253886,10.880828944247884,193.0,2045.0,10.595854922279791,0.0,0.0,4,66.0,0.0,7.608649334371402,1.9411764705882355,1.9411764705882355,34.0,0.0,43.0,0.3682293224884505,0.0,0.0,0.6118259642686449,1.0,4.0,0.3434093633064305,0.0,1.0,0.3390489598106152,0.0,0.0,0.9834234861055696,0.0,0.0,0.9159163916602088,0.0,0.0,1.0,0.0,0.0,0.9416398257218692,0.0,0.0,1.0,0.0,0.0,1.0,1.0,5.0,0.5726147715515433,0.0,2.0,0.0174214816454874,1.0,5.0,0.4704916993084807,0.0,0.0,1.0,1.0,0.0,0.4461695888621989,0.0,3.0,0.9831447500909428,0.0,3.0,0.6897776254049757,0.0,0.0,1.0,0.0,0.0,0.0643188477422188,0.0,0.0,1.0,0.0,0.0,0.9334099187474916
904.0,20,71.0,0.3756613756613756,9.307852478846067,189.0,1608.0,8.507936507936508,0.0,0.0,11,108.0,0.0,5.640885908613793,2.4,2.4,45.0,2.0,33.0,0.1890242867697948,0.0,11.0,0.3473892681703417,0.0,6.0,0.6699999843313642,0.0,0.0,0.9625170101563216,2.0,9.0,0.0901053441271297,0.0,0.0,1.0,1.0,4.0,8.870932481990615e-06,0.0,0.0,1.0,0.0,3.0,0.0296096175410682,0.0,0.0,1.0,0.0,5.0,0.7443662900720542,1.0,6.0,0.0,1.0,0.0,0.5214087622613379,0.0,0.0,1.0,1.0,12.0,0.3006404883440742,0.0,0.0,0.955338813337129,1.0,13.0,0.3236243118559824,0.0,0.0,1.0,0.0,0.0,1.0,0.0,0.0,1.0,2.0,6.0,0.2966029538893945
912.0,17,91.0,0.4764397905759162,9.26721875985534,191.0,1610.0,8.429319371727749,2.0,0.0104712041884816,17,183.0,75.0,6.013295793348066,3.267857142857143,3.267857142857143,56.0,8.0,78.0,0.0992602476603646,0.0,9.0,0.8376664056062648,0.0,21.0,0.2164577164383464,0.0,0.0,0.9536311883219204,1.0,6.0,0.0,0.0,0.0,0.9615300924412364,0.0,0.0,1.0,0.0,0.0,0.9285892346432189,0.0,0.0,1.0,0.0,0.0,1.0,0.0,11.0,0.6583363243704914,0.0,0.0,0.1494987785651979,2.0,9.0,0.1995977486331921,0.0,0.0,0.8829388390760577,3.0,21.0,0.3011968001260892,0.0,3.0,0.9763317632173912,3.0,25.0,0.3143686107769852,0.0,0.0,0.9632258485246928,0.0,0.0,0.6968045052707551,0.0,0.0,0.9944877938924496,0.0,0.0,0.4414647516780831
920.0,30,175.0,0.925925925925926,8.87082869381751,189.0,1664.0,8.804232804232804,54.0,0.2857142857142857,24,279.0,96.0,4.329736411198623,4.894736842105263,4.894736842105263,57.0,4.0,81.0,0.0750739231792978,2.0,24.0,0.0001578016765098,1.0,18.0,0.2274859830094663,2.0,7.0,0.3262308446506366,1.0,14.0,0.0,0.0,0.0,1.0,0.0,3.0,0.9245724636405652,0.0,0.0,1.0,0.0,0.0,1.0,0.0,0.0,0.9029476355515024,3.0,14.0,0.2762154239116857,0.0,0.0,1.0,1.0,18.0,0.4650657629097912,1.0,4.0,0.4970131560962341,2.0,31.0,0.4530852844795719,0.0,3.0,0.9524565069441148,4.0,49.0,0.002440452314247,0.0,0.0,0.922342403181716,1.0,6.0,0.0651263945871977,1.0,2.0,0.064965536230697,1.0,5.0,0.0
936.0,25,138.0,0.7419354838709677,9.097536673577189,186.0,1784.0,9.591397849462366,0.0,0.0,20,254.0,26.0,5.003763608261643,4.703703703703703,4.703703703703703,54.0,2.0,78.0,0.2556924581202817,0.0,9.0,0.8326216927555654,1.0,34.0,0.4673562974008453,1.0,2.0,0.4604583743969372,0.0,0.0,1.0,1.0,3.0,0.3373236673094812,1.0,8.0,0.4668239577728283,0.0,0.0,1.0,0.0,0.0,1.0,0.0,0.0,1.0,1.0,34.0,0.4659578492044686,0.0,0.0,1.0,6.0,46.0,0.0900050560038651,0.0,0.0,0.1277748622111441,3.0,25.0,0.0323095115254353,0.0,3.0,0.8422335467883001,0.0,0.0,0.9365157590834604,1.0,1.0,0.6271783059676065,1.0,1.0,0.0602082317073553,2.0,10.0,0.2984226044427506,0.0,0.0,0.9487769945868014
944.0,23,158.0,0.8449197860962567,9.255116570977082,187.0,1794.0,9.593582887700537,10.0,0.053475935828877,20,263.0,9.0,4.100035395560207,5.15686274509804,5.15686274509804,51.0,3.0,84.0,0.113260373053924,0.0,4.0,0.5923153645538503,1.0,19.0,0.1983130301232963,2.0,12.0,5.822529630258556e-05,0.0,0.0,1.0,3.0,25.0,0.2115076475451072,0.0,4.0,0.4050072276018103,0.0,0.0,1.0,0.0,0.0,1.0,0.0,0.0,1.0,4.0,39.0,0.1594479925052491,0.0,0.0,1.0,0.0,13.0,0.722139247920745,0.0,3.0,0.5244175689888763,4.0,46.0,0.0003212769736691,0.0,0.0,0.7336458871935859,0.0,0.0,1.0,3.0,14.0,0.0021303893039234,0.0,0.0,1.0,0.0,0.0,0.4435361304951416,0.0,0.0,0.9423862219559924
960.0,19,138.0,0.7624309392265194,9.625215635532305,181.0,1763.0,9.740331491712707,48.0,0.2651933701657458,17,256.0,0.0,5.336579302255912,4.654545454545454,4.654545454545454,55.0,2.0,69.0,0.1968344302019292,1.0,2.0,0.0207772361731784,1.0,11.0,0.1775864813228191,0.0,0.0,1.0,0.0,1.0,0.9410030227839364,1.0,12.0,0.5272334901887636,0.0,6.0,0.586088657940225,1.0,1.0,0.0167053771884142,0.0,0.0,1.0,0.0,0.0,1.0,1.0,51.0,0.4309542048099863,0.0,0.0,1.0,2.0,7.0,0.4620817426633407,3.0,25.0,0.2122972230409655,4.0,49.0,0.1882790181621663,0.0,0.0,1.0,1.0,8.0,0.0,0.0,0.0,1.0,0.0,4.0,0.9401262103232084,0.0,4.0,0.3584780068004269,0.0,6.0,0.947798556330112
976.0,20,132.0,0.717391304347826,9.174434698179171,184.0,1777.0,9.657608695652174,0.0,0.0,19,344.0,44.0,5.807219885400844,5.830508474576271,5.830508474576271,59.0,0.0,63.0,0.3380964369199863,0.0,3.0,0.6221986389308508,0.0,0.0,1.0,0.0,10.0,0.9422575530124412,2.0,15.0,0.0009560807551416,1.0,20.0,0.2409860903401599,3.0,54.0,0.3155010981330822,0.0,0.0,1.0,0.0,0.0,0.9440339769765445,0.0,0.0,1.0,0.0,66.0,0.6695284915698667,1.0,4.0,2.114322804744082e-05,2.0,25.0,0.2094178787692592,3.0,18.0,2.19417303742676e-05,4.0,44.0,0.1661042653408795,0.0,0.0,1.0,0.0,0.0,0.5333280560266658,0.0,0.0,1.0,0.0,0.0,0.309082584584195,3.0,14.0,0.1430132197539454,0.0,8.0,0.7944623840096902
984.0,26,134.0,0.7570621468926554,8.567588613489077,177.0,1705.0,9.63276836158192,0.0,0.0,23,282.0,0.0,4.389107533465938,5.423076923076923,5.423076923076923,52.0,3.0,79.0,0.3866673794777128,2.0,9.0,0.2006479625518549,0.0,0.0,1.0,1.0,3.0,4.854832361385214e-05,1.0,10.0,0.1750786773353602,2.0,8.0,0.0104834547984284,4.0,85.0,0.0074921197924409,0.0,3.0,0.9493605952585156,0.0,0.0,1.0,0.0,0.0,1.0,2.0,17.0,0.3819008654406463,0.0,6.0,0.8442078380619367,4.0,14.0,0.2765860135845402,0.0,3.0,0.9511020051322228,0.0,11.0,0.4026254461654181,0.0,0.0,1.0,0.0,0.0,1.0,0.0,2.0,0.1108512712001638,1.0,6.0,0.0060265178488221,0.0,0.0,0.6320414558303784,3.0,26.0,0.465829848096065
992.0,20,111.0,0.6379310344827587,9.655967732457771,174.0,1669.0,9.591954022988508,0.0,0.0,17,270.0,0.0,5.937304632109962,5.510204081632653,5.510204081632653,49.0,0.0,27.0,0.6925764692994574,2.0,18.0,0.0001547743242273,0.0,3.0,0.6868515620812019,0.0,3.0,0.9469098862587916,2.0,22.0,0.1797845424692075,1.0,9.0,0.0,2.0,72.0,0.2644590503788295,0.0,3.0,0.5669182879259089,0.0,3.0,0.1938428791125397,0.0,0.0,1.0,3.0,41.0,0.223122066914066,0.0,0.0,1.0,3.0,25.0,0.2935333594017233,0.0,6.0,0.9420947669238,3.0,22.0,0.0016160388683305,0.0,1.0,0.9607002451887788,0.0,0.0,1.0,0.0,0.0,1.0,0.0,0.0,1.0,0.0,0.0,1.0,1.0,15.0,0.725467284165315
1008.0,18,143.0,0.7900552486187845,9.84556954138172,181.0,1716.0,9.480662983425416,74.0,0.4088397790055249,17,189.0,0.0,6.2387146600140175,4.295454545454546,4.295454545454546,44.0,2.0,8.0,0.2687787391949601,2.0,32.0,0.0,0.0,0.0,0.9382390261148312,1.0,5.0,0.6307289527924511,1.0,34.0,0.0,0.0,0.0,0.994492923193752,2.0,16.0,0.3231531934091808,0.0,3.0,0.9446441147118292,0.0,0.0,1.0,0.0,0.0,1.0,3.0,30.0,0.5083729335314807,0.0,0.0,1.0,3.0,43.0,0.3724421986309724,0.0,0.0,0.5888385376003515,1.0,10.0,0.2501571259732332,0.0,0.0,1.0,1.0,7.0,0.3972640657413291,0.0,0.0,0.9308405616655924,1.0,1.0,0.0010054863789613,0.0,0.0,1.0,0.0,0.0,1.0
1016.0,20,111.0,0.6201117318435754,9.342957763141248,179.0,1581.0,8.832402234636872,0.0,0.0,19,181.0,0.0,5.232449333705237,3.549019607843137,3.549019607843137,51.0,2.0,24.0,0.4042175281419577,1.0,21.0,0.0070259647085654,0.0,0.0,1.0,2.0,17.0,0.5271569062793364,0.0,0.0,1.0,2.0,4.0,0.2908287018800843,0.0,0.0,0.9984003723342124,0.0,0.0,1.0,0.0,7.0,0.7981026876616735,0.0,0.0,1.0,7.0,66.0,0.1886175969184597,0.0,5.0,0.4636474068518532,2.0,27.0,0.2226608039713098,1.0,3.0,0.2182699923065948,1.0,0.0,0.5921952880109899,0.0,0.0,1.0,0.0,0.0,1.0,1.0,7.0,0.1230163668655181,0.0,0.0,1.0,0.0,0.0,0.9625915596385742,0.0,0.0,0.909120535620192
1024.0,16,57.0,0.3131868131868132,9.216512153109436,182.0,1607.0,8.82967032967033,26.0,0.1428571428571428,14,123.0,0.0,5.435111715160693,2.86046511627907,2.86046511627907,43.0,0.0,0.0,0.1064067043767092,0.0,0.0,1.0,0.0,3.0,0.8410887733872353,1.0,7.0,0.451441680357469,0.0,3.0,0.9652311844143552,2.0,9.0,9.849236335637988e-06,0.0,0.0,0.9731429766544236,0.0,4.0,0.9562585224236144,0.0,0.0,1.0,0.0,0.0,1.0,3.0,47.0,0.2144321652048474,0.0,0.0,1.0,0.0,5.0,0.3447280095304476,4.0,25.0,0.0798736414329839,0.0,7.0,0.7205279465069301,0.0,0.0,1.0,2.0,7.0,0.0011547448063319,0.0,0.0,0.8071138630049385,0.0,0.0,1.0,2.0,6.0,0.1329998809339792,0.0,0.0,1.0
1032.0,9,29.0,0.1638418079096045,10.468793372100327,177.0,1516.0,8.564971751412429,0.0,0.0,8,109.0,0.0,7.557572242346286,2.477272727272727,2.477272727272727,44.0,0.0,0.0,0.9956110119181152,1.0,3.0,0.3738638159406774,0.0,3.0,0.662512873123123,0.0,3.0,0.8230989813004763,0.0,6.0,0.8255438237021987,1.0,6.0,0.4836325631442629,0.0,0.0,0.9547617764797828,0.0,3.0,0.9294926710221164,0.0,0.0,1.0,0.0,2.0,0.9511138512957068,2.0,54.0,0.3330265035474573,0.0,0.0,1.0,2.0,15.0,0.4611103676345768,0.0,4.0,0.2904779929386863,0.0,0.0,0.9294494082172682,0.0,0.0,1.0,0.0,0.0,0.9168570459457356,2.0,9.0,0.0932920462498995,0.0,0.0,1.0,0.0,0.0,1.0,0.0,1.0,0.9244393123233056
1040.0,8,38.0,0.2196531791907514,10.499126176657011,173.0,1495.0,8.641618497109826,0.0,0.0,6,77.0,0.0,6.636521554684174,2.333333333333333,2.333333333333333,33.0,0.0,3.0,0.978590922593771,0.0,0.0,0.8272500333156123,0.0,0.0,1.0,1.0,7.0,0.3267399148719017,2.0,14.0,0.3287732662176578,0.0,0.0,0.0255983476616194,1.0,5.0,0.0,0.0,0.0,1.0,0.0,0.0,1.0,0.0,0.0,0.8987642266961339,1.0,25.0,0.2582971122157583,0.0,0.0,1.0,0.0,14.0,0.5364262045528823,0.0,0.0,1.0,0.0,0.0,0.7571481605810778,0.0,3.0,0.9543321135156052,1.0,2.0,0.3215231777743834,0.0,0.0,1.0,0.0,0.0,1.0,0.0,0.0,0.9258090760227556,0.0,4.0,0.9685493318876944
1048.0,7,42.0,0.25,10.780556311661067,168.0,1380.0,8.214285714285714,0.0,0.0,5,97.0,20.0,7.996414673592125,2.5526315789473686,2.5526315789473686,38.0,0.0,0.0,0.953169871720322,3.0,9.0,0.2092089746117894,0.0,3.0,0.0395323646865731,0.0,6.0,0.6909099151539989,1.0,9.0,0.3512176152033164,0.0,0.0,1.0,0.0,5.0,0.9178971776871006,0.0,23.0,0.9327208947249732,0.0,0.0,1.0,0.0,1.0,0.7780558806333743,1.0,36.0,0.5623431051402376,0.0,2.0,0.8965611351622516,0.0,3.0,0.5724979608951057,0.0,0.0,1.0,0.0,0.0,0.9622993334201104,0.0,0.0,1.0,0.0,0.0,0.5400542325278703,0.0,0.0,0.9060565675672188,0.0,0.0,1.0,0.0,0.0,1.0,0.0,0.0,1.0
1056.0,13,62.0,0.3522727272727273,9.96015790515877,176.0,1377.0,7.823863636363637,0.0,0.0,12,132.0,35.0,5.542493983044293,3.0,3.0,44.0,0.0,0.0,0.0194955788874289,2.0,8.0,0.146066022913672,0.0,6.0,0.7131327348138738,2.0,14.0,0.0004816247322717,2.0,14.0,5.848563532428109e-05,0.0,0.0,1.0,1.0,12.0,0.5945530352567884,1.0,7.0,0.0001502346072259,0.0,0.0,1.0,0.0,0.0,0.2095961477178459,1.0,44.0,0.5273978908131246,1.0,5.0,1.9109796188564988e-05,1.0,6.0,0.2376985010958495,0.0,0.0,1.0,0.0,0.0,0.6164407357621284,0.0,1.0,0.8160822556172929,1.0,6.0,0.0055569089355684,0.0,3.0,0.2394909515917031,0.0,0.0,1.0,0.0,0.0,1.0,0.0,6.0,0.981590583089555
1064.0,20,76.0,0.4245810055865922,9.650894737409898,179.0,1418.0,7.921787709497207,41.0,0.2290502793296089,20,142.0,10.0,4.933998140837256,2.730769230769231,2.730769230769231,52.0,0.0,0.0,0.931786709414156,2.0,14.0,0.3181985667473631,3.0,19.0,0.0001553357245304,0.0,0.0,1.0,0.0,0.0,1.0,0.0,0.0,0.9929201647582871,4.0,34.0,0.3123548306908933,0.0,0.0,1.0,0.0,0.0,0.9848761861104182,0.0,0.0,1.0,6.0,40.0,0.2767091940633557,1.0,3.0,0.0030024410884069,2.0,17.0,0.4194871307487071,0.0,0.0,1.0,1.0,1.0,0.7071664052299846,0.0,0.0,1.0,0.0,0.0,1.0,1.0,12.0,0.1027361292166822,0.0,0.0,0.1145803729168169,0.0,0.0,1.0,0.0,2.0,0.9478591966749936
1072.0,17,85.0,0.4644808743169399,9.46430485868977,183.0,1559.0,8.519125683060109,141.0,0.7704918032786885,16,183.0,41.0,4.856302985420896,3.267857142857143,3.267857142857143,56.0,0.0,6.0,0.9476345345413716,3.0,31.0,0.3484610685198022,1.0,14.0,0.0,0.0,0.0,1.0,0.0,0.0,0.9826442653833044,0.0,0.0,1.0,2.0,29.0,0.230200623734049,0.0,3.0,0.0929868420300934,0.0,0.0,1.0,0.0,0.0,0.9479918476495924,5.0,53.0,0.0779439864578689,0.0,0.0,0.0144441949469559,1.0,10.0,0.3768204147491567,0.0,0.0,1.0,0.0,0.0,0.6858417755229574,0.0,0.0,1.0,0.0,0.0,1.0,3.0,33.0,0.1651734581214979,0.0,0.0,0.6064273862338176,0.0,0.0,0.5261146683334168,1.0,4.0,0.7431289933797759
1080.0,13,83.0,0.453551912568306,9.90744956916462,183.0,1631.0,8.912568306010929,72.0,0.3934426229508196,10,185.0,2.0,5.873138842421416,4.512195121951219,4.512195121951219,41.0,1.0,11.0,0.5467275437954338,0.0,0.0,0.7780233844355353,0.0,3.0,0.8188166141773198,0.0,4.0,0.9728026714798388,0.0,0.0,0.9660720822301992,0.0,0.0,1.0,3.0,40.0,0.2360053591284204,0.0,0.0,1.0,1.0,8.0,0.0058216183189454,0.0,0.0,1.0,2.0,65.0,0.2559520110060156,0.0,3.0,0.1747902275040082,0.0,4.0,0.498317915610132,0.0,0.0,1.0,1.0,0.0,0.0,0.0,0.0,1.0,0.0,0.0,1.0,1.0,34.0,0.1291037888875372,0.0,1.0,0.9279801145006766,0.0,0.0,1.0,1.0,12.0,0.4903663408568881
1088.0,16,73.0,0.4010989010989011,9.707264274711395,182.0,1607.0,8.82967032967033,0.0,0.0,14,173.0,0.0,6.477068295326316,3.326923076923077,3.326923076923077,52.0,1.0,19.0,0.4058180260113158,2.0,7.0,0.0011498488918379,0.0,0.0,0.4936539360344096,1.0,2.0,0.0257291801583135,1.0,2.0,0.0604312383669415,0.0,0.0,0.9086162837825462,2.0,22.0,0.0038524138773112,0.0,0.0,1.0,0.0,3.0,0.2153278441785887,0.0,2.0,0.9673405888037256,1.0,58.0,0.4415119719714179,2.0,14.0,0.5593142586643369,1.0,2.0,7.076203529723368e-05,0.0,0.0,1.0,0.0,7.0,0.7610577138902008,0.0,0.0,1.0,0.0,0.0,0.978786365263006,2.0,27.0,0.3520281051533379,1.0,4.0,0.0006472715923308,0.0,0.0,1.0,0.0,4.0,0.8753914694158695
1104.0,11,104.0,0.5502645502645502,10.17210574994926,189.0,1808.0,9.566137566137566,49.0,0.2592592592592592,7,179.0,0.0,7.694154389829701,3.314814814814815,3.314814814814815,54.0,1.0,11.0,0.631088550425463,0.0,20.0,0.6392346772265519,0.0,0.0,1.0,1.0,10.0,0.5443508271820305,1.0,18.0,0.651332659418618,0.0,7.0,0.3498588839811024,0.0,9.0,0.0435223925951432,0.0,3.0,0.935444491043958,0.0,2.0,0.93868611891453,0.0,7.0,0.4634780386686293,1.0,52.0,0.3176933082864923,1.0,11.0,0.0,0.0,3.0,0.8883797452834078,0.0,3.0,0.9242619351339596,0.0,0.0,0.7277788637852537,0.0,0.0,1.0,0.0,0.0,0.4087412370433995,1.0,18.0,0.3302557660579855,0.0,4.0,0.8559180578486404,0.0,0.0,0.9760349322928076,1.0,1.0,0.4983998342660077
1112.0,15,112.0,0.6021505376344086,10.029247928120077,186.0,1803.0,9.693548387096774,0.0,0.0,13,163.0,0.0,5.881886893441116,3.4680851063829787,3.4680851063829787,47.0,0.0,3.0,0.1977271089130204,3.0,18.0,1.8241177623416965e-05,0.0,0.0,1.0,1.0,11.0,0.4137905391369428,0.0,3.0,0.9185214028223714,2.0,22.0,0.2939760464213017,0.0,7.0,0.3575628209866657,0.0,3.0,0.9593628504659508,0.0,0.0,1.0,0.0,0.0,1.0,4.0,67.0,0.082182058591596,0.0,0.0,1.0,0.0,10.0,0.7336376423491011,0.0,0.0,0.7363804902980949,0.0,0.0,0.9042774065233762,0.0,0.0,1.0,1.0,3.0,1.1110287121560762e-05,1.0,7.0,0.1866039130875522,0.0,4.0,0.4827890406186392,0.0,0.0,1.0,1.0,5.0,0.0
1120.0,27,196.0,1.0425531914893618,10.08078336441135,188.0,1904.0,10.127659574468083,101.0,0.5372340425531915,21,239.0,76.0,6.364962703612703,5.085106382978723,5.085106382978723,47.0,2.0,16.0,0.3209991655728186,1.0,0.0,0.2587668581728201,0.0,3.0,0.6901176551278733,2.0,22.0,0.0,0.0,8.0,0.947726411304904,3.0,35.0,1.0711177197631723e-05,0.0,4.0,0.9938967055825494,1.0,11.0,0.2897385069844554,0.0,0.0,1.0,0.0,4.0,0.939381571115546,1.0,60.0,0.3564528327403327,0.0,0.0,0.8178843443636337,1.0,11.0,0.516006459525636,2.0,4.0,0.041753170480093,1.0,4.0,0.1194543290763837,0.0,3.0,0.8514496481856659,0.0,1.0,0.6403622491502609,4.0,32.0,7.630287775966869e-05,2.0,17.0,6.1841318374232725e-06,0.0,0.0,1.0,1.0,4.0,6.542463610182798e-06
1136.0,18,73.0,0.4078212290502793,9.852507783995524,179.0,1770.0,9.888268156424582,0.0,0.0,17,134.0,7.0,5.942826433194723,2.977777777777778,2.977777777777778,45.0,0.0,4.0,0.6708135147310366,2.0,8.0,0.3377918741958815,1.0,3.0,0.0,0.0,0.0,1.0,2.0,20.0,0.3261947587032017,2.0,12.0,0.3033980150921171,1.0,10.0,0.0058887281279962,0.0,0.0,1.0,0.0,0.0,1.0,0.0,0.0,0.981503694894721,0.0,3.0,0.9000396226990215,0.0,0.0,1.0,4.0,41.0,0.2108156537982642,0.0,0.0,1.0,0.0,0.0,0.8761306502089733,1.0,9.0,0.3334390059248983,2.0,8.0,8.42941725979778e-06,2.0,16.0,0.0005111561407936,0.0,0.0,1.0,0.0,0.0,1.0,0.0,0.0,1.0
1152.0,7,40.0,0.2222222222222222,10.503344993664951,180.0,1730.0,9.61111111111111,0.0,0.0,7,111.0,0.0,7.254560780355205,3.363636363636364,3.363636363636364,33.0,1.0,20.0,0.4864046566179141,3.0,43.0,0.147095997432108,0.0,0.0,1.0,0.0,0.0,1.0,0.0,0.0,1.0,0.0,0.0,0.4695655727342145,1.0,1.0,0.4803474226358743,0.0,0.0,1.0,0.0,0.0,1.0,0.0,6.0,0.2311940583674308,0.0,11.0,0.7939008067126807,0.0,3.0,0.9438965872846604,0.0,0.0,1.0,0.0,3.0,0.9749970288194114,0.0,7.0,0.8485274707894414,0.0,0.0,0.4264577372691898,1.0,12.0,0.0,1.0,2.0,0.0014791459053505,0.0,0.0,1.0,0.0,3.0,0.7120763898625184,0.0,0.0,0.25110635901669
1160.0,14,53.0,0.2896174863387978,10.192942177630222,183.0,1640.0,8.96174863387978,0.0,0.0,11,112.0,1.0,6.142056973276175,3.294117647058824,3.294117647058824,34.0,2.0,34.0,0.258401679732236,3.0,52.0,0.1683367314723104,1.0,5.0,0.0018825792637081,0.0,0.0,0.5815833618313644,0.0,0.0,0.7923377025613718,1.0,3.0,9.87678947854351e-05,3.0,13.0,0.2402208798899157,0.0,0.0,0.9329422309052566,0.0,0.0,0.9390434817506096,0.0,1.0,0.981935825770556,0.0,0.0,1.0,1.0,1.0,0.0027863689551718,0.0,0.0,0.8986931173634884,0.0,0.0,1.0,0.0,0.0,0.7094228173739205,0.0,0.0,1.0,0.0,3.0,0.3516921696540316,0.0,0.0,1.0,0.0,0.0,1.0,0.0,0.0,1.0,0.0,0.0,0.951100444257585
1168.0,19,93.0,0.5027027027027027,10.313153512745467,185.0,1596.0,8.627027027027028,0.0,0.0,18,147.0,35.0,5.214295808639903,3.972972972972973,3.972972972972973,37.0,0.0,2.0,0.5620561609380016,9.0,104.0,0.0339708890216292,0.0,0.0,1.0,1.0,5.0,0.0,2.0,5.0,2.005430064716209e-05,0.0,0.0,0.9352208042793378,0.0,0.0,0.5763736607483063,1.0,6.0,0.6594679996017976,0.0,0.0,1.0,0.0,0.0,1.0,0.0,0.0,1.0,0.0,0.0,1.0,0.0,0.0,0.8802201068347222,0.0,0.0,1.0,0.0,3.0,0.6885247517705221,0.0,0.0,1.0,2.0,9.0,0.0177130899738421,0.0,0.0,1.0,0.0,0.0,1.0,0.0,0.0,0.8062657419677746,3.0,13.0,0.2450722408997636
1184.0,9,49.0,0.2648648648648649,10.57932527804294,185.0,1601.0,8.654054054054054,0.0,0.0,8,122.0,0.0,8.046587300186008,2.652173913043478,2.652173913043478,46.0,0.0,3.0,0.497417188377147,0.0,18.0,0.591840092392272,0.0,0.0,0.6273677104094455,1.0,27.0,0.5206513163564368,0.0,6.0,0.8577023782812476,1.0,14.0,0.6241215791251574,0.0,7.0,0.7541925526751637,1.0,15.0,0.7236697298740398,0.0,0.0,1.0,0.0,0.0,0.9378881258772976,0.0,0.0,1.0,0.0,4.0,0.5723041139545972,0.0,3.0,0.8643077214337767,0.0,0.0,1.0,0.0,0.0,0.4999850022984587,1.0,2.0,0.4237489266107634,1.0,6.0,0.387355963613303,2.0,3.0,0.27399820709025,0.0,6.0,0.6707552248143223,0.0,2.0,0.2681353720477378,1.0,6.0,0.0336436357722138
1192.0,15,71.0,0.3901098901098901,10.29390183046572,182.0,1579.0,8.675824175824175,0.0,0.0,13,140.0,18.0,6.918853926074815,3.58974358974359,3.58974358974359,39.0,0.0,0.0,0.9555483322785756,0.0,0.0,0.9207530913010638,0.0,0.0,0.9105002924855852,3.0,40.0,0.2444888423053734,2.0,15.0,0.247619988046803,0.0,0.0,1.0,2.0,18.0,0.5724123071508853,2.0,18.0,0.2011228450551925,0.0,0.0,1.0,0.0,0.0,1.0,0.0,0.0,1.0,1.0,1.0,0.2342851761770377,0.0,3.0,0.94209894066578,0.0,0.0,1.0,0.0,0.0,0.8277745534515162,0.0,0.0,1.0,0.0,0.0,1.0,1.0,26.0,0.4188843847666332,2.0,15.0,4.916518517832615e-05,0.0,1.0,0.8803914995270268,0.0,3.0,0.4146362813019545
1200.0,11,53.0,0.3028571428571429,10.399956495615056,175.0,1525.0,8.714285714285714,0.0,0.0,10,83.0,0.0,7.399467777752631,2.862068965517241,2.862068965517241,29.0,0.0,2.0,0.9999784425389816,0.0,0.0,1.0,0.0,0.0,0.3688219980125056,2.0,17.0,0.0,1.0,14.0,0.3479764807862032,0.0,0.0,1.0,1.0,8.0,0.4842201457820642,0.0,6.0,0.8632647008633645,0.0,0.0,1.0,0.0,0.0,0.9585346803083972,0.0,3.0,0.7823742316803328,0.0,0.0,0.9519818744859192,0.0,3.0,0.8946689680832325,0.0,0.0,0.8068061859665119,1.0,5.0,0.328642528311558,0.0,0.0,0.9755876389301632,0.0,0.0,1.0,4.0,17.0,0.0005786630317291,0.0,0.0,1.0,0.0,0.0,1.0,1.0,8.0,0.0
1208.0,11,98.0,0.5730994152046783,11.086087468602884,171.0,1563.0,9.140350877192985,38.0,0.2222222222222222,9,131.0,48.0,8.719728083667247,3.742857142857143,3.742857142857143,35.0,0.0,0.0,0.9374122335038702,0.0,0.0,1.0,0.0,0.0,0.1104972043269917,1.0,23.0,0.7639296762480352,2.0,27.0,0.4043067285653535,0.0,0.0,1.0,1.0,11.0,0.5129909718105503,1.0,4.0,0.0,0.0,0.0,1.0,0.0,0.0,0.8593151929480762,0.0,0.0,1.0,0.0,0.0,1.0,0.0,1.0,0.871633385579556,0.0,0.0,0.0818352799378796,0.0,1.0,0.9282040437781804,0.0,0.0,1.0,0.0,2.0,0.7909302140704357,4.0,56.0,0.2912706702067137,0.0,3.0,0.7928808289844046,0.0,0.0,1.0,0.0,3.0,0.9710353239289964
1224.0,15,86.0,0.5058823529411764,10.065662151879154,170.0,1711.0,10.06470588235294,48.0,0.2823529411764706,13,134.0,0.0,6.899470118800133,3.35,3.35,40.0,0.0,0.0,0.51057186671349,0.0,0.0,1.0,0.0,0.0,1.0,4.0,29.0,0.387493045607352,1.0,15.0,0.4737529048960885,1.0,2.0,0.2742494796255337,1.0,13.0,0.4609185666050146,0.0,3.0,0.5295718976947791,0.0,0.0,0.9426442198788466,0.0,0.0,1.0,1.0,8.0,0.3428668899560059,0.0,0.0,1.0,0.0,0.0,1.0,0.0,0.0,0.9302021181043508,3.0,17.0,0.4373275232591135,0.0,0.0,1.0,0.0,4.0,0.5478952330468598,1.0,35.0,0.3977540557810318,0.0,0.0,1.0,1.0,5.0,1.3164984590887233e-05,0.0,3.0,0.9564925858291036
1232.0,17,57.0,0.3413173652694611,9.619890247389494,167.0,1628.0,9.748502994011975,0.0,0.0,14,155.0,21.0,5.7085001944103855,3.4444444444444446,3.4444444444444446,45.0,0.0,0.0,0.9672812168732488,1.0,2.0,0.2274506606352495,0.0,0.0,1.0,3.0,27.0,0.1378072829529402,0.0,6.0,0.80148693698834,0.0,0.0,0.5472255272473374,1.0,7.0,0.4985805888783134,0.0,3.0,0.9975984661143144,0.0,0.0,1.0,0.0,0.0,1.0,1.0,18.0,0.4539121624948026,0.0,0.0,1.0,0.0,1.0,0.5168271515907588,0.0,0.0,0.9158025514239524,3.0,11.0,0.3089388334807253,0.0,0.0,1.0,0.0,0.0,0.9463553114402856,5.0,70.0,0.0797734854746376,0.0,5.0,0.998459850548612,0.0,2.0,0.263788881365305,0.0,3.0,0.435562919846017
1240.0,17,73.0,0.4294117647058823,9.976635773747695,170.0,1638.0,9.635294117647058,10.0,0.0588235294117647,14,135.0,0.0,5.397855740989907,3.375,3.375,40.0,1.0,3.0,0.0003930022033317,0.0,0.0,0.5040129317997916,0.0,3.0,0.7782024465490094,3.0,40.0,0.0651545959105218,2.0,9.0,0.0001097586756465,3.0,14.0,0.1280299248812402,0.0,12.0,0.2451950138947419,0.0,0.0,0.9759161362742064,0.0,0.0,1.0,0.0,0.0,1.0,1.0,6.0,0.1721848161916307,0.0,0.0,1.0,0.0,1.0,0.978711894945774,2.0,4.0,3.87657600967656e-06,1.0,11.0,0.5646790231335163,0.0,0.0,0.9911157856951128,0.0,0.0,0.9105820346173854,1.0,32.0,0.3100760617950603,0.0,0.0,1.0,0.0,0.0,1.0,0.0,0.0,1.0
1248.0,9,40.0,0.2325581395348837,10.571715741883777,172.0,1560.0,9.069767441860463,0.0,0.0,9,132.0,0.0,7.5509301987515185,3.3846153846153846,3.3846153846153846,39.0,0.0,0.0,1.0,0.0,0.0,0.5434265018966468,1.0,7.0,8.077663500853444e-05,1.0,11.0,0.0,1.0,18.0,0.4783831116872313,0.0,6.0,0.2791140176212691,0.0,7.0,0.9209140945692184,0.0,0.0,0.556082814958476,0.0,0.0,1.0,0.0,0.0,1.0,0.0,16.0,0.1921614713114455,0.0,0.0,1.0,0.0,3.0,0.7669117942584412,0.0,0.0,0.8872350429974488,0.0,0.0,0.9235065050667546,0.0,0.0,1.0,1.0,4.0,0.6089010738380763,5.0,52.0,0.1646470292380931,0.0,8.0,0.8039932621451159,0.0,0.0,0.9985935118145473,0.0,0.0,1.0
1256.0,14,82.0,0.4712643678160919,10.39661628894725,174.0,1591.0,9.14367816091954,31.0,0.1781609195402299,12,153.0,21.0,7.016233630677635,3.558139534883721,3.558139534883721,43.0,0.0,3.0,0.6975570046374281,3.0,11.0,0.2385601969504964,1.0,21.0,0.363891259977913,0.0,1.0,0.3079225383532303,0.0,18.0,0.4124815786981547,0.0,0.0,0.9643189866293396,2.0,13.0,0.0033692377497372,2.0,12.0,0.0,0.0,0.0,1.0,0.0,0.0,1.0,0.0,3.0,0.5790225342773524,0.0,0.0,0.3952634841798356,0.0,6.0,0.9457678668422026,0.0,0.0,0.2215892976707044,1.0,1.0,0.5850657790763992,0.0,0.0,0.8830373540868083,0.0,4.0,0.7146666471012068,3.0,57.0,0.0990558945159721,0.0,0.0,1.0,0.0,0.0,1.0,0.0,3.0,0.9473415743440547
1272.0,25,227.0,1.3045977011494252,9.678101453719322,174.0,1663.0,9.557471264367816,0.0,0.0,20,264.0,73.0,6.650058704509114,5.5,5.5,48.0,0.0,2.0,0.963419768371704,3.0,23.0,0.0008086139721237,2.0,15.0,0.134932547196575,1.0,4.0,0.7359421699094523,2.0,12.0,0.3207499634547006,1.0,10.0,0.0,0.0,4.0,0.8047140064642878,0.0,0.0,1.0,0.0,0.0,1.0,0.0,0.0,1.0,1.0,7.0,0.3033515333845222,0.0,0.0,1.0,0.0,0.0,0.7379327722421337,1.0,0.0,0.6494703353306422,1.0,12.0,0.6019410657709895,0.0,0.0,1.0,2.0,29.0,0.2761996637003356,6.0,146.0,0.1244018354251165,0.0,0.0,0.9252844103879962,0.0,0.0,0.8331947756029983,0.0,0.0,0.9552534224173012
1288.0,22,303.0,1.89375,9.932173027474064,160.0,1714.0,10.7125,31.0,0.19375,19,298.0,18.0,6.3138454780746045,6.208333333333333,6.208333333333333,48.0,2.0,7.0,0.3313802256835741,2.0,31.0,0.2907043941420031,1.0,7.0,0.00427006266968,1.0,3.0,0.3822255587471055,2.0,32.0,0.3257374710957331,0.0,0.0,1.0,0.0,3.0,0.260015012648411,0.0,3.0,0.9348836563162376,0.0,8.0,0.9148284785053252,0.0,0.0,1.0,0.0,7.0,0.8426174692249218,2.0,7.0,0.0014825133215944,0.0,0.0,0.9337767820912628,1.0,7.0,0.4829939654116747,0.0,7.0,0.9204457680143554,0.0,3.0,0.9447440514731806,3.0,16.0,0.0011945860721933,4.0,144.0,0.0,1.0,13.0,0.0,0.0,0.0,0.9878033342219396,0.0,0.0,1.0
1304.0,12,80.0,0.5031446540880503,10.801326270978835,159.0,1890.0,11.88679245283019,40.0,0.2515723270440251,12,119.0,0.0,6.693695784492854,4.25,4.25,28.0,0.0,7.0,0.9189076972619172,2.0,27.0,0.0,1.0,7.0,1.2662989410670066e-05,1.0,12.0,0.6433367596064209,3.0,18.0,0.0002194893866595,0.0,0.0,0.5205301356820895,1.0,12.0,0.3405685334526522,1.0,1.0,0.0023655748269079,0.0,3.0,0.2548244951551555,0.0,0.0,1.0,0.0,0.0,1.0,0.0,0.0,0.6484105320655849,1.0,2.0,1.0412857496597606e-05,0.0,0.0,0.5522173375589725,0.0,4.0,0.9197221655215788,0.0,0.0,1.0,2.0,26.0,0.31547216149822,0.0,0.0,1.0,0.0,0.0,1.0,0.0,0.0,1.0,0.0,0.0,0.9401151058633738
1312.0,14,107.0,0.6729559748427673,10.676363750365145,159.0,1851.0,11.641509433962264,0.0,0.0,13,180.0,61.0,7.741125150205402,4.390243902439025,4.390243902439025,41.0,2.0,24.0,0.4816293828428901,1.0,31.0,0.0,1.0,18.0,0.4748305531277744,3.0,15.0,0.000136271979555,1.0,15.0,0.4788085145370264,0.0,0.0,1.0,0.0,0.0,0.8254885909166411,0.0,2.0,0.9224828580865791,0.0,0.0,1.0,0.0,0.0,1.0,0.0,9.0,0.8823720213641403,0.0,0.0,1.0,0.0,0.0,0.4294389066751399,0.0,0.0,0.95197008040883,1.0,3.0,0.6428915673689941,0.0,0.0,1.0,2.0,32.0,0.399786109115115,2.0,28.0,0.4354228068601567,0.0,0.0,1.0,0.0,0.0,1.0,0.0,3.0,0.9236766689976544
1320.0,13,107.0,0.6484848484848484,10.3613817405029,165.0,1944.0,11.78181818181818,93.0,0.5636363636363636,12,176.0,0.0,6.452666057786034,4.190476190476191,4.190476190476191,42.0,1.0,20.0,0.4269820223186589,2.0,40.0,0.2562915045509488,0.0,3.0,0.1155384905541885,1.0,15.0,0.0,1.0,11.0,0.6405387686354245,0.0,3.0,0.3598934684520368,0.0,0.0,1.0,1.0,3.0,0.4693118568722212,0.0,0.0,0.9177357373801192,0.0,0.0,1.0,3.0,29.0,0.4293306971277907,0.0,0.0,1.0,0.0,3.0,0.4523931922498568,0.0,0.0,1.0,0.0,0.0,0.6198705250201715,0.0,0.0,1.0,2.0,41.0,0.0,1.0,4.0,0.0,0.0,0.0,1.0,0.0,0.0,1.0,0.0,4.0,0.9807227743045924
1328.0,14,159.0,0.9578313253012049,10.702980719705383,166.0,1845.0,11.114457831325302,0.0,0.0,12,227.0,51.0,7.741977916141425,5.675,5.675,40.0,2.0,21.0,0.5429435627645214,2.0,56.0,0.2812722571589292,1.0,6.0,0.0004114124790297,1.0,23.0,0.0,2.0,20.0,0.3277652704706691,0.0,0.0,1.0,0.0,3.0,0.966038134545214,1.0,4.0,0.475837628574967,1.0,2.0,0.0016646862132913,0.0,0.0,1.0,0.0,17.0,0.7446173428194474,0.0,0.0,1.0,0.0,11.0,0.8963232227746745,0.0,0.0,1.0,0.0,0.0,0.9950137517469544,0.0,3.0,0.9179640875273118,1.0,43.0,0.4836119319403041,1.0,12.0,0.0,0.0,0.0,1.0,0.0,0.0,0.9992952688306228,0.0,6.0,0.6067154267445398
1336.0,10,128.0,0.8050314465408805,10.2846394969186,159.0,1581.0,9.943396226415096,0.0,0.0,10,175.0,0.0,6.050061560002424,5.0,5.0,35.0,2.0,15.0,0.0647722923623007,2.0,21.0,0.2714029362263231,0.0,0.0,1.0,1.0,31.0,0.0,1.0,12.0,0.4478286388406008,0.0,0.0,0.0625426045428854,0.0,6.0,0.3952032033552047,0.0,3.0,0.592977177111506,1.0,13.0,0.4673478461660867,0.0,0.0,1.0,0.0,2.0,0.3627907643869503,0.0,0.0,0.8309900666053264,1.0,17.0,0.6780839639269013,0.0,0.0,1.0,0.0,0.0,1.0,0.0,0.0,1.0,2.0,52.0,0.0021589646608775,0.0,0.0,0.7396211071661711,0.0,0.0,0.9103029127612636,0.0,0.0,1.0,0.0,3.0,0.9670297555666716
1344.0,13,167.0,1.04375,10.93073619953736,160.0,1567.0,9.79375,0.0,0.0,11,197.0,22.0,5.871011443047136,7.035714285714286,7.035714285714286,28.0,2.0,26.0,0.0,3.0,20.0,0.228437709931892,0.0,3.0,0.8373918728408403,1.0,39.0,0.4817375060667779,1.0,20.0,0.0154706579990319,0.0,0.0,0.9301114744825084,0.0,3.0,0.9735873248761734,1.0,10.0,0.5701302250869565,1.0,9.0,0.0235806099411744,0.0,0.0,1.0,0.0,0.0,1.0,1.0,2.0,7.207205830815915e-05,0.0,0.0,0.5630182521064169,0.0,0.0,0.9508661249342422,0.0,3.0,0.7199126743235688,0.0,0.0,1.0,1.0,59.0,0.2977794513016876,0.0,0.0,1.0,0.0,0.0,1.0,0.0,3.0,0.6918756339869383,0.0,0.0,1.0
1352.0,11,157.0,0.98125,10.45868667339088,160.0,1454.0,9.0875,0.0,0.0,10,185.0,0.0,7.0951516227144165,5.138888888888889,5.138888888888889,36.0,0.0,0.0,0.4489641452135663,2.0,14.0,0.1230370140963294,0.0,0.0,1.0,1.0,47.0,0.6268541117692178,3.0,35.0,0.4474615159004315,0.0,0.0,0.0144135756900441,1.0,8.0,0.6774951878407796,0.0,0.0,0.995532006386428,0.0,0.0,0.3522095742917286,0.0,0.0,1.0,0.0,2.0,0.706337033337756,0.0,0.0,1.0,0.0,0.0,1.0,0.0,3.0,0.8698897802485246,0.0,0.0,0.6101913454149828,0.0,0.0,1.0,2.0,72.0,0.2649002549677723,1.0,4.0,0.3171733475516231,0.0,0.0,1.0,0.0,0.0,1.0,0.0,0.0,1.0
1360.0,14,188.0,1.197452229299363,10.416721811097013,157.0,1467.0,9.343949044585989,13.0,0.0828025477707006,14,237.0,52.0,6.525113754447928,6.405405405405405,6.405405405405405,37.0,1.0,3.0,0.6221974984843378,1.0,12.0,1.5118087375165524e-05,0.0,3.0,0.8414916144547304,1.0,63.0,0.5422521121884788,3.0,25.0,0.2389328313727349,0.0,3.0,0.2838859334587739,1.0,6.0,0.5777235103944027,0.0,0.0,1.0,0.0,0.0,1.0,0.0,0.0,1.0,2.0,12.0,0.0070918988791168,0.0,0.0,0.0200729236510483,0.0,3.0,0.901784916908282,0.0,0.0,1.0,0.0,0.0,0.98189099417508,0.0,0.0,1.0,4.0,103.0,0.3267358466690324,1.0,4.0,0.4305293656549815,0.0,0.0,0.9433057083922224,0.0,0.0,1.0,0.0,0.0,1.0
1368.0,16,153.0,1.0337837837837838,9.60764021623566,148.0,1380.0,9.324324324324325,0.0,0.0,16,227.0,0.0,5.689930873067978,4.934782608695652,4.934782608695652,46.0,1.0,4.0,0.4788864342174014,3.0,25.0,0.0529248565203515,1.0,4.0,0.0001474448821752,2.0,70.0,0.605585756601951,1.0,19.0,0.6056501649808669,0.0,3.0,0.9787091609078374,0.0,3.0,0.973488274667018,0.0,0.0,0.9316344381529216,0.0,0.0,1.0,0.0,0.0,1.0,0.0,15.0,0.3002484446878802,0.0,0.0,1.0,0.0,16.0,0.6801059611733546,0.0,0.0,1.0,0.0,0.0,1.0,0.0,0.0,1.0,5.0,47.0,0.0851332813698653,2.0,13.0,0.0048402014808846,0.0,0.0,0.8717369417705156,1.0,8.0,0.4407141524656528,0.0,0.0,0.7531898602881473
1376.0,15,125.0,0.8503401360544217,10.16778778255156,147.0,1454.0,9.891156462585034,74.0,0.5034013605442177,13,187.0,0.0,6.970987009480315,4.560975609756097,4.560975609756097,41.0,0.0,3.0,0.5553942612457535,1.0,28.0,0.0,1.0,15.0,0.4731314706818597,2.0,16.0,0.4476296591283162,1.0,6.0,0.4556226303477224,0.0,0.0,0.937859576837792,0.0,6.0,0.1533871212263561,0.0,0.0,0.9889986033797088,0.0,0.0,1.0,0.0,0.0,1.0,0.0,3.0,0.7142188234337142,0.0,0.0,1.0,0.0,17.0,0.7926508517021995,0.0,0.0,0.6855186938808633,0.0,0.0,1.0,0.0,3.0,0.6737525749164063,4.0,51.0,0.0,3.0,31.0,0.0,0.0,0.0,0.9222922203106948,0.0,3.0,0.7961096837246816,1.0,5.0,0.0
1392.0,5,36.0,0.24,10.850834912594475,150.0,1453.0,9.686666666666667,0.0,0.0,5,102.0,0.0,9.09781537120279,2.6842105263157894,2.6842105263157894,38.0,0.0,0.0,0.8268392327565177,0.0,0.0,0.9900608609422096,1.0,28.0,0.5615417121282077,0.0,23.0,0.416262237539981,0.0,0.0,0.9528545821984832,1.0,1.0,0.3307118098844466,1.0,7.0,0.4602372195222048,1.0,6.0,0.4662656432644263,0.0,0.0,1.0,0.0,1.0,0.2602866127235228,0.0,0.0,1.0,0.0,0.0,1.0,0.0,7.0,0.9385204626115464,0.0,0.0,0.9044059533324714,0.0,0.0,0.966544990588666,0.0,0.0,1.0,0.0,3.0,0.6106425964869382,0.0,19.0,0.1982862123209953,0.0,0.0,0.1342858725871166,0.0,0.0,0.7453430176894292,1.0,7.0,1.0175653049519792e-05
1400.0,4,35.0,0.2447552447552447,11.706358287965095,143.0,1318.0,9.216783216783217,0.0,0.0,4,48.0,0.0,8.344277173136877,2.4,2.4,20.0,0.0,0.0,0.8461870014613495,0.0,0.0,1.0,1.0,33.0,0.0,0.0,3.0,0.9324609248111496,1.0,1.0,0.2882878950058793,0.0,0.0,1.0,0.0,0.0,1.0,1.0,2.0,0.4671525298110052,0.0,0.0,1.0,0.0,0.0,1.0,0.0,0.0,1.0,0.0,0.0,1.0,0.0,3.0,0.4507049040982196,0.0,0.0,0.9047681183207996,1.0,3.0,0.3183115972063433,0.0,0.0,1.0,0.0,0.0,1.0,0.0,0.0,1.0,0.0,0.0,0.9801054035881056,0.0,0.0,1.0,0.0,3.0,0.9848227000274714
1408.0,5,13.0,0.0909090909090909,11.337107760953844,143.0,1239.0,8.664335664335665,0.0,0.0,3,39.0,0.0,9.708903615524507,1.3928571428571428,1.3928571428571428,28.0,0.0,0.0,0.3623128325607201,0.0,0.0,0.2923033469356452,0.0,0.0,1.0,0.0,3.0,0.8339169198125606,1.0,13.0,0.3090263421273393,1.0,2.0,0.5067172578793178,0.0,1.0,0.782726614107836,0.0,0.0,1.0,0.0,0.0,0.3189058699746792,0.0,0.0,1.0,0.0,0.0,0.9323042159137372,0.0,4.0,0.9772009654221674,0.0,7.0,0.938753037769577,0.0,0.0,1.0,0.0,7.0,0.9472995113882556,0.0,0.0,1.0,0.0,0.0,1.0,0.0,0.0,0.9130398184734831,1.0,2.0,9.402146979280373e-05,0.0,0.0,1.0,0.0,0.0,1.0
1416.0,11,54.0,0.3724137931034483,11.0170561782446,145.0,1112.0,7.6689655172413795,0.0,0.0,10,79.0,40.0,7.455046277859774,2.6333333333333333,2.6333333333333333,30.0,1.0,6.0,0.4570955636630264,0.0,0.0,1.0,0.0,4.0,0.5162126910795374,2.0,11.0,0.0005687134752625,1.0,18.0,0.3199120028828288,0.0,0.0,1.0,4.0,21.0,0.1859205641722496,1.0,4.0,0.6331986784292615,1.0,6.0,0.0,0.0,0.0,1.0,0.0,0.0,1.0,0.0,0.0,1.0,0.0,7.0,0.8146241995195217,0.0,0.0,0.7826115682345728,0.0,0.0,0.9908660678487712,0.0,0.0,1.0,0.0,0.0,0.9384403767927454,0.0,0.0,1.0,0.0,0.0,1.0,0.0,2.0,0.3867676958833869,0.0,0.0,0.9963962381788491
1424.0,11,79.0,0.5448275862068965,10.994309254080232,145.0,1104.0,7.613793103448276,0.0,0.0,11,99.0,20.0,3.7468854138933154,5.2105263157894735,5.2105263157894735,19.0,1.0,2.0,0.0002257025328623,0.0,0.0,1.0,0.0,0.0,1.0,2.0,27.0,0.263912805402181,3.0,34.0,2.0537175752407595e-05,0.0,0.0,0.6747953389921174,1.0,14.0,0.0102742982913137,2.0,8.0,1.0097250367631565e-05,0.0,0.0,1.0,0.0,0.0,1.0,0.0,0.0,1.0,0.0,0.0,1.0,0.0,4.0,0.7765226957204157,1.0,1.0,0.0065467831372205,0.0,3.0,0.2790323523294366,0.0,0.0,1.0,0.0,0.0,0.998257495009406,0.0,0.0,1.0,0.0,0.0,1.0,1.0,6.0,0.0,0.0,0.0,0.9021154881687096
1432.0,8,92.0,0.647887323943662,10.656183660135172,142.0,1059.0,7.457746478873239,0.0,0.0,7,120.0,21.0,5.782604154934329,4.444444444444445,4.444444444444445,27.0,1.0,13.0,0.534868813485515,0.0,0.0,1.0,0.0,3.0,0.551460143666604,2.0,43.0,0.4825774942313322,1.0,33.0,0.2726334515980982,1.0,2.0,0.0509075035539082,0.0,3.0,0.7158084792054492,0.0,3.0,0.0989982163497777,0.0,3.0,0.0110860443629314,0.0,0.0,1.0,0.0,3.0,0.8147846378810562,0.0,0.0,1.0,0.0,0.0,1.0,0.0,0.0,1.0,0.0,0.0,1.0,0.0,0.0,1.0,1.0,4.0,0.000287075503126,0.0,0.0,0.9722314086063978,0.0,0.0,1.0,1.0,10.0,0.245233111859005,0.0,0.0,0.4988054669105071
1440.0,8,75.0,0.5244755244755245,10.749940948699042,143.0,1088.0,7.608391608391608,29.0,0.2027972027972027,7,108.0,0.0,7.973924284556819,3.6,3.6,30.0,1.0,8.0,0.4743846865492674,0.0,0.0,1.0,1.0,10.0,0.0,2.0,59.0,0.7014546404490603,2.0,11.0,0.488614347761259,0.0,7.0,0.54311893705749,0.0,6.0,0.4857197305337764,0.0,0.0,0.9458446742348576,0.0,0.0,1.0,0.0,0.0,1.0,1.0,6.0,0.0042545604964857,0.0,0.0,1.0,0.0,1.0,0.6297368403366536,0.0,0.0,1.0,0.0,0.0,0.6528196745570617,0.0,0.0,1.0,0.0,0.0,1.0,0.0,0.0,1.0,0.0,0.0,0.9405644805756596,0.0,0.0,1.0,0.0,0.0,0.0286338934111168
1448.0,11,124.0,0.8551724137931035,10.634598974876296,145.0,1125.0,7.758620689655173,37.0,0.2551724137931034,10,179.0,71.0,7.610413749840547,4.837837837837838,4.837837837837838,37.0,1.0,10.0,0.0,0.0,0.0,1.0,1.0,18.0,0.0,3.0,81.0,0.5151617145559965,1.0,17.0,0.6290238180868678,1.0,12.0,0.004807119665922,0.0,6.0,0.4772784421196241,0.0,8.0,0.8681799173929525,0.0,0.0,1.0,0.0,0.0,1.0,0.0,6.0,0.9329472139116304,0.0,0.0,1.0,0.0,4.0,0.414136794256197,0.0,0.0,1.0,0.0,0.0,0.9609252995837744,0.0,0.0,1.0,1.0,5.0,0.3238545864566032,0.0,0.0,1.0,1.0,4.0,0.0002092461779709,0.0,0.0,1.0,1.0,8.0,0.4896433079680128
1456.0,13,56.0,0.3916083916083916,10.15103027059742,143.0,1116.0,7.804195804195804,0.0,0.0,11,92.0,0.0,6.945679611620029,2.421052631578948,2.421052631578948,38.0,0.0,0.0,1.0,0.0,0.0,0.5081878609177681,3.0,9.0,0.0028115371776056,3.0,23.0,0.4781029178142718,1.0,25.0,0.2792929240058003,0.0,0.0,1.0,0.0,5.0,0.9373400602065288,0.0,0.0,0.7454566779414684,0.0,3.0,0.561320864890944,0.0,0.0,1.0,0.0,0.0,0.9670338421760336,0.0,0.0,1.0,0.0,10.0,0.5495654214380655,0.0,0.0,0.9448155535093156,1.0,0.0,0.0,0.0,0.0,1.0,3.0,17.0,0.3718869378484538,0.0,0.0,0.9229012563510492,0.0,0.0,1.0,0.0,0.0,1.0,0.0,0.0,1.0
1464.0,15,88.0,0.6068965517241379,10.0011374305644,145.0,1116.0,7.696551724137931,0.0,0.0,15,132.0,40.0,5.472552566558667,3.2195121951219514,3.2195121951219514,41.0,0.0,0.0,0.9630232812801516,1.0,11.0,0.5098842209388942,1.0,1.0,0.0076748383446052,5.0,31.0,0.321757547456912,2.0,29.0,0.4905225234590127,0.0,0.0,1.0,0.0,0.0,1.0,0.0,0.0,1.0,0.0,0.0,1.0,0.0,0.0,1.0,0.0,3.0,0.4850198932875991,0.0,0.0,1.0,0.0,3.0,0.6184740212360285,0.0,0.0,0.1120386708525685,0.0,0.0,0.637226063113196,0.0,0.0,1.0,5.0,48.0,0.2718266893408507,0.0,0.0,0.9536442651199006,0.0,0.0,1.0,1.0,6.0,0.0001512545072655,0.0,0.0,1.0
1472.0,26,215.0,1.4625850340136055,9.589384295217194,147.0,1242.0,8.448979591836734,126.0,0.8571428571428571,25,271.0,139.0,6.159824658984163,4.672413793103448,4.672413793103448,58.0,0.0,0.0,0.8056169629345542,0.0,0.0,1.0,0.0,3.0,0.7636518226926046,7.0,82.0,0.2327579711467372,5.0,39.0,0.2724607557457538,0.0,2.0,0.3257932423725663,0.0,3.0,0.7771449123475547,0.0,3.0,0.967602758108582,0.0,0.0,0.4910911056181938,0.0,0.0,1.0,0.0,8.0,0.8513065819006068,0.0,0.0,0.994409138770806,1.0,3.0,0.612781206564292,1.0,6.0,0.4898118827919314,1.0,5.0,0.7185534050438296,0.0,0.0,1.0,10.0,114.0,0.0854891450597447,0.0,0.0,0.9752843515564172,0.0,0.0,1.0,0.0,3.0,0.3242245142792809,0.0,0.0,1.0
1480.0,16,99.0,0.6644295302013423,9.132607100672017,149.0,1329.0,8.919463087248323,87.0,0.5838926174496645,14,202.0,0.0,5.7943378950891145,4.208333333333333,4.208333333333333,48.0,0.0,0.0,0.8855287324872547,0.0,1.0,0.615431587572036,0.0,8.0,0.6463076339831677,2.0,85.0,0.2564538711744221,2.0,37.0,0.5649008083961388,0.0,0.0,0.7189478845586665,1.0,7.0,0.0,0.0,0.0,0.950028166257469,1.0,6.0,0.3734641872340288,0.0,0.0,1.0,2.0,3.0,0.0023903378864103,0.0,0.0,1.0,1.0,5.0,0.5376000607043391,0.0,1.0,0.5760460284366776,1.0,3.0,0.0062075760129767,0.0,0.0,1.0,0.0,24.0,0.4172209648306387,3.0,13.0,0.0030680109271677,0.0,0.0,0.5237613916277278,1.0,9.0,0.4256255255964588,0.0,0.0,1.0
1488.0,10,60.0,0.4166666666666667,10.348928940630431,144.0,1340.0,9.305555555555555,11.0,0.0763888888888889,10,142.0,0.0,5.5002729641419785,4.303030303030303,4.303030303030303,33.0,0.0,0.0,1.0,0.0,0.0,1.0,0.0,3.0,0.7559676022876666,3.0,56.0,0.3072192381876525,2.0,8.0,0.3145920304044801,0.0,0.0,0.706776840492862,0.0,0.0,1.0,0.0,0.0,1.0,0.0,0.0,1.0,0.0,0.0,1.0,0.0,3.0,0.5994475161125097,0.0,0.0,1.0,1.0,17.0,0.4184749487997841,0.0,0.0,0.9642243776715894,0.0,8.0,0.1349176731259714,0.0,0.0,1.0,4.0,44.0,0.263265621583331,0.0,3.0,0.3915748608671124,0.0,0.0,0.960638138896402,0.0,0.0,0.9207833968387032,0.0,0.0,1.0
1496.0,9,90.0,0.6206896551724138,10.747648356411853,145.0,1383.0,9.537931034482758,43.0,0.296551724137931,9,133.0,0.0,5.752102920814391,5.32,5.32,25.0,1.0,0.0,0.0,0.0,3.0,0.9607782268863884,0.0,0.0,0.9757004269253652,4.0,71.0,0.0,3.0,25.0,0.1263397614572263,0.0,0.0,0.9129290756559262,0.0,0.0,0.9883115730229364,0.0,3.0,0.0428819527826646,0.0,0.0,1.0,0.0,0.0,1.0,0.0,10.0,0.8519517116063935,0.0,0.0,1.0,1.0,19.0,0.3761128907831172,0.0,0.0,1.0,0.0,0.0,0.1699086511320984,0.0,0.0,1.0,0.0,2.0,0.6289267390754743,0.0,0.0,1.0,0.0,0.0,1.0,0.0,0.0,1.0,0.0,0.0,1.0
1504.0,9,75.0,0.5102040816326531,11.031631788931591,147.0,1368.0,9.306122448979592,0.0,0.0,8,96.0,0.0,8.411557318349724,3.692307692307693,3.692307692307693,26.0,0.0,0.0,0.961575446830512,1.0,8.0,8.343473557896474e-06,0.0,0.0,1.0,1.0,48.0,0.0,3.0,20.0,0.331866461116672,0.0,0.0,1.0,0.0,0.0,1.0,0.0,0.0,1.0,0.0,0.0,1.0,0.0,0.0,0.9689283181393348,0.0,0.0,0.6368845135493523,0.0,4.0,0.8117198863484884,0.0,3.0,0.8886710893856458,0.0,0.0,0.3006354749988069,1.0,4.0,8.477849751698159e-06,0.0,0.0,1.0,2.0,9.0,0.398345952942267,0.0,0.0,1.0,0.0,0.0,1.0,0.0,0.0,0.999982950831422,0.0,0.0,0.0237491409012108
1520.0,10,81.0,0.5869565217391305,10.679350199757094,138.0,1147.0,8.31159420289855,0.0,0.0,8,114.0,19.0,7.35168341699511,4.071428571428571,4.071428571428571,28.0,0.0,3.0,0.541946594519155,1.0,24.0,0.0,0.0,0.0,1.0,1.0,7.0,0.7243297529559884,2.0,39.0,0.321293079046493,1.0,2.0,0.000333813548323,0.0,5.0,0.5594861149028787,0.0,4.0,0.9518834695209384,0.0,0.0,1.0,0.0,0.0,1.0,0.0,0.0,1.0,0.0,0.0,1.0,1.0,12.0,0.0,0.0,0.0,0.9937567326328984,0.0,0.0,1.0,0.0,0.0,1.0,2.0,18.0,0.0627266847096516,0.0,0.0,0.9626193140868374,0.0,0.0,1.0,0.0,0.0,1.0,0.0,0.0,0.9674638578297544
1528.0,11,66.0,0.4782608695652174,10.35867549230782,138.0,1144.0,8.289855072463768,0.0,0.0,11,113.0,0.0,6.19213356179982,3.645161290322581,3.645161290322581,31.0,0.0,6.0,0.5819148910719233,1.0,2.0,0.0004040136597216,0.0,0.0,0.6427370049685427,2.0,19.0,0.0001429556856226,1.0,17.0,0.3308256792803108,1.0,10.0,0.0,2.0,6.0,0.0005604356675577,1.0,8.0,0.0,0.0,0.0,1.0,0.0,0.0,1.0,1.0,17.0,0.6101241266460667,0.0,0.0,1.0,0.0,0.0,0.4557874467410328,0.0,0.0,0.529188403687151,0.0,0.0,0.6640426754232852,0.0,0.0,1.0,1.0,25.0,0.4554770127374365,0.0,0.0,1.0,0.0,0.0,0.974167850913949,0.0,0.0,1.0,1.0,3.0,0.7069364110227991
1536.0,7,47.0,0.3430656934306569,11.039735087720242,137.0,1041.0,7.598540145985401,0.0,0.0,7,87.0,0.0,7.893165396841018,3.107142857142857,3.107142857142857,28.0,0.0,0.0,0.2830239327734677,0.0,1.0,0.6773100600126444,0.0,3.0,0.6862838932280347,1.0,26.0,0.3442886627266245,2.0,34.0,0.441323355495324,0.0,0.0,1.0,0.0,0.0,0.9247059885652796,0.0,0.0,1.0,0.0,0.0,1.0,0.0,0.0,1.0,2.0,23.0,0.5360271812037192,0.0,0.0,1.0,1.0,0.0,0.6553445796801018,0.0,0.0,1.0,1.0,0.0,0.46194612308539,0.0,0.0,1.0,0.0,0.0,1.0,0.0,0.0,0.8496664955920941,0.0,0.0,0.0996216700064801,0.0,0.0,1.0,0.0,0.0,0.9264853469474992
1544.0,12,98.0,0.7153284671532847,10.652693739967916,137.0,1106.0,8.072992700729927,65.0,0.4744525547445255,12,150.0,63.0,6.845195583238381,4.166666666666667,4.166666666666667,36.0,0.0,4.0,0.4055051488686912,2.0,9.0,0.0001450952867212,0.0,0.0,1.0,2.0,37.0,0.3231919742064115,1.0,39.0,0.7661934763934936,0.0,0.0,1.0,1.0,5.0,0.491163474334074,0.0,0.0,1.0,0.0,0.0,1.0,0.0,0.0,1.0,2.0,36.0,0.5794881524753335,0.0,0.0,1.0,1.0,3.0,0.1479062962251172,0.0,0.0,1.0,1.0,2.0,0.6005127646658048,0.0,3.0,0.9901341072611994,0.0,5.0,0.4064570490079039,0.0,0.0,0.7054988180163937,1.0,3.0,0.1760217461487526,0.0,0.0,1.0,1.0,4.0,0.4831902104847839
1552.0,18,105.0,0.7664233576642335,9.857938334330743,137.0,1153.0,8.416058394160585,47.0,0.3430656934306569,17,161.0,11.0,6.673144863386379,3.577777777777778,3.577777777777778,45.0,5.0,26.0,0.0739473573269306,0.0,6.0,0.8824215098584736,0.0,0.0,0.9054677409088332,1.0,1.0,0.5008020066871903,0.0,14.0,0.950480926047385,0.0,0.0,1.0,2.0,22.0,0.4652509240462864,0.0,0.0,1.0,0.0,0.0,1.0,0.0,0.0,0.9190617984982916,5.0,66.0,0.1376254589694207,0.0,0.0,1.0,1.0,6.0,0.4033470588714187,0.0,0.0,1.0,1.0,10.0,0.5658838378273454,0.0,0.0,1.0,0.0,1.0,0.9035584436067036,2.0,9.0,0.3119592175208855,0.0,0.0,1.0,0.0,0.0,1.0,0.0,0.0,1.0
1560.0,17,118.0,0.8309859154929577,9.922948967761007,142.0,1229.0,8.654929577464788,76.0,0.5352112676056338,16,173.0,12.0,6.44574802830348,4.023255813953488,4.023255813953488,43.0,6.0,72.0,0.0436758275972081,3.0,10.0,0.0010738078270054,1.0,6.0,0.291506169090865,1.0,9.0,0.621659313334664,1.0,17.0,0.6388992956329173,0.0,0.0,1.0,0.0,0.0,1.0,0.0,7.0,0.0995369785645776,0.0,0.0,0.9530302063603222,0.0,0.0,1.0,0.0,16.0,0.5259239527683816,0.0,0.0,1.0,2.0,18.0,0.2840836808019611,0.0,0.0,1.0,2.0,18.0,0.6249365673716701,0.0,0.0,1.0,0.0,0.0,0.9371817640976168,0.0,0.0,1.0,0.0,0.0,1.0,0.0,0.0,0.9142841657707672,0.0,0.0,1.0
1568.0,12,87.0,0.6126760563380281,9.827253287881137,142.0,1330.0,9.366197183098592,101.0,0.7112676056338029,12,178.0,5.0,6.696442988595777,3.955555555555556,3.955555555555556,45.0,1.0,67.0,0.3554882617164353,3.0,34.0,0.0708155844181144,1.0,14.0,0.0,3.0,21.0,0.1798440870819949,2.0,18.0,0.3918021960299224,0.0,0.0,0.9904172306791896,0.0,0.0,0.918420676650758,0.0,0.0,1.0,0.0,0.0,0.9555376403754706,0.0,0.0,1.0,0.0,3.0,0.6253644419304335,0.0,0.0,0.8435461394558017,0.0,11.0,0.8488343235404479,0.0,0.0,1.0,1.0,4.0,0.3722763357535173,0.0,0.0,1.0,0.0,0.0,0.9256575307051658,0.0,0.0,1.0,0.0,0.0,1.0,1.0,6.0,0.0657023184149915,0.0,0.0,1.0
1576.0,8,22.0,0.1549295774647887,9.990118802875346,142.0,1329.0,9.359154929577464,0.0,0.0,8,94.0,0.0,5.214612085420113,2.5405405405405403,2.5405405405405403,37.0,1.0,24.0,0.2970429755663117,2.0,21.0,0.2601161321751966,0.0,0.0,0.0457494005558784,0.0,3.0,0.2228657482968455,0.0,14.0,0.6302492759540174,2.0,10.0,0.0124673505086655,1.0,5.0,0.0,0.0,0.0,1.0,0.0,0.0,1.0,0.0,0.0,1.0,0.0,3.0,0.9623854818693084,1.0,1.0,0.0209794938846126,0.0,4.0,0.7189276937825538,0.0,3.0,0.5212023093300553,1.0,6.0,0.4329368531726775,0.0,0.0,1.0,0.0,0.0,1.0,0.0,0.0,1.0,0.0,0.0,1.0,0.0,0.0,1.0,0.0,0.0,1.0
1584.0,13,74.0,0.5481481481481482,10.39056475514546,135.0,1220.0,9.037037037037036,0.0,0.0,12,127.0,33.0,6.423008246174471,3.5277777777777777,3.5277777777777777,36.0,2.0,18.0,0.384372322547969,2.0,23.0,0.2877264201122216,0.0,3.0,0.7463666002387337,1.0,16.0,0.6266234834324956,1.0,14.0,0.5117743111180959,1.0,8.0,0.0191305494915871,1.0,19.0,0.6587845109278735,0.0,0.0,1.0,0.0,0.0,1.0,0.0,0.0,1.0,0.0,0.0,1.0,0.0,7.0,0.6547182085580442,0.0,0.0,0.3417221573766185,0.0,0.0,1.0,4.0,19.0,0.1731689408232146,0.0,0.0,1.0,0.0,0.0,1.0,0.0,0.0,0.937526254041726,0.0,0.0,0.2937364320373719,0.0,0.0,1.0,0.0,0.0,1.0
1592.0,16,74.0,0.5522388059701493,10.514560286701128,134.0,1146.0,8.552238805970148,0.0,0.0,16,146.0,19.0,5.793082967104981,3.945945945945946,3.945945945945946,37.0,2.0,26.0,0.398035870439834,4.0,44.0,0.1725321590761198,1.0,6.0,0.0001423928409692,0.0,1.0,0.9729586855546376,0.0,6.0,0.9751044959893148,0.0,0.0,1.0,3.0,13.0,0.0018795025020849,0.0,0.0,1.0,0.0,0.0,1.0,0.0,0.0,1.0,0.0,0.0,0.0113589064877837,0.0,5.0,0.967954190990512,1.0,2.0,0.2151911813923685,0.0,0.0,1.0,4.0,35.0,0.1736258117986873,0.0,0.0,1.0,0.0,0.0,1.0,1.0,5.0,0.4112746653882849,0.0,0.0,1.0,0.0,3.0,0.9908483608314184,0.0,0.0,0.959418697987717
1600.0,13,85.0,0.6439393939393939,10.615860614189762,132.0,1154.0,8.742424242424242,8.0,0.0606060606060606,13,156.0,10.0,6.857456511328087,4.333333333333333,4.333333333333333,36.0,2.0,42.0,0.5848451624570288,2.0,26.0,0.1354786687546694,0.0,0.0,1.0,2.0,7.0,0.0257922381567283,0.0,6.0,0.6290466348371935,0.0,0.0,1.0,1.0,6.0,0.0001934537984878,0.0,0.0,1.0,0.0,0.0,1.0,0.0,0.0,1.0,1.0,11.0,0.2858566246685664,0.0,0.0,0.8231864826728182,0.0,0.0,1.0,0.0,0.0,1.0,4.0,51.0,0.3852087911573,0.0,0.0,1.0,0.0,0.0,1.0,0.0,0.0,1.0,0.0,0.0,1.0,1.0,7.0,0.0,0.0,0.0,1.0
1608.0,16,109.0,0.8074074074074075,9.891692841021436,135.0,1214.0,8.992592592592592,60.0,0.4444444444444444,14,201.0,45.0,5.8983663513612825,5.025,5.025,40.0,1.0,21.0,0.3399008153927174,3.0,33.0,2.342966662918599e-06,0.0,3.0,0.7153626045552758,0.0,16.0,0.5822492324331909,1.0,16.0,0.5849120221896115,0.0,0.0,0.7024893464400316,0.0,0.0,0.9160357931664828,0.0,0.0,1.0,0.0,0.0,1.0,0.0,0.0,1.0,0.0,4.0,0.975292924182974,0.0,4.0,0.6912212250581835,0.0,3.0,0.7697399434101373,1.0,0.0,0.0,8.0,100.0,0.1491117295709787,0.0,0.0,1.0,0.0,0.0,1.0,0.0,1.0,0.0504691790815968,0.0,0.0,1.0,0.0,0.0,1.0,0.0,0.0,1.0
1624.0,11,58.0,0.4233576642335766,9.283941304904452,137.0,1196.0,8.72992700729927,0.0,0.0,11,167.0,0.0,5.625460706710148,3.976190476190476,3.976190476190476,42.0,0.0,3.0,0.2764528735101196,0.0,0.0,1.0,0.0,0.0,1.0,1.0,17.0,0.4475242568634505,1.0,18.0,0.7217418299589892,1.0,4.0,0.0568370851079911,0.0,0.0,1.0,1.0,7.0,0.0,0.0,0.0,0.9457331800933864,0.0,0.0,1.0,0.0,0.0,1.0,0.0,0.0,1.0,0.0,0.0,0.7067939496188449,2.0,4.0,0.0028249266753137,5.0,111.0,0.1222662692499737,0.0,0.0,1.0,0.0,3.0,0.7723645378391683,0.0,0.0,1.0,0.0,0.0,1.0,0.0,0.0,0.9821100247621772,0.0,0.0,0.934778720810967
1632.0,15,73.0,0.5447761194029851,10.55730507056498,134.0,1223.0,9.126865671641792,27.0,0.2014925373134328,15,206.0,39.0,6.569410550724278,5.15,5.15,40.0,2.0,17.0,0.3255889899248437,0.0,0.0,1.0,0.0,0.0,1.0,2.0,34.0,0.6170397031555866,3.0,16.0,0.3977791061781301,0.0,0.0,0.8741946872665455,0.0,0.0,1.0,0.0,0.0,1.0,0.0,0.0,1.0,0.0,0.0,1.0,0.0,0.0,0.8261951279741349,0.0,5.0,0.7506203964866175,2.0,8.0,0.4697162835105939,2.0,20.0,0.0,3.0,105.0,0.268598142357264,0.0,0.0,1.0,0.0,0.0,1.0,0.0,0.0,1.0,0.0,0.0,1.0,0.0,0.0,0.4292374551233432,1.0,1.0,0.0058076639564218
1648.0,19,182.0,1.4330708661417322,9.679063231363218,127.0,1327.0,10.448818897637794,65.0,0.5118110236220472,18,319.0,88.0,6.165497328140008,7.088888888888889,7.088888888888889,45.0,1.0,12.0,0.704164484376268,1.0,8.0,0.0,0.0,0.0,0.9272262672989868,5.0,92.0,0.2822984976394239,3.0,39.0,0.2548599670799264,0.0,0.0,1.0,1.0,4.0,2.615019565711068e-05,1.0,19.0,0.0,0.0,0.0,1.0,0.0,0.0,1.0,1.0,14.0,0.487385371741572,1.0,4.0,1.291416840418734e-05,0.0,7.0,0.5761450149381995,0.0,0.0,1.0,4.0,114.0,0.0973617734138201,0.0,0.0,0.786513318366398,0.0,3.0,0.9672764847348037,0.0,0.0,1.0,0.0,3.0,0.9516823772158474,0.0,0.0,1.0,0.0,0.0,0.0312190345287857
1656.0,12,106.0,0.848,9.579091770730525,125.0,1270.0,10.16,0.0,0.0,12,184.0,0.0,5.561660341819799,4.972972972972973,4.972972972972973,37.0,3.0,21.0,0.1070823305675785,0.0,0.0,1.0,0.0,0.0,1.0,1.0,27.0,0.3572522813289023,4.0,68.0,0.1781274227206306,1.0,1.0,0.0007472460848154,1.0,15.0,0.3669912958804228,0.0,5.0,0.8088850248952586,0.0,0.0,1.0,0.0,0.0,1.0,1.0,10.0,0.3529060978659463,0.0,0.0,1.0,0.0,0.0,0.7856430074023854,0.0,0.0,0.5942307117591763,0.0,31.0,0.4798882734098013,0.0,0.0,1.0,0.0,0.0,0.9329157580512264,0.0,0.0,1.0,1.0,6.0,4.045220459991297e-05,0.0,0.0,1.0,0.0,0.0,1.0
1664.0,8,29.0,0.2248062015503876,10.687708853895906,129.0,1332.0,10.325581395348838,62.0,0.4806201550387597,6,58.0,0.0,9.259028172407636,1.870967741935484,1.870967741935484,31.0,1.0,18.0,0.3222435584204827,0.0,0.0,0.1023295045559034,0.0,0.0,1.0,1.0,12.0,0.0,0.0,0.0,0.3738569814477813,0.0,0.0,1.0,0.0,0.0,1.0,0.0,0.0,0.688526399119737,0.0,0.0,1.0,0.0,0.0,1.0,0.0,6.0,0.8218701705903427,1.0,11.0,0.6495959672130402,1.0,3.0,0.4617736684457657,0.0,0.0,1.0,0.0,0.0,0.7224150317603943,0.0,0.0,1.0,2.0,6.0,0.3246687361643009,0.0,0.0,1.0,0.0,2.0,0.9793748024941904,0.0,0.0,1.0,0.0,0.0,0.943202865265674
1672.0,4,29.0,0.2265625,10.630007370066217,128.0,1326.0,10.359375,0.0,0.0,4,52.0,0.0,7.524575348733173,1.9259259259259256,1.9259259259259256,27.0,1.0,18.0,0.0,0.0,0.0,0.831031019285822,0.0,3.0,0.6794435789601057,0.0,0.0,0.8743435891233378,0.0,3.0,0.8107875221333177,0.0,0.0,0.1933473745294813,0.0,3.0,0.9653736091151504,1.0,6.0,0.0,0.0,0.0,0.9575964475092856,0.0,7.0,0.3659247578510413,0.0,3.0,0.9120777787004528,0.0,0.0,0.1905062663592539,1.0,3.0,1.1300357270509055e-05,0.0,0.0,1.0,0.0,0.0,0.2794035656059644,0.0,0.0,1.0,0.0,0.0,1.0,0.0,0.0,1.0,1.0,6.0,0.4682526142238922,0.0,0.0,1.0,0.0,0.0,0.9202725752822344
1688.0,14,83.0,0.6484375,10.403589810752203,128.0,1265.0,9.8828125,0.0,0.0,13,123.0,49.0,8.389578750070461,3.236842105263158,3.236842105263158,38.0,0.0,4.0,0.736854934334722,0.0,0.0,0.5570604355388291,0.0,0.0,1.0,3.0,23.0,0.3823456359391779,4.0,40.0,2.228885904697853e-06,0.0,0.0,1.0,0.0,2.0,0.9392538557686358,0.0,6.0,0.9660665438148004,0.0,0.0,1.0,0.0,0.0,1.0,2.0,14.0,0.4821931840096878,0.0,4.0,0.851356024991296,0.0,0.0,1.0,0.0,0.0,1.0,2.0,9.0,0.1952751541255049,0.0,0.0,1.0,0.0,0.0,0.6271853005452407,1.0,1.0,0.3902383906161741,1.0,20.0,0.0,0.0,0.0,1.0,0.0,0.0,1.0
1696.0,15,67.0,0.5075757575757576,9.624304926417626,132.0,1292.0,9.787878787878787,27.0,0.2045454545454545,13,126.0,3.0,6.500207386676001,2.863636363636364,2.863636363636364,44.0,1.0,6.0,0.4482273640716599,3.0,10.0,0.2962519433185916,0.0,0.0,1.0,2.0,33.0,0.3678008724875039,0.0,25.0,0.6127420612624099,0.0,0.0,0.909605296667506,0.0,5.0,0.9536649718868356,0.0,0.0,0.919342966392284,0.0,0.0,1.0,0.0,0.0,1.0,3.0,26.0,1.0118872361965538e-05,1.0,2.0,4.929555648843814e-05,0.0,0.0,0.1450119096241776,0.0,0.0,1.0,0.0,5.0,0.4507602069094301,0.0,0.0,1.0,1.0,3.0,4.2858104591322496e-05,2.0,11.0,0.2512966171852875,0.0,0.0,1.0,0.0,0.0,0.3974310564469049,0.0,0.0,1.0
1704.0,17,108.0,0.7883211678832117,9.049836445363027,137.0,1357.0,9.905109489051094,65.0,0.4744525547445255,16,226.0,100.0,4.793307212706819,5.136363636363637,5.136363636363637,44.0,1.0,10.0,0.3414658754248835,0.0,3.0,0.3662456119999229,0.0,0.0,1.0,2.0,45.0,0.4312631042406145,3.0,40.0,0.3820864578837205,0.0,0.0,0.6061252235177466,0.0,0.0,0.9420859021957404,0.0,0.0,0.7568491364960579,1.0,4.0,0.0029035458196685,0.0,0.0,1.0,3.0,56.0,0.105677122634085,1.0,10.0,0.0,0.0,0.0,0.0582023364386588,0.0,0.0,1.0,1.0,10.0,1.0435528261608238e-05,0.0,0.0,1.0,0.0,0.0,1.0,4.0,48.0,0.0133204217840979,0.0,0.0,0.0521126918688136,0.0,0.0,1.0,0.0,0.0,1.0
1712.0,11,58.0,0.4264705882352941,9.427783327228816,136.0,1387.0,10.198529411764708,30.0,0.2205882352941176,10,121.0,0.0,5.420224722210362,3.27027027027027,3.27027027027027,37.0,1.0,18.0,0.1031285703826351,5.0,20.0,0.0167557654520476,0.0,3.0,0.4680233773460364,0.0,16.0,0.6458899895987342,0.0,16.0,0.474954887411234,1.0,7.0,0.3841986769109274,2.0,4.0,0.3289304348081406,0.0,0.0,1.0,0.0,0.0,1.0,0.0,0.0,0.8134221013616965,0.0,10.0,0.4966189833853829,0.0,0.0,1.0,0.0,3.0,0.6847079525084176,0.0,0.0,1.0,0.0,0.0,1.0,0.0,3.0,0.9287306333071044,0.0,0.0,0.9687293956242836,1.0,21.0,0.1101409884503259,0.0,0.0,1.0,0.0,0.0,1.0,0.0,0.0,1.0
1728.0,7,48.0,0.3529411764705882,10.156703474738556,136.0,1488.0,10.941176470588236,37.0,0.2720588235294117,6,87.0,0.0,6.213006436889248,3.107142857142857,3.107142857142857,28.0,2.0,30.0,0.3239167752753714,1.0,6.0,0.4848413384178383,0.0,0.0,1.0,0.0,7.0,0.0839082408718355,2.0,40.0,0.5615623454369708,0.0,0.0,1.0,0.0,0.0,0.4841791068786428,0.0,0.0,1.0,0.0,0.0,1.0,0.0,0.0,0.9348878365239086,0.0,2.0,0.0247124187689233,0.0,0.0,1.0,0.0,0.0,0.5633103850174631,0.0,0.0,1.0,0.0,0.0,0.8301196725486952,0.0,0.0,1.0,0.0,0.0,1.0,0.0,0.0,1.0,1.0,2.0,0.0,0.0,0.0,0.9074748631292824,0.0,0.0,1.0
1736.0,14,110.0,0.8396946564885496,10.467662069554088,131.0,1471.0,11.229007633587786,0.0,0.0,14,156.0,69.0,5.262467872447306,4.875,4.875,32.0,5.0,56.0,0.0001411244164181,0.0,0.0,1.0,0.0,3.0,0.7609970460222064,3.0,22.0,0.1578816617434581,2.0,44.0,0.455171548149869,2.0,12.0,8.994536337045245e-05,1.0,7.0,0.4125971605434899,0.0,3.0,0.9591796831168946,0.0,0.0,1.0,0.0,0.0,1.0,0.0,0.0,0.5832624923611457,0.0,0.0,1.0,1.0,5.0,0.307899426798313,0.0,0.0,1.0,0.0,0.0,0.5769248739053522,0.0,0.0,1.0,0.0,0.0,1.0,0.0,0.0,1.0,0.0,0.0,1.0,0.0,0.0,1.0,0.0,4.0,0.9490427924944922
1744.0,12,99.0,0.7388059701492538,10.617413147637633,134.0,1570.0,11.71641791044776,99.0,0.7388059701492538,10,143.0,0.0,7.92678024765052,4.612903225806452,4.612903225806452,31.0,1.0,19.0,0.0997930958330052,0.0,0.0,1.0,1.0,7.0,1.1079372037389142e-05,2.0,34.0,0.32025843840599,4.0,73.0,0.4397590630640182,0.0,0.0,1.0,0.0,0.0,0.9743974352778922,0.0,0.0,0.7152968348563903,0.0,0.0,1.0,0.0,0.0,1.0,0.0,0.0,0.9390357219353536,0.0,0.0,0.8972705658984457,0.0,0.0,1.0,0.0,0.0,1.0,1.0,5.0,0.6870025508929873,0.0,0.0,1.0,1.0,5.0,0.0001940350668957,0.0,0.0,1.0,0.0,0.0,1.0,0.0,0.0,1.0,0.0,0.0,0.9461987221386472
1752.0,13,73.0,0.5407407407407407,10.60867540938353,135.0,1517.0,11.237037037037036,0.0,0.0,12,132.0,0.0,5.04587415489201,4.258064516129032,4.258064516129032,31.0,1.0,18.0,0.0,0.0,0.0,1.0,0.0,0.0,1.0,3.0,54.0,0.4455096085482308,5.0,47.0,0.0814035607286481,0.0,0.0,1.0,1.0,3.0,0.4670838590902444,0.0,0.0,1.0,0.0,0.0,1.0,0.0,0.0,1.0,0.0,0.0,0.961445705676041,0.0,0.0,1.0,0.0,0.0,1.0,1.0,0.0,0.0,0.0,4.0,0.4897724543585856,0.0,0.0,1.0,0.0,0.0,1.0,0.0,0.0,1.0,0.0,0.0,1.0,0.0,0.0,1.0,1.0,6.0,0.6333783263692764
1760.0,18,143.0,1.0671641791044777,9.64141916400894,134.0,1479.0,11.037313432835822,0.0,0.0,18,224.0,92.0,5.976181017052913,4.148148148148148,4.148148148148148,54.0,0.0,0.0,1.0,1.0,0.0,0.0,0.0,0.0,0.5440857544700619,6.0,96.0,0.3491635485432827,7.0,76.0,0.0050074468306082,0.0,0.0,1.0,1.0,11.0,0.0265740472355395,0.0,0.0,0.730133073874839,0.0,0.0,0.976258123001959,0.0,0.0,1.0,0.0,3.0,0.9644330763052124,1.0,6.0,0.2789669716558813,0.0,0.0,1.0,0.0,0.0,0.4638692793184891,0.0,4.0,0.5411338552379824,0.0,3.0,0.9667349999850732,0.0,0.0,1.0,0.0,0.0,0.9360035594777724,0.0,0.0,1.0,1.0,4.0,0.423516106082431,1.0,21.0,0.5787458394900487
1768.0,15,155.0,1.1654135338345866,9.014532239623572,133.0,1578.0,11.864661654135338,99.0,0.7443609022556391,15,225.0,1.0,5.567875642270553,4.5,4.5,50.0,0.0,0.0,0.9281239755686718,0.0,4.0,0.6834116643189972,0.0,3.0,0.1788796942061571,5.0,85.0,0.2953411958770325,4.0,93.0,0.0643713464881543,0.0,0.0,0.3741067230980702,0.0,0.0,1.0,1.0,5.0,2.503328599100184e-05,1.0,3.0,0.0003990869814176,0.0,0.0,1.0,0.0,0.0,1.0,0.0,0.0,0.5495678121612826,0.0,0.0,0.958698555892918,1.0,5.0,0.0,1.0,6.0,0.3832712005807127,1.0,7.0,1.4341350967789438e-05,0.0,2.0,0.9286430477749864,1.0,12.0,0.4519782056239352,0.0,0.0,1.0,0.0,0.0,1.0,0.0,0.0,0.9225493648467518
1776.0,20,227.0,1.7734375,9.578105204643936,128.0,1577.0,12.3203125,0.0,0.0,19,258.0,33.0,4.581867585625228,7.371428571428571,7.371428571428571,35.0,0.0,3.0,0.9636466287620712,2.0,13.0,0.1545756935290257,0.0,0.0,1.0,9.0,107.0,0.0531264072178767,4.0,107.0,0.1912779039613155,0.0,0.0,1.0,0.0,3.0,0.9357288958317604,0.0,0.0,1.0,0.0,0.0,1.0,0.0,0.0,1.0,0.0,0.0,1.0,0.0,0.0,1.0,0.0,0.0,0.977089849481315,0.0,0.0,0.015887119805566,0.0,0.0,0.5394539153055362,0.0,0.0,1.0,1.0,6.0,3.265575136919172e-05,2.0,17.0,0.2718176401599148,0.0,0.0,0.8309299979578535,0.0,0.0,1.0,1.0,2.0,0.0005134449225616
1784.0,17,174.0,1.3488372093023255,9.957279770435845,129.0,1562.0,12.108527131782946,0.0,0.0,16,248.0,0.0,4.849737375876911,6.702702702702703,6.702702702702703,37.0,0.0,3.0,0.3882407648602543,0.0,2.0,0.3900030589212759,0.0,0.0,0.6639444167357169,11.0,159.0,0.0001403910855636,0.0,57.0,0.4510465842502849,0.0,0.0,0.7775444748399571,1.0,7.0,0.5745027540850471,0.0,0.0,1.0,0.0,0.0,1.0,0.0,0.0,1.0,0.0,0.0,1.0,0.0,0.0,0.9403727723880791,0.0,3.0,0.3362284002239455,0.0,0.0,0.5315669680749566,1.0,2.0,0.4016457886557183,0.0,0.0,1.0,0.0,0.0,1.0,1.0,6.0,0.0,2.0,9.0,0.2947137973088891,0.0,0.0,1.0,0.0,0.0,1.0
1792.0,21,157.0,1.2076923076923076,8.873933881555201,130.0,1582.0,12.169230769230769,20.0,0.1538461538461538,18,338.0,90.0,4.08600847803236,7.860465116279069,7.860465116279069,43.0,2.0,12.0,5.406523817492052e-05,1.0,3.0,0.4410381907238554,0.0,0.0,1.0,7.0,184.0,0.0461580363010269,2.0,69.0,0.2722063025996834,0.0,0.0,1.0,1.0,20.0,0.6625982019484429,0.0,0.0,0.0114152137471983,0.0,0.0,1.0,0.0,0.0,1.0,0.0,0.0,1.0,1.0,5.0,0.0053246352460589,1.0,10.0,0.1978641246678403,0.0,0.0,0.2029538976133848,0.0,3.0,0.9483658235222284,0.0,3.0,0.9466463672222172,0.0,0.0,0.443953067483857,0.0,0.0,1.0,3.0,29.0,1.6488227718315628e-05,0.0,0.0,1.0,0.0,0.0,0.9700871678773052
1800.0,20,222.0,1.6323529411764706,9.01620937341812,136.0,1748.0,12.852941176470589,166.0,1.2205882352941178,19,337.0,0.0,3.637861949349102,9.628571428571428,9.628571428571428,35.0,2.0,28.0,0.0,2.0,10.0,0.3266813928112319,0.0,0.0,1.0,10.0,244.0,0.0011917686259458,2.0,26.0,0.220991574995547,0.0,0.0,0.9805387608759776,0.0,3.0,0.2666648674169388,0.0,2.0,0.9823284134012892,0.0,0.0,1.0,0.0,0.0,1.0,0.0,5.0,0.7896337782339335,1.0,10.0,0.0,0.0,0.0,1.0,1.0,5.0,0.0,0.0,0.0,1.0,0.0,0.0,1.0,1.0,1.0,0.0021046593622649,0.0,0.0,1.0,0.0,0.0,0.3528994587514952,0.0,3.0,0.9156853626807188,0.0,0.0,0.9280608477440176
1808.0,16,148.0,1.1472868217054264,9.28585341303036,129.0,1779.0,13.790697674418604,31.0,0.2403100775193798,15,372.0,35.0,3.788746245255954,11.272727272727272,11.272727272727272,33.0,2.0,44.0,0.0,1.0,11.0,0.1177605304479721,0.0,7.0,0.2881007803056012,4.0,225.0,0.2477338258998893,4.0,51.0,0.104871408146642,0.0,0.0,0.9765473743218364,2.0,13.0,0.0907886428267724,0.0,0.0,1.0,0.0,0.0,1.0,0.0,0.0,1.0,0.0,5.0,0.9769963639942268,0.0,0.0,1.0,0.0,0.0,1.0,0.0,0.0,1.0,0.0,0.0,1.0,0.0,0.0,1.0,1.0,12.0,0.5032389376327845,0.0,0.0,1.0,0.0,0.0,1.0,0.0,0.0,1.0,1.0,4.0,1.4921174019503216e-05
1816.0,18,138.0,1.0952380952380951,8.94885410194567,126.0,1828.0,14.507936507936508,49.0,0.3888888888888889,14,315.0,0.0,3.9947382995177305,10.862068965517242,10.862068965517242,29.0,0.0,3.0,0.9883430617765808,3.0,23.0,1.9196345529329385e-05,2.0,11.0,5.006112437625282e-05,5.0,216.0,0.0757068906600605,3.0,51.0,0.2037618957536513,0.0,0.0,0.7762886222252325,0.0,3.0,0.971379540486064,0.0,0.0,1.0,0.0,0.0,0.9156644423992064,0.0,0.0,1.0,0.0,0.0,1.0,0.0,0.0,1.0,0.0,0.0,1.0,0.0,0.0,1.0,0.0,3.0,0.3104729151387739,0.0,0.0,1.0,0.0,0.0,1.0,0.0,0.0,1.0,0.0,0.0,1.0,0.0,3.0,0.9820420925342528,1.0,2.0,0.428609103362297
1824.0,12,84.0,0.672,9.648445017993376,125.0,1898.0,15.184,70.0,0.56,12,278.0,0.0,4.854923218828894,8.6875,8.6875,32.0,0.0,3.0,0.6150966617584898,0.0,7.0,0.6296635037916257,0.0,10.0,0.6472383902617783,6.0,190.0,0.2400685158946055,4.0,61.0,0.0757620778168633,1.0,5.0,0.0,0.0,0.0,0.010231127621308,0.0,0.0,1.0,0.0,0.0,1.0,0.0,0.0,1.0,0.0,0.0,1.0,0.0,0.0,1.0,0.0,0.0,1.0,0.0,0.0,0.5897736478267878,0.0,0.0,0.9708557791453012,0.0,0.0,1.0,0.0,0.0,0.1072082401100435,0.0,0.0,1.0,0.0,0.0,1.0,0.0,0.0,1.0,1.0,2.0,0.5106971519444742
1832.0,17,132.0,1.056,9.954905221636576,125.0,1882.0,15.056,0.0,0.0,16,279.0,1.0,5.541688395346595,8.205882352941176,8.205882352941176,34.0,1.0,16.0,0.6274687819460926,0.0,0.0,1.0,2.0,23.0,0.3045690451551022,8.0,162.0,0.2423870937896595,2.0,54.0,0.1021368497027396,0.0,0.0,1.0,1.0,8.0,0.0,0.0,3.0,0.9602876545227864,0.0,0.0,1.0,0.0,0.0,1.0,0.0,0.0,0.9546148653444216,0.0,0.0,1.0,0.0,0.0,0.9464321411224268,0.0,0.0,1.0,0.0,0.0,0.7380508011659217,0.0,0.0,1.0,1.0,8.0,0.1649032193562781,0.0,0.0,1.0,0.0,0.0,1.0,1.0,2.0,5.8461943954427246e-05,0.0,3.0,0.9384083287397352
1840.0,15,151.0,1.227642276422764,9.825167118987231,123.0,1930.0,15.691056910569106,48.0,0.3902439024390244,13,242.0,0.0,4.095026041073952,8.962962962962964,8.962962962962964,27.0,2.0,10.0,0.3847440789280073,0.0,0.0,1.0,1.0,18.0,0.0,4.0,111.0,0.184295895850065,2.0,63.0,0.2367018613624011,0.0,0.0,1.0,1.0,16.0,0.0,0.0,0.0,1.0,0.0,0.0,1.0,0.0,0.0,1.0,0.0,0.0,0.851909193425214,0.0,0.0,1.0,0.0,0.0,1.0,0.0,0.0,1.0,0.0,0.0,0.5476209994365563,0.0,0.0,1.0,3.0,24.0,0.0011371728072702,0.0,0.0,1.0,0.0,0.0,1.0,0.0,0.0,1.0,0.0,0.0,1.0
1848.0,8,71.0,0.5503875968992248,9.953033109734289,129.0,1976.0,15.317829457364342,46.0,0.3565891472868217,7,235.0,0.0,5.780038427531463,8.392857142857142,8.392857142857142,28.0,0.0,0.0,0.2743396707375203,0.0,0.0,1.0,0.0,0.0,0.9907787799283392,2.0,147.0,0.4163338967466162,3.0,68.0,0.0001830893102022,0.0,0.0,0.0220953739248306,0.0,12.0,0.6949949152540557,0.0,0.0,1.0,0.0,0.0,0.2355567942007031,0.0,0.0,1.0,1.0,4.0,0.0008453525655615,0.0,0.0,0.9970416358223928,0.0,0.0,1.0,0.0,0.0,1.0,0.0,0.0,0.640709638319544,0.0,0.0,0.1614229048515886,0.0,0.0,1.0,0.0,0.0,1.0,0.0,0.0,0.991427871703356,1.0,4.0,0.0021634713398383,0.0,0.0,1.0
1856.0,8,93.0,0.7153846153846154,10.890514122591618,130.0,1811.0,13.930769230769233,0.0,0.0,8,173.0,0.0,6.755867613166518,6.92,6.92,25.0,1.0,4.0,6.234583922702621e-05,0.0,0.0,0.9722016442295628,1.0,8.0,0.0056742836387029,3.0,73.0,0.1829142143221261,1.0,64.0,0.4772803393149533,0.0,0.0,1.0,0.0,0.0,0.9418093770907204,0.0,0.0,1.0,1.0,6.0,0.0,0.0,0.0,1.0,1.0,12.0,0.0,0.0,0.0,0.8582138295407417,0.0,0.0,1.0,0.0,0.0,1.0,0.0,0.0,0.9540389829075973,0.0,0.0,1.0,0.0,0.0,1.0,0.0,0.0,0.906005317726584,0.0,3.0,0.499892361250197,0.0,3.0,0.9531763116764622,0.0,0.0,1.0
1864.0,12,145.0,1.0902255639097744,10.732077974962966,133.0,1817.0,13.661654135338344,6.0,0.0451127819548872,11,181.0,8.0,7.220482529906488,6.464285714285714,6.464285714285714,28.0,0.0,0.0,0.7746682283777446,0.0,0.0,0.1769509116973154,0.0,0.0,1.0,4.0,50.0,0.0,4.0,90.0,0.2837157263847417,0.0,3.0,0.7982902322547836,0.0,3.0,0.9250854396212854,0.0,0.0,0.9837322632239704,1.0,14.0,0.0,0.0,0.0,1.0,0.0,0.0,1.0,0.0,0.0,0.9618408181863144,0.0,0.0,1.0,0.0,0.0,1.0,0.0,0.0,0.8823463921018202,0.0,0.0,1.0,0.0,1.0,0.9546085093324655,0.0,0.0,0.0711102200859876,2.0,17.0,0.4200256866852734,0.0,0.0,1.0,0.0,3.0,0.9427636180984958
1872.0,6,111.0,0.8345864661654135,11.034068556460635,133.0,1717.0,12.909774436090226,0.0,0.0,5,140.0,0.0,8.292345560610654,5.185185185185185,5.185185185185185,27.0,0.0,0.0,0.9705576260576771,0.0,0.0,0.6734754288174893,0.0,3.0,0.3159956714525286,0.0,0.0,1.0,1.0,90.0,0.6037003489164815,0.0,0.0,0.9172862319916574,1.0,6.0,0.0001615080726487,0.0,4.0,0.809614196233858,0.0,0.0,0.9820163334783744,0.0,0.0,1.0,0.0,0.0,1.0,0.0,0.0,1.0,0.0,0.0,1.0,0.0,0.0,1.0,0.0,0.0,1.0,0.0,0.0,1.0,1.0,4.0,0.2371734221371669,0.0,0.0,0.4963856145592921,2.0,30.0,0.0,0.0,0.0,1.0,0.0,3.0,0.9460129556349992
1880.0,12,163.0,1.1897810218978102,10.531293845049364,137.0,1669.0,12.182481751824817,0.0,0.0,11,177.0,37.0,6.206815298233583,6.807692307692308,6.807692307692308,26.0,0.0,0.0,1.0,1.0,5.0,0.1808358483275052,0.0,0.0,1.0,0.0,0.0,1.0,1.0,90.0,0.6360011088443563,2.0,8.0,0.2928795105901162,0.0,0.0,0.9156393939098064,0.0,0.0,0.9420473021688148,1.0,2.0,0.0008419052767019,0.0,0.0,1.0,0.0,0.0,1.0,0.0,0.0,1.0,0.0,0.0,0.5410848624219107,0.0,0.0,1.0,1.0,4.0,0.3399101645053298,0.0,0.0,1.0,2.0,15.0,8.67054570710656e-05,1.0,7.0,0.0,2.0,46.0,0.0,0.0,0.0,0.9265096946386748,0.0,0.0,0.9652139384681756
1888.0,4,29.0,0.2180451127819548,10.657978113752485,133.0,1473.0,11.075187969924812,0.0,0.0,4,55.0,0.0,8.563056354695002,2.1153846153846154,2.1153846153846154,26.0,0.0,11.0,0.537657746065108,1.0,6.0,0.2448208159410954,0.0,0.0,1.0,0.0,0.0,0.8613761177041234,0.0,2.0,0.9646513076292524,1.0,3.0,0.4813286897168271,0.0,0.0,1.0,0.0,0.0,1.0,0.0,0.0,1.0,0.0,0.0,1.0,0.0,0.0,0.6661198485998491,0.0,4.0,0.6770257162065433,0.0,0.0,1.0,0.0,0.0,1.0,0.0,0.0,1.0,0.0,0.0,1.0,1.0,27.0,0.4488946019379591,0.0,0.0,0.9523230419176264,1.0,2.0,0.0071097051687789,0.0,0.0,1.0,0.0,0.0,0.7673980846493476
1896.0,12,30.0,0.2307692307692307,10.515047179441073,130.0,1448.0,11.138461538461538,0.0,0.0,11,75.0,20.0,5.654692741582389,2.6785714285714284,2.6785714285714284,28.0,4.0,36.0,0.1565122213756725,0.0,0.0,1.0,0.0,10.0,0.6840120984701162,1.0,1.0,0.7170167835397909,0.0,0.0,0.7353683735826917,1.0,2.0,0.002366048317984,0.0,0.0,1.0,1.0,6.0,9.528103410746918e-06,1.0,4.0,0.0032066843739053,0.0,0.0,1.0,0.0,3.0,0.9387798734787204,1.0,8.0,0.0001252928101217,0.0,0.0,1.0,0.0,0.0,1.0,1.0,4.0,0.0018066682449552,0.0,0.0,1.0,0.0,0.0,0.9069026253704012,1.0,1.0,0.0019429551178662,0.0,0.0,1.0,0.0,0.0,1.0,0.0,0.0,0.8227155936642949
1904.0,16,97.0,0.7132352941176471,9.978604731076668,136.0,1525.0,11.213235294117649,77.0,0.5661764705882353,16,140.0,65.0,5.338823926460248,3.888888888888889,3.888888888888889,36.0,7.0,88.0,0.0144863566364217,0.0,0.0,1.0,1.0,8.0,9.969366281963718e-05,0.0,3.0,0.9104116147968718,2.0,13.0,0.3062622491273797,0.0,0.0,1.0,0.0,3.0,0.4397289517463754,0.0,3.0,0.774475269018536,2.0,3.0,0.0056758305319758,0.0,0.0,1.0,0.0,4.0,0.2892332568600349,0.0,0.0,1.0,0.0,3.0,0.8413322240977654,0.0,0.0,0.4112501662267853,0.0,0.0,0.6130241399717723,0.0,0.0,1.0,3.0,10.0,0.0003064852686968,0.0,0.0,1.0,0.0,0.0,1.0,0.0,0.0,1.0,1.0,2.0,0.0004824033459482
1912.0,10,62.0,0.4525547445255474,10.353331050114738,137.0,1492.0,10.89051094890511,0.0,0.0,6,118.0,0.0,7.627327583570501,3.575757575757576,3.575757575757576,33.0,2.0,90.0,0.3634834624675101,0.0,0.0,1.0,0.0,0.0,1.0,1.0,3.0,0.6282196876451058,0.0,3.0,0.7475143923006746,1.0,3.0,0.0001535249371375,1.0,6.0,0.2031294093140178,0.0,0.0,0.9577866806229506,0.0,0.0,0.3713775785194306,0.0,0.0,1.0,0.0,0.0,1.0,0.0,0.0,1.0,0.0,3.0,0.7272392730468801,0.0,0.0,0.0154987224337397,0.0,0.0,0.7808687971933022,0.0,0.0,1.0,1.0,10.0,0.4087675234778505,0.0,0.0,1.0,0.0,0.0,1.0,0.0,0.0,1.0,0.0,0.0,0.9205221262501048
1920.0,8,35.0,0.2651515151515151,10.455365299251085,132.0,1514.0,11.469696969696969,22.0,0.1666666666666666,7,160.0,42.0,7.343518651295753,4.705882352941177,4.705882352941177,34.0,3.0,126.0,0.1795559438976729,0.0,0.0,1.0,2.0,10.0,0.0537931074949167,0.0,1.0,0.6810484605418562,1.0,7.0,0.0100708875854883,0.0,0.0,0.9232863515547822,0.0,6.0,0.7578916528080984,0.0,0.0,1.0,0.0,0.0,1.0,0.0,0.0,1.0,0.0,3.0,0.9757948391851056,0.0,0.0,1.0,1.0,4.0,0.4529912579580201,0.0,0.0,0.918890022102719,0.0,0.0,0.9698457149682084,0.0,0.0,1.0,0.0,3.0,0.9788233019075728,0.0,0.0,0.9157235144086524,0.0,0.0,0.9724445534497196,0.0,0.0,1.0,0.0,0.0,1.0
1928.0,13,79.0,0.5984848484848485,10.088826537666137,132.0,1493.0,11.31060606060606,0.0,0.0,12,235.0,75.0,7.158061152194196,6.911764705882353,6.911764705882353,34.0,7.0,172.0,0.0462353671393363,0.0,0.0,1.0,1.0,14.0,0.2234508867137098,0.0,13.0,0.841919574714751,1.0,10.0,0.4617502269117464,0.0,0.0,1.0,0.0,4.0,0.9315616260853988,0.0,4.0,0.9436470827326588,0.0,0.0,1.0,0.0,0.0,1.0,0.0,6.0,0.6438787737962811,0.0,3.0,0.93228862399178,1.0,7.0,0.608511431396314,0.0,0.0,1.0,0.0,0.0,1.0,0.0,0.0,1.0,0.0,0.0,0.9579515865669102,1.0,1.0,0.4615420998744556,0.0,0.0,1.0,0.0,0.0,1.0,1.0,1.0,0.4932640269253223
1936.0,14,102.0,0.7445255474452555,10.26291173726924,137.0,1536.0,11.211678832116789,43.0,0.3138686131386861,9,233.0,0.0,5.845451259379161,8.03448275862069,8.03448275862069,29.0,2.0,148.0,0.3440352763693385,0.0,0.0,1.0,2.0,19.0,0.2359375474345337,1.0,14.0,0.3899890552924319,1.0,18.0,0.458345266148718,0.0,0.0,1.0,0.0,0.0,0.937078771280332,0.0,0.0,1.0,0.0,0.0,0.0590121744337949,0.0,0.0,1.0,2.0,15.0,0.4522480466201302,0.0,0.0,1.0,0.0,7.0,0.9462145280488254,0.0,0.0,1.0,0.0,0.0,0.4832582185970293,0.0,0.0,1.0,0.0,0.0,1.0,1.0,9.0,0.0985048130374011,0.0,0.0,1.0,0.0,0.0,1.0,0.0,3.0,0.0098046789915113
1944.0,16,84.0,0.60431654676259,9.929564449060946,139.0,1356.0,9.755395683453235,0.0,0.0,14,275.0,42.0,6.426145316613933,6.547619047619048,6.547619047619048,42.0,3.0,171.0,0.1091267471004968,2.0,3.0,0.0,2.0,5.0,0.1114669033196038,2.0,28.0,0.005118961087841,1.0,26.0,0.4102798865255778,0.0,0.0,0.9738633125795608,1.0,1.0,0.5266388115029222,0.0,2.0,0.9310304833021268,0.0,0.0,1.0,0.0,0.0,1.0,2.0,28.0,0.3128113706748378,0.0,0.0,0.9692367899728076,0.0,0.0,1.0,0.0,3.0,0.9331438765893142,0.0,0.0,0.911573192727212,1.0,5.0,0.0,0.0,0.0,0.6314168823393956,0.0,0.0,1.0,0.0,0.0,0.2059061020493823,0.0,3.0,0.9363478494620588,0.0,0.0,1.0
1952.0,20,67.0,0.4785714285714286,9.794314374668163,140.0,1294.0,9.242857142857142,0.0,0.0,17,221.0,0.0,5.560991047748132,5.390243902439025,5.390243902439025,41.0,2.0,131.0,0.288596303900467,1.0,6.0,0.5879596835720393,1.0,11.0,0.3353691737124187,0.0,0.0,1.0,0.0,3.0,0.9660774740622708,2.0,6.0,0.0001419476471834,1.0,5.0,0.0456102339127035,0.0,3.0,0.9922938092784844,0.0,0.0,1.0,0.0,0.0,1.0,1.0,4.0,0.0001270388769101,0.0,4.0,0.8475964004168867,0.0,0.0,1.0,0.0,0.0,0.9361725074802584,0.0,4.0,0.5632538042388303,0.0,0.0,1.0,4.0,22.0,0.1906738249745185,0.0,0.0,1.0,4.0,20.0,0.1908034917691791,1.0,2.0,0.4144914861942598,0.0,0.0,1.0
1960.0,20,135.0,0.944055944055944,10.25792839817734,143.0,1373.0,9.601398601398602,79.0,0.5524475524475524,19,220.0,0.0,4.877244212198741,5.945945945945946,5.945945945945946,37.0,2.0,60.0,0.4288981516498888,2.0,5.0,0.3119667685758232,2.0,18.0,6.96112963375666e-06,0.0,0.0,1.0,0.0,3.0,0.967993909252164,2.0,22.0,0.3161028420794085,2.0,18.0,0.3290840735720903,0.0,0.0,0.3872444493567302,0.0,0.0,1.0,0.0,0.0,1.0,2.0,17.0,0.000418734283808,1.0,1.0,0.448831873132882,0.0,0.0,0.6634763532105442,0.0,0.0,1.0,1.0,0.0,0.386659144639411,0.0,0.0,1.0,4.0,57.0,0.0059770429794923,0.0,0.0,1.0,1.0,19.0,0.3753688721000883,0.0,0.0,1.0,0.0,0.0,1.0
1976.0,16,190.0,1.2837837837837838,10.487934807804848,148.0,1458.0,9.85135135135135,0.0,0.0,15,226.0,0.0,6.192814669165432,5.947368421052632,5.947368421052632,38.0,2.0,31.0,0.1222762326406265,1.0,7.0,0.0001399614277925,1.0,6.0,0.0,0.0,0.0,1.0,1.0,11.0,0.7261184041116789,2.0,6.0,0.1973218996433686,1.0,13.0,0.3925620510735486,0.0,0.0,1.0,0.0,0.0,1.0,0.0,0.0,0.8229337325278363,0.0,0.0,1.0,1.0,5.0,0.4441000435403079,0.0,3.0,0.91191455925011,0.0,0.0,1.0,1.0,5.0,0.6293798742746232,0.0,0.0,1.0,5.0,136.0,0.0984254492776055,0.0,0.0,1.0,0.0,0.0,0.4560278882764623,0.0,3.0,0.985878922047564,0.0,0.0,1.0
1984.0,13,68.0,0.4563758389261745,10.357753599411309,149.0,1502.0,10.080536912751676,44.0,0.2953020134228188,12,97.0,0.0,7.267512384993499,2.3095238095238093,2.3095238095238093,42.0,1.0,4.0,0.3581954738785453,0.0,3.0,0.6060074637681221,1.0,1.0,0.0004964676078845,0.0,0.0,0.9549464499163036,2.0,23.0,0.6760840239519519,4.0,35.0,0.0,2.0,14.0,0.3254509412047144,0.0,7.0,0.9532948655815076,0.0,0.0,0.0786990061326586,0.0,0.0,1.0,0.0,0.0,1.0,1.0,5.0,0.2040760711198389,0.0,0.0,1.0,0.0,0.0,0.9753620119427686,1.0,2.0,0.1653107444583534,0.0,0.0,1.0,0.0,0.0,0.9925496315192338,0.0,0.0,0.5788868603252608,0.0,0.0,1.0,0.0,0.0,1.0,0.0,3.0,0.9417957321602448
1992.0,16,70.0,0.4605263157894737,10.454433916383538,152.0,1506.0,9.907894736842104,4.0,0.0263157894736842,15,109.0,12.0,6.702073151773791,2.422222222222222,2.422222222222222,45.0,4.0,31.0,0.2706623895355228,0.0,0.0,1.0,1.0,4.0,0.0,1.0,2.0,0.4584466394665997,0.0,3.0,0.7957847072125519,0.0,21.0,0.478885981503881,0.0,3.0,0.9495517557101616,0.0,0.0,0.9893504730154284,0.0,0.0,1.0,0.0,0.0,1.0,1.0,1.0,0.0014228553250328,2.0,19.0,0.3141264931129445,0.0,0.0,1.0,0.0,0.0,0.0114314572031512,2.0,6.0,0.3337980917019912,0.0,3.0,0.848213894581833,2.0,7.0,0.2184272277097101,1.0,6.0,0.0,0.0,1.0,0.9505484838135096,1.0,2.0,0.2413719565091671,0.0,0.0,0.9076180046826589
2000.0,16,86.0,0.5850340136054422,9.949228875405492,147.0,1217.0,8.27891156462585,0.0,0.0,16,124.0,15.0,5.620633862474511,2.883720930232558,2.883720930232558,43.0,1.0,19.0,0.2785946408990176,0.0,0.0,1.0,0.0,0.0,1.0,0.0,3.0,0.6635961032885401,4.0,20.0,0.1935494553541439,2.0,5.0,0.0017885986246985,0.0,0.0,0.9291643054149205,0.0,0.0,1.0,0.0,0.0,1.0,0.0,0.0,1.0,0.0,0.0,1.0,2.0,23.0,0.147515253406774,0.0,0.0,1.0,0.0,0.0,1.0,2.0,22.0,0.3822673405376369,0.0,0.0,1.0,1.0,7.0,0.5586037906840418,1.0,14.0,0.5870926483577316,0.0,0.0,0.9858727649049644,1.0,5.0,0.0,2.0,6.0,0.4456350127806802
2008.0,13,76.0,0.5205479452054794,10.34884512574336,146.0,1258.0,8.616438356164384,41.0,0.2808219178082192,12,108.0,0.0,6.49670523106488,2.7,2.7,40.0,1.0,10.0,0.0,0.0,0.0,1.0,0.0,0.0,1.0,2.0,7.0,0.4883123090272921,2.0,27.0,0.0788955572885472,0.0,0.0,0.9908243695737278,0.0,5.0,0.965853598863049,0.0,3.0,0.9310925699151767,0.0,0.0,1.0,0.0,0.0,1.0,0.0,4.0,0.2679496392781397,2.0,19.0,3.945515441842348e-05,0.0,0.0,0.4340965068117591,0.0,0.0,1.0,0.0,12.0,0.3703190485265476,0.0,0.0,1.0,3.0,10.0,0.3517555642927116,0.0,0.0,0.7163329727571325,0.0,2.0,0.9038590581875292,0.0,0.0,1.0,2.0,9.0,0.3130679544518724
2016.0,14,109.0,0.7517241379310344,10.925472660088564,145.0,1292.0,8.910344827586206,34.0,0.2344827586206896,13,144.0,36.0,5.923809780390304,4.0,4.0,36.0,0.0,0.0,1.0,0.0,0.0,1.0,0.0,0.0,1.0,0.0,3.0,0.3933518056198964,2.0,46.0,0.1088548501548124,0.0,0.0,0.0796067500819786,3.0,9.0,0.2275073703489692,1.0,5.0,0.5023343333952618,0.0,0.0,1.0,0.0,0.0,1.0,1.0,13.0,0.3500256475145606,2.0,42.0,0.2519999182929076,0.0,3.0,0.8113479548093094,0.0,0.0,1.0,2.0,11.0,0.3334072960538753,0.0,0.0,1.0,1.0,6.0,0.6466256705041811,0.0,0.0,0.9438683107443616,1.0,6.0,0.317125352022638,0.0,0.0,1.0,0.0,0.0,1.0
2024.0,9,53.0,0.3581081081081081,10.419354529575823,148.0,1197.0,8.087837837837839,0.0,0.0,8,88.0,0.0,6.113752620719838,2.933333333333333,2.933333333333333,30.0,0.0,3.0,0.4180397204387964,0.0,4.0,0.3260773625988594,0.0,3.0,0.6601649360762109,1.0,8.0,0.0,0.0,7.0,0.3383057644615793,0.0,0.0,1.0,1.0,4.0,0.0003594158833332,1.0,4.0,0.5148160955423418,1.0,1.0,0.000502921279477,0.0,0.0,1.0,0.0,5.0,0.579450158304251,2.0,35.0,0.1054130409174513,0.0,0.0,0.6184734261246436,0.0,0.0,0.9413437564701632,0.0,4.0,0.4098238907220197,0.0,0.0,0.9025045863946598,2.0,10.0,0.3935674529838177,0.0,0.0,1.0,0.0,0.0,1.0,0.0,0.0,1.0,0.0,0.0,1.0
2032.0,16,77.0,0.5099337748344371,10.558179955536447,151.0,1055.0,6.986754966887418,0.0,0.0,13,116.0,28.0,5.309301851342346,3.741935483870968,3.741935483870968,31.0,0.0,3.0,0.9863408076410682,2.0,13.0,0.0001467336485226,0.0,0.0,1.0,0.0,0.0,1.0,1.0,12.0,0.0,0.0,0.0,0.8038858781630442,1.0,12.0,0.41212797479431,0.0,3.0,0.9148911464657904,1.0,12.0,0.2691555154907463,0.0,0.0,1.0,0.0,0.0,1.0,0.0,5.0,0.1832803430838026,1.0,3.0,0.4548738300053114,0.0,0.0,0.9326103612580108,1.0,10.0,0.3740452992432491,1.0,2.0,1.6765194747973315e-05,5.0,38.0,0.1443022281620448,0.0,0.0,1.0,0.0,0.0,1.0,0.0,0.0,1.0,0.0,3.0,0.9380101672005108
2040.0,12,109.0,0.7218543046357616,10.63639612048026,151.0,1085.0,7.185430463576159,30.0,0.1986754966887417,11,157.0,41.0,6.897056678745486,4.485714285714286,4.485714285714286,35.0,0.0,7.0,0.9027985987367576,1.0,11.0,0.0,0.0,3.0,0.6994909464851528,0.0,0.0,1.0,0.0,7.0,0.9624060701536108,2.0,8.0,0.003384808614883,1.0,11.0,0.066986063407386,0.0,9.0,0.9238342789373628,0.0,1.0,0.3403658170447077,0.0,0.0,1.0,0.0,3.0,0.7456582560878788,0.0,0.0,1.0,0.0,2.0,0.9726120703297368,0.0,0.0,0.3346039019966794,0.0,0.0,0.5430630118102199,0.0,0.0,1.0,7.0,89.0,0.0911041514398994,0.0,3.0,0.012824756107162,0.0,0.0,1.0,0.0,3.0,0.9793134593783336,0.0,0.0,1.0
2048.0,5,24.0,0.1528662420382165,10.755621982344206,157.0,1103.0,7.025477707006369,18.0,0.1146496815286624,4,96.0,0.0,9.052214251770485,2.526315789473684,2.526315789473684,38.0,0.0,13.0,0.5036232640660886,1.0,22.0,0.3815434184759138,0.0,0.0,1.0,1.0,12.0,0.2157026973582292,0.0,13.0,0.9628640599167386,0.0,4.0,0.0509583735242492,0.0,0.0,0.8491308322215441,0.0,0.0,1.0,0.0,3.0,0.9105348869722458,0.0,0.0,1.0,0.0,9.0,0.9404339197563718,0.0,0.0,1.0,0.0,0.0,1.0,1.0,2.0,0.0838054915823417,1.0,1.0,0.4475652810920283,0.0,0.0,0.8038262948027859,0.0,13.0,0.5278053292811472,0.0,0.0,0.5005144714586804,0.0,0.0,1.0,0.0,4.0,0.940450451187169,0.0,0.0,0.8728229510041808
2056.0,7,12.0,0.0745341614906832,10.747854371175618,161.0,1068.0,6.633540372670807,0.0,0.0,4,85.0,0.0,9.3107340503299,2.4285714285714284,2.4285714285714284,35.0,0.0,6.0,0.471721307707929,0.0,7.0,0.9380162239870508,0.0,3.0,0.7506811264729809,0.0,13.0,0.3047637435716822,1.0,12.0,0.7589174170378016,0.0,0.0,0.4899443543778428,0.0,6.0,0.94715370037629,0.0,0.0,1.0,0.0,0.0,1.0,0.0,0.0,1.0,1.0,8.0,0.0067951952904662,0.0,0.0,1.0,0.0,0.0,0.9569166079099618,0.0,0.0,1.0,0.0,0.0,0.6664714994840261,0.0,0.0,1.0,2.0,21.0,0.2317638998034152,0.0,6.0,0.248441586866467,0.0,3.0,0.9882667449936268,0.0,0.0,1.0,0.0,0.0,1.0
2064.0,14,56.0,0.345679012345679,10.613488758482951,162.0,1052.0,6.493827160493828,0.0,0.0,12,110.0,25.0,6.8934159435282805,2.894736842105264,2.894736842105264,38.0,0.0,6.0,0.664568132469283,0.0,0.0,1.0,1.0,8.0,0.0,2.0,24.0,0.0045304671410759,2.0,22.0,0.4535644004834881,2.0,10.0,0.4105704440843256,2.0,16.0,0.3333737877176264,0.0,4.0,0.8104431921995647,0.0,0.0,1.0,0.0,0.0,1.0,0.0,0.0,1.0,0.0,0.0,1.0,0.0,6.0,0.7632703828628347,0.0,0.0,1.0,0.0,0.0,0.6165453333290986,0.0,0.0,1.0,1.0,3.0,0.0056139350218562,1.0,9.0,0.6355506316004782,0.0,0.0,1.0,0.0,0.0,0.9371081034536216,1.0,2.0,0.0005970398740003
2072.0,13,83.0,0.497005988023952,10.475573066160695,167.0,1120.0,6.706586826347305,68.0,0.4071856287425149,13,108.0,0.0,7.636400783504361,2.4,2.4,45.0,4.0,16.0,0.0002272879413476,0.0,0.0,1.0,0.0,0.0,1.0,0.0,5.0,0.6609513485980877,0.0,3.0,0.7628454820315842,3.0,32.0,0.2327445135948848,2.0,16.0,0.3212626783907038,0.0,0.0,0.6916009687371686,0.0,0.0,1.0,0.0,0.0,1.0,0.0,3.0,0.9112552490550864,0.0,2.0,0.7837556733886863,0.0,3.0,0.9333882312430072,0.0,0.0,0.5985729732096511,0.0,0.0,0.6781642758486568,1.0,3.0,0.4947665046038061,0.0,0.0,1.0,1.0,17.0,0.4065011436910711,0.0,0.0,1.0,2.0,8.0,0.0739230286151228,0.0,0.0,0.5626757808981613
2080.0,10,26.0,0.1538461538461538,10.633943983951356,169.0,1077.0,6.372781065088757,0.0,0.0,9,55.0,0.0,7.617196278397718,1.4102564102564104,1.4102564102564104,39.0,0.0,18.0,0.4830069514885931,0.0,0.0,0.2724307860080836,0.0,0.0,1.0,0.0,0.0,0.7283766064345228,1.0,3.0,0.4476756672779376,1.0,3.0,0.0,0.0,0.0,0.9607683120421476,1.0,6.0,0.4952433181284449,0.0,0.0,1.0,0.0,0.0,0.854954989578142,1.0,5.0,0.0110490261019407,0.0,0.0,1.0,1.0,3.0,0.2718502290200246,0.0,0.0,0.9723958085914344,1.0,3.0,0.5011320555718308,0.0,0.0,1.0,0.0,0.0,1.0,3.0,14.0,0.4066910723771323,0.0,0.0,1.0,0.0,0.0,1.0,0.0,0.0,1.0
2088.0,12,47.0,0.2797619047619047,10.477129810495777,168.0,1086.0,6.464285714285714,9.0,0.0535714285714285,11,78.0,23.0,6.375188195180938,1.95,1.95,40.0,3.0,25.0,0.3549174525118773,0.0,0.0,0.6560120857434931,0.0,0.0,1.0,3.0,13.0,0.4355726397696702,1.0,11.0,0.4597384866951506,0.0,0.0,1.0,0.0,0.0,1.0,0.0,0.0,1.0,0.0,0.0,1.0,0.0,0.0,0.8803444135061836,1.0,1.0,0.3317429752487018,0.0,0.0,0.8242171343043807,0.0,3.0,0.5735009102123956,0.0,0.0,1.0,0.0,3.0,0.4894906315735308,0.0,0.0,1.0,1.0,3.0,0.4758836766101582,1.0,14.0,0.1768922608958252,0.0,0.0,1.0,1.0,5.0,0.0003974061123428,0.0,0.0,1.0
2096.0,13,59.0,0.3511904761904761,10.184135130762266,168.0,1108.0,6.595238095238095,22.0,0.1309523809523809,13,116.0,38.0,6.13370173925572,2.32,2.32,50.0,1.0,23.0,0.1977758597548238,1.0,6.0,0.0,0.0,0.0,1.0,0.0,3.0,0.8338281930658458,0.0,0.0,0.476224516677886,0.0,0.0,0.5983794319317333,0.0,0.0,0.9384134734979502,0.0,5.0,0.96311193184116,2.0,9.0,0.0023123247472394,0.0,0.0,0.0361695608129589,0.0,1.0,0.8723154244076438,0.0,4.0,0.8731019181023254,1.0,5.0,0.5208841668602717,0.0,0.0,0.6461972878091329,0.0,3.0,0.4473516825810767,0.0,0.0,1.0,2.0,13.0,0.4770712428658491,5.0,39.0,0.006278128036547,0.0,0.0,1.0,1.0,5.0,0.0056546518690267,0.0,0.0,0.0144504238969597
2112.0,14,85.0,0.4970760233918128,10.656224532114486,171.0,1309.0,7.654970760233918,101.0,0.5906432748538012,13,181.0,23.0,7.566489769849036,3.351851851851852,3.351851851851852,54.0,0.0,28.0,0.5922235147579977,2.0,3.0,0.2648285863030558,2.0,17.0,0.0086127111877535,2.0,7.0,0.3189408582518375,2.0,29.0,0.5669149471399649,0.0,0.0,1.0,0.0,0.0,1.0,0.0,7.0,0.8689872352775733,0.0,0.0,1.0,0.0,0.0,1.0,0.0,0.0,0.735311150460628,0.0,4.0,0.8332572366296589,1.0,2.0,0.3478557042054823,0.0,0.0,0.9155978288934628,0.0,3.0,0.5672010226133279,0.0,0.0,0.8899255301530458,2.0,32.0,0.2216442133299465,2.0,48.0,0.1382135545255197,0.0,1.0,0.9412796328504324,0.0,0.0,1.0,0.0,0.0,0.9532793784903056
2120.0,16,128.0,0.7441860465116279,10.294865200051966,172.0,1407.0,8.180232558139535,98.0,0.5697674418604651,15,197.0,16.0,6.542591538164273,4.377777777777778,4.377777777777778,45.0,2.0,27.0,0.4637405370448607,0.0,1.0,0.6052921188928895,3.0,33.0,0.0153168995594786,1.0,5.0,0.4679123546400503,1.0,33.0,0.6873536738105084,0.0,0.0,0.4845717725218493,0.0,0.0,1.0,0.0,3.0,0.9323173101088,0.0,0.0,1.0,0.0,0.0,1.0,1.0,6.0,0.4932257072560686,1.0,6.0,0.1818906467658834,0.0,0.0,0.3149338347448775,0.0,0.0,1.0,0.0,0.0,0.908436187414458,0.0,0.0,1.0,2.0,40.0,0.4546825714493192,3.0,40.0,0.0002209187382893,1.0,3.0,2.0876228806718365e-05,0.0,0.0,0.6774381876117554,0.0,0.0,0.9651507759120754
2128.0,13,108.0,0.6,10.289564183956198,180.0,1461.0,8.116666666666667,54.0,0.3,10,177.0,0.0,7.928473420495443,3.4705882352941178,3.4705882352941178,51.0,2.0,43.0,0.3329461266395641,1.0,6.0,0.3832576891862859,1.0,5.0,0.0040604383975864,1.0,10.0,0.4135013803034981,1.0,46.0,0.6342489011739767,1.0,4.0,0.0,0.0,4.0,0.8318680823680967,0.0,3.0,0.4795984877130902,0.0,0.0,1.0,0.0,0.0,1.0,2.0,20.0,0.3709758591421522,0.0,9.0,0.6571639954881043,0.0,3.0,0.7871001551445195,0.0,6.0,0.923978518178578,0.0,0.0,0.7363001091995457,0.0,0.0,0.974069824329116,1.0,4.0,0.0001345775599852,0.0,8.0,0.3266451432214293,0.0,0.0,1.0,0.0,0.0,1.0,0.0,6.0,0.723505531966324
2136.0,19,115.0,0.6497175141242938,10.126410435460654,177.0,1379.0,7.790960451977401,0.0,0.0,18,191.0,14.0,4.975573136904026,4.2444444444444445,4.2444444444444445,45.0,0.0,6.0,0.9556833529624792,1.0,18.0,0.4884007596781288,1.0,10.0,0.0,1.0,18.0,0.0,6.0,73.0,0.179751545517187,0.0,0.0,1.0,1.0,1.0,0.0051108253493083,0.0,0.0,1.0,0.0,0.0,1.0,0.0,0.0,1.0,1.0,18.0,0.4262538962201159,0.0,0.0,0.0355868193604045,0.0,6.0,0.5836204575343256,2.0,16.0,0.0,0.0,0.0,0.9466327197347196,0.0,0.0,1.0,1.0,1.0,0.0018366702225281,1.0,12.0,4.745337920278056e-05,0.0,0.0,0.9215445937746763,1.0,4.0,0.3228630818440393,2.0,8.0,0.2642166157552968
2144.0,16,174.0,0.9720670391061452,10.436959835691978,179.0,1390.0,7.76536312849162,11.0,0.0614525139664804,14,219.0,28.0,8.184104582607088,4.760869565217392,4.760869565217392,46.0,0.0,6.0,0.7372503287235912,2.0,31.0,0.4444984231413457,0.0,0.0,1.0,2.0,32.0,0.338596422473454,9.0,135.0,0.2414564162411053,0.0,0.0,0.42315200253371,0.0,0.0,0.9042805946356256,0.0,0.0,1.0,0.0,0.0,1.0,0.0,0.0,1.0,0.0,6.0,0.6500011739487398,0.0,0.0,0.6270049601057827,0.0,7.0,0.8843437248955217,0.0,0.0,1.0,0.0,0.0,0.5522415150141351,0.0,0.0,1.0,0.0,0.0,1.0,0.0,0.0,1.0,0.0,0.0,1.0,0.0,0.0,0.9389772242953264,1.0,2.0,0.0008435657234304
2152.0,16,147.0,0.84,9.80847864089917,175.0,1415.0,8.085714285714285,25.0,0.1428571428571428,16,240.0,21.0,6.271172523242212,4.8979591836734695,4.8979591836734695,49.0,1.0,5.0,0.2469590884862836,3.0,49.0,0.0801423838483238,0.0,0.0,1.0,3.0,52.0,0.2274134510937706,5.0,102.0,0.119273206335624,1.0,2.0,0.2727113645589808,1.0,6.0,0.0919225042323641,0.0,1.0,0.973458727294982,0.0,0.0,1.0,0.0,0.0,0.90955077708356,0.0,3.0,0.4722360805657462,0.0,7.0,0.9613836339622102,0.0,0.0,0.8381056787099286,0.0,1.0,0.8278722756309755,0.0,0.0,0.8005553722705115,0.0,0.0,1.0,0.0,0.0,1.0,0.0,3.0,0.6915971871048625,0.0,0.0,1.0,2.0,6.0,0.0025889921770517,0.0,3.0,0.687229159240679
2168.0,9,98.0,0.5664739884393064,10.646463732641577,173.0,1523.0,8.803468208092486,0.0,0.0,9,192.0,0.0,7.589169121272616,4.8,4.8,40.0,2.0,8.0,0.2987811308769965,0.0,3.0,0.5641812392395907,0.0,6.0,0.5783483741232047,2.0,48.0,0.4776645743981169,4.0,109.0,0.303275610491814,0.0,0.0,1.0,0.0,0.0,0.6767262090266317,0.0,3.0,0.985556528252614,0.0,0.0,1.0,0.0,0.0,1.0,0.0,3.0,0.6354187503285116,0.0,0.0,1.0,0.0,0.0,0.4981124140631098,0.0,0.0,0.8073821654722939,0.0,0.0,0.5123702553325434,0.0,0.0,1.0,0.0,0.0,1.0,0.0,0.0,0.812738076841809,0.0,4.0,0.9537962602687262,0.0,0.0,0.9352219988598682,1.0,8.0,0.0
2176.0,12,52.0,0.3095238095238095,10.21234953808108,168.0,1561.0,9.291666666666666,38.0,0.2261904761904762,10,212.0,20.0,5.567708886381627,5.435897435897436,5.435897435897436,39.0,2.0,31.0,0.1839741139297734,1.0,6.0,0.0,2.0,7.0,0.0006796080080008,0.0,35.0,0.5567971958015706,2.0,101.0,0.3128796257568326,0.0,7.0,0.1397209604304553,0.0,0.0,1.0,0.0,0.0,1.0,0.0,0.0,1.0,0.0,0.0,0.0084577543446701,0.0,3.0,0.8257194124473161,0.0,3.0,0.2925298613761807,0.0,0.0,0.91832827336803,0.0,0.0,1.0,0.0,0.0,0.9566268746636016,0.0,0.0,1.0,0.0,4.0,0.020815569205493,1.0,2.0,0.4566848707360199,1.0,6.0,0.0017775614409814,1.0,7.0,0.4936823837301843,0.0,0.0,1.0
2184.0,14,97.0,0.5773809523809523,9.8846137241947,168.0,1583.0,9.422619047619047,22.0,0.1309523809523809,14,223.0,11.0,6.138165110304266,5.309523809523809,5.309523809523809,42.0,4.0,59.0,0.1945344795321424,0.0,3.0,0.3487301305700861,0.0,3.0,0.6125187368781452,6.0,48.0,0.2247314376307597,3.0,106.0,0.3597755924516603,0.0,0.0,1.0,0.0,0.0,0.6402387181777903,0.0,0.0,1.0,0.0,0.0,1.0,0.0,0.0,1.0,0.0,3.0,0.9552296091099762,1.0,1.0,0.001398749865519,0.0,0.0,0.6038992094127152,0.0,0.0,0.7444404351320851,0.0,0.0,0.7095941492871379,0.0,0.0,1.0,0.0,0.0,0.9189691991046204,0.0,0.0,0.9796222527141234,0.0,0.0,1.0,0.0,0.0,1.0,0.0,0.0,1.0
2192.0,20,110.0,0.6626506024096386,10.036273455449887,166.0,1616.0,9.734939759036145,33.0,0.1987951807228915,18,193.0,0.0,6.106177712550438,4.288888888888889,4.288888888888889,45.0,1.0,37.0,0.2281458863433772,2.0,15.0,0.2837706636414499,0.0,0.0,1.0,10.0,89.0,0.2056429543977092,3.0,35.0,0.4400015569308658,0.0,0.0,1.0,1.0,6.0,0.0,0.0,3.0,0.942073494624206,0.0,0.0,1.0,0.0,3.0,0.9851654154574484,0.0,0.0,0.7918592831685479,0.0,0.0,1.0,1.0,1.0,0.3966616879843663,0.0,0.0,0.9133899617123676,0.0,0.0,0.8127576457307973,0.0,0.0,1.0,0.0,0.0,0.9342378157758616,0.0,0.0,1.0,0.0,0.0,1.0,0.0,1.0,0.9881530351852336,0.0,3.0,0.9951512429321004
2200.0,17,80.0,0.4819277108433735,9.680242588607529,166.0,1690.0,10.180722891566266,74.0,0.4457831325301205,16,209.0,16.0,5.351489080339573,4.543478260869565,4.543478260869565,46.0,1.0,13.0,0.655235974051195,1.0,5.0,0.1915401646659716,0.0,3.0,0.7025158599092025,6.0,121.0,0.0578115944992579,4.0,51.0,0.4076805564550467,0.0,0.0,1.0,0.0,4.0,0.6401408448306295,0.0,0.0,1.0,0.0,0.0,0.958886394035194,0.0,0.0,1.0,0.0,3.0,0.6930671196182454,0.0,0.0,1.0,2.0,2.0,0.1823284385908743,0.0,0.0,1.0,0.0,0.0,1.0,0.0,0.0,1.0,1.0,3.0,0.0002126752042342,1.0,4.0,0.5827180436742242,0.0,0.0,0.9320747141413072,0.0,0.0,1.0,0.0,0.0,1.0
2208.0,16,100.0,0.6134969325153374,10.052848865350889,163.0,1703.0,10.447852760736197,13.0,0.0797546012269938,14,238.0,29.0,6.623212846844735,5.173913043478261,5.173913043478261,46.0,1.0,21.0,0.2012558985468084,1.0,9.0,0.5145665355255974,1.0,2.0,0.0006866877516315,5.0,129.0,0.0666063151673696,1.0,26.0,0.6421205055304308,0.0,0.0,1.0,0.0,5.0,0.3787309207064105,0.0,0.0,1.0,0.0,0.0,0.9352584263994124,0.0,0.0,0.9442149639731992,0.0,10.0,0.8241150570614943,0.0,7.0,0.9580455658262976,3.0,9.0,0.3218878002035907,0.0,0.0,1.0,0.0,0.0,1.0,0.0,2.0,0.5834101030609832,0.0,0.0,1.0,2.0,15.0,0.3171653685011016,0.0,0.0,1.0,0.0,0.0,1.0,0.0,3.0,0.9045580087345384
2216.0,16,131.0,0.793939393939394,9.407424355724034,165.0,1696.0,10.27878787878788,0.0,0.0,16,308.0,70.0,5.562062599996464,5.811320754716981,5.811320754716981,53.0,0.0,7.0,0.3635426334295688,3.0,23.0,0.2924226750101767,1.0,10.0,0.0,5.0,155.0,0.0686826390535939,3.0,41.0,0.4056282140165029,0.0,0.0,1.0,0.0,3.0,0.9944404989392704,0.0,3.0,0.9865009237218604,1.0,1.0,0.0024730248174787,0.0,0.0,0.2027182058644715,0.0,8.0,0.7722884007191663,0.0,0.0,0.9879670264064786,0.0,15.0,0.7013391381890449,0.0,0.0,1.0,0.0,0.0,0.6914716661142548,1.0,2.0,0.0008150792057101,0.0,0.0,1.0,2.0,31.0,0.2542797527915222,0.0,9.0,0.3871305039170674,0.0,0.0,1.0,0.0,0.0,1.0
2224.0,29,191.0,1.136904761904762,8.633007620391501,168.0,1763.0,10.49404761904762,67.0,0.3988095238095238,24,341.0,33.0,4.406258957176677,6.82,6.82,50.0,3.0,21.0,0.2432787082239366,1.0,26.0,0.4032246078918294,1.0,18.0,0.0,6.0,160.0,0.152434225705163,3.0,36.0,0.1951097694670301,0.0,2.0,0.7856496482695063,0.0,0.0,0.9749809763810994,0.0,0.0,1.0,0.0,0.0,1.0,0.0,0.0,1.0,0.0,10.0,0.8072833847291768,0.0,0.0,1.0,3.0,12.0,0.1209538961590285,0.0,0.0,1.0,0.0,0.0,0.5668842153118082,0.0,0.0,1.0,0.0,0.0,1.0,3.0,29.0,4.418747737763752e-06,3.0,26.0,0.1561359234336198,1.0,1.0,0.0001081340896684,0.0,0.0,1.0
2232.0,25,186.0,1.0813953488372092,8.964577509338092,172.0,1966.0,11.430232558139537,203.0,1.180232558139535,25,355.0,14.0,3.1008156854678903,7.888888888888889,7.888888888888889,45.0,0.0,0.0,0.6442255779842861,3.0,11.0,0.2171786273230186,0.0,0.0,1.0,9.0,226.0,0.0139806788303672,5.0,66.0,2.101348054294116e-05,4.0,13.0,0.1882076329093002,0.0,0.0,1.0,0.0,0.0,1.0,0.0,0.0,1.0,0.0,0.0,1.0,0.0,0.0,0.7655216325526266,0.0,0.0,1.0,0.0,3.0,0.634026067233556,0.0,0.0,1.0,4.0,14.0,0.0765258251923726,0.0,0.0,1.0,0.0,0.0,1.0,0.0,8.0,0.3219919002672608,0.0,14.0,0.4462385182344965,0.0,0.0,1.0,0.0,0.0,0.9529137416317164
2240.0,21,209.0,1.244047619047619,9.190777754899113,168.0,2042.0,12.154761904761903,76.0,0.4523809523809524,18,430.0,75.0,4.557196017682943,9.347826086956522,9.347826086956522,46.0,1.0,3.0,0.3075457397069693,1.0,15.0,0.2245045132392106,1.0,10.0,0.1564190083438932,8.0,246.0,0.1060555590619926,4.0,93.0,0.320092537368333,0.0,1.0,0.5460100696391808,0.0,0.0,1.0,0.0,0.0,1.0,0.0,0.0,1.0,0.0,0.0,0.9776047955629809,0.0,4.0,0.4691503695486103,0.0,0.0,1.0,0.0,0.0,1.0,0.0,14.0,0.9361821065735536,0.0,17.0,0.0797605641331484,0.0,0.0,1.0,1.0,4.0,0.0079677667202745,0.0,0.0,1.0,2.0,22.0,0.0045785933568394,0.0,0.0,1.0,0.0,1.0,0.7482157382997778
2248.0,25,209.0,1.2901234567901234,9.885146664482296,162.0,1972.0,12.17283950617284,0.0,0.0,17,383.0,0.0,5.903485359670394,10.35135135135135,10.35135135135135,37.0,0.0,0.0,0.9387012529968524,1.0,7.0,0.0,1.0,12.0,0.0,8.0,236.0,6.510109326806046e-05,1.0,44.0,0.5492291196587182,0.0,0.0,1.0,0.0,0.0,1.0,0.0,0.0,1.0,0.0,0.0,1.0,0.0,0.0,0.9492509721936973,0.0,7.0,0.7567057201740843,0.0,0.0,1.0,1.0,0.0,0.5882078692728262,0.0,0.0,0.533035743798881,2.0,22.0,0.0039495348555029,0.0,0.0,1.0,0.0,7.0,0.977115519715276,0.0,0.0,0.9668063239831652,2.0,38.0,0.0,0.0,0.0,1.0,1.0,10.0,0.4735537844793694
2264.0,15,88.0,0.567741935483871,9.31499748854767,155.0,1869.0,12.058064516129033,0.0,0.0,13,312.0,14.0,6.131372510518197,6.36734693877551,6.36734693877551,49.0,1.0,10.0,0.692161094026454,0.0,0.0,1.0,2.0,10.0,4.915371032176826e-05,5.0,237.0,0.0445060925438537,2.0,23.0,0.3887997343714283,0.0,0.0,0.9878275170388044,1.0,5.0,0.3973516932396184,0.0,0.0,0.6782035991208015,0.0,0.0,1.0,0.0,0.0,1.0,0.0,6.0,0.7382583522481536,0.0,0.0,1.0,1.0,7.0,0.7154619528640597,1.0,10.0,0.3425947732964073,0.0,0.0,0.1101704198480689,0.0,0.0,1.0,0.0,0.0,0.5402825130099402,0.0,0.0,0.2022026496158796,0.0,4.0,0.9417021901718106,0.0,0.0,1.0,0.0,0.0,0.9020684529720971
2272.0,25,158.0,0.9875,9.19668908896679,160.0,1983.0,12.39375,114.0,0.7125,21,370.0,58.0,5.927280217995172,7.254901960784314,7.254901960784314,51.0,3.0,19.0,0.0013741976427233,0.0,3.0,0.6803653821186793,1.0,14.0,0.0,4.0,211.0,0.2486182506422304,3.0,35.0,0.3249257940671466,0.0,0.0,1.0,3.0,30.0,0.2328787840261758,0.0,0.0,1.0,0.0,0.0,1.0,0.0,0.0,1.0,0.0,7.0,0.9165563759656162,0.0,0.0,1.0,1.0,12.0,0.6416698137744425,1.0,18.0,0.6504879805317605,0.0,0.0,0.8474053049921876,0.0,2.0,0.011173850772304,1.0,6.0,0.0,3.0,9.0,0.0009530317277465,0.0,0.0,1.0,0.0,0.0,0.986793501653809,1.0,4.0,2.804637660069555e-05
2288.0,15,104.0,0.6459627329192547,10.075495371847497,161.0,2064.0,12.819875776397517,46.0,0.2857142857142857,7,235.0,0.0,6.812005286660802,8.10344827586207,8.10344827586207,29.0,0.0,0.0,1.0,0.0,0.0,0.922891409894089,0.0,0.0,1.0,4.0,198.0,0.385570095901379,1.0,10.0,0.3387851421482805,0.0,0.0,0.4811582634052464,0.0,0.0,1.0,0.0,0.0,1.0,0.0,0.0,0.93221694134358,0.0,0.0,1.0,1.0,21.0,0.5522198470304427,0.0,0.0,0.6415924428619626,0.0,0.0,1.0,0.0,0.0,0.613721912786018,1.0,3.0,0.0,0.0,0.0,1.0,0.0,0.0,1.0,0.0,0.0,1.0,0.0,0.0,0.9357996088210024,0.0,3.0,0.9830664738597844,0.0,0.0,1.0
2296.0,14,108.0,0.7012987012987013,9.973456854429228,154.0,1820.0,11.818181818181818,0.0,0.0,11,322.0,87.0,7.527668260551545,8.473684210526315,8.473684210526315,38.0,0.0,0.0,0.8578310184872074,0.0,0.0,1.0,0.0,4.0,0.4554616609832921,5.0,241.0,0.1294043217833296,1.0,15.0,0.4708900157087008,1.0,2.0,0.5844586253291365,0.0,0.0,0.9179630073165987,0.0,10.0,0.8473802332375975,1.0,6.0,0.0,0.0,0.0,1.0,1.0,34.0,0.7658141735759968,1.0,6.0,0.3293373736043583,0.0,2.0,0.7904773188635408,0.0,0.0,0.8158988129410824,0.0,0.0,0.9631647403510208,1.0,1.0,0.0042203012523895,0.0,0.0,1.0,0.0,1.0,0.7589132232935343,0.0,0.0,1.0,0.0,0.0,1.0,0.0,0.0,0.77738112721986
2304.0,17,84.0,0.5316455696202531,9.357019731913256,158.0,1798.0,11.379746835443038,0.0,0.0,13,326.0,4.0,6.587558725487038,8.35897435897436,8.35897435897436,39.0,0.0,7.0,0.9347460472049224,1.0,0.0,0.0873871651511827,1.0,10.0,0.0,8.0,276.0,1.7548945700304927e-05,0.0,0.0,0.6710112969187929,1.0,10.0,0.0,1.0,1.0,0.2848030617778071,0.0,7.0,0.7986298944160656,0.0,0.0,0.9487996401093968,0.0,0.0,1.0,0.0,6.0,0.9432001461769212,1.0,6.0,0.3427512467577033,0.0,3.0,0.7849603208589933,0.0,0.0,1.0,0.0,0.0,0.1090723837092077,0.0,0.0,1.0,0.0,0.0,0.9974983766221636,0.0,0.0,0.0573099107275822,0.0,0.0,0.8998519128220255,0.0,0.0,0.8394320391940185,0.0,0.0,1.0
2312.0,18,96.0,0.5783132530120482,9.95406555794687,166.0,1835.0,11.05421686746988,37.0,0.2228915662650602,11,270.0,0.0,7.438343360433094,6.27906976744186,6.27906976744186,43.0,3.0,14.0,0.2468365335590253,0.0,3.0,0.4402041310818317,0.0,3.0,0.7874377747766018,3.0,214.0,0.1551467482174287,0.0,3.0,0.8022364530066559,0.0,0.0,1.0,0.0,0.0,0.6392725233384458,0.0,0.0,1.0,1.0,3.0,0.4592616928615591,0.0,0.0,1.0,0.0,0.0,0.940073398562922,1.0,6.0,0.0,0.0,13.0,0.9302723046372732,0.0,0.0,0.6372484333135644,1.0,7.0,0.4751264015279767,0.0,0.0,1.0,1.0,3.0,6.749299994448768e-05,0.0,0.0,1.0,1.0,1.0,0.0007809321559325,0.0,0.0,1.0,0.0,0.0,0.951867513273257
2320.0,22,119.0,0.6685393258426966,9.46287553922275,178.0,1884.0,10.584269662921349,49.0,0.2752808988764045,19,375.0,105.0,6.55988731858923,6.818181818181818,6.818181818181818,55.0,1.0,25.0,0.552666281183446,3.0,12.0,0.3164939381013982,0.0,0.0,1.0,4.0,274.0,0.2140183820122369,3.0,19.0,0.0001590698314615,0.0,0.0,1.0,0.0,0.0,0.9333743307635656,0.0,0.0,1.0,0.0,0.0,0.9534438061500148,0.0,1.0,0.9655640068495014,4.0,13.0,0.3272943885770945,1.0,14.0,0.0,0.0,0.0,0.8485551339980203,0.0,0.0,0.8144108267450602,2.0,4.0,0.6125242269796488,0.0,0.0,1.0,0.0,4.0,0.9751976531340192,0.0,0.0,1.0,1.0,9.0,0.4857027447774925,0.0,0.0,1.0,0.0,0.0,1.0
2336.0,17,102.0,0.5573770491803278,9.623147829274124,183.0,1861.0,10.169398907103826,61.0,0.3333333333333333,9,308.0,0.0,5.159710257416593,7.162790697674419,7.162790697674419,43.0,1.0,20.0,0.6320879466356817,3.0,60.0,0.1386400716578531,2.0,12.0,0.2498913403254365,1.0,199.0,0.1139162655921152,0.0,3.0,0.6728116067020768,0.0,0.0,0.5443248446176401,1.0,2.0,0.0014051387350791,0.0,4.0,0.7448592184588354,0.0,0.0,1.0,0.0,0.0,0.909612782194276,0.0,0.0,0.3016242100258963,0.0,0.0,1.0,0.0,1.0,0.985310334901042,0.0,0.0,1.0,0.0,0.0,0.3556408757506902,1.0,7.0,0.0,0.0,0.0,0.0423738725866991,0.0,0.0,1.0,0.0,0.0,1.0,0.0,0.0,1.0,0.0,0.0,0.987302970352468
2344.0,13,43.0,0.2311827956989247,9.719413418261992,186.0,1882.0,10.118279569892474,21.0,0.1129032258064516,12,289.0,0.0,5.329466953186352,6.020833333333333,6.020833333333333,48.0,0.0,3.0,0.2490040085695068,5.0,95.0,0.1712413705920615,0.0,0.0,0.3183430348040807,1.0,150.0,0.2208548001236366,2.0,18.0,0.2105500428848392,0.0,0.0,0.4385167617899588,0.0,0.0,1.0,1.0,9.0,0.4032259588558335,0.0,0.0,1.0,0.0,0.0,1.0,0.0,0.0,0.600561079651072,0.0,3.0,0.8401764127523783,0.0,0.0,1.0,0.0,0.0,0.8929747471560259,1.0,5.0,0.4850500376103036,1.0,1.0,0.030517362568854,0.0,0.0,0.9188523896303856,1.0,5.0,0.473923620135334,0.0,0.0,1.0,0.0,0.0,1.0,0.0,0.0,0.9625435107252832
2352.0,29,124.0,0.6391752577319587,9.431286502922106,194.0,1941.0,10.005154639175258,59.0,0.3041237113402061,27,430.0,141.0,4.95393345509149,7.166666666666667,7.166666666666667,60.0,2.0,7.0,0.2649480258885621,8.0,109.0,0.0874422352081813,2.0,5.0,0.0022340081116671,5.0,227.0,0.0079966613539181,4.0,49.0,0.1887332278637982,0.0,0.0,0.8089405397952124,0.0,0.0,0.9321395777898992,0.0,0.0,0.5847653476831782,0.0,0.0,1.0,0.0,4.0,0.8503989699845005,1.0,9.0,0.6570489598471173,1.0,1.0,0.2067217627663192,0.0,3.0,0.9416387732828356,0.0,0.0,0.8637298476428867,0.0,0.0,0.4928931815854296,0.0,0.0,0.2854036502223607,1.0,1.0,0.4783806991060966,2.0,12.0,5.0818166938187e-05,0.0,0.0,0.9719365317090756,1.0,3.0,0.4783092582180135,0.0,0.0,0.9840770847196022
2360.0,26,206.0,1.0564102564102564,9.226347330610572,195.0,1972.0,10.112820512820512,31.0,0.1589743589743589,23,525.0,95.0,5.649228349797965,7.720588235294118,7.720588235294118,68.0,0.0,0.0,0.105868702780421,5.0,109.0,0.2159332417154481,0.0,0.0,1.0,6.0,274.0,0.0,0.0,29.0,0.4234711057022862,1.0,7.0,0.0,0.0,4.0,0.926147017414182,0.0,6.0,0.8574138160722513,0.0,0.0,1.0,0.0,0.0,1.0,0.0,0.0,0.639367191960593,2.0,15.0,0.0,0.0,3.0,0.8845014113076475,0.0,0.0,0.6808005758521339,1.0,6.0,0.5943582479822955,0.0,0.0,0.9540605602536288,1.0,4.0,0.3145477100486519,2.0,29.0,0.2315291539997316,2.0,23.0,0.2182530180815854,1.0,11.0,0.0083102463928526,2.0,5.0,0.0019361927250959
2368.0,21,171.0,0.8769230769230769,9.128501433987193,195.0,2096.0,10.748717948717948,124.0,0.6358974358974359,20,438.0,0.0,5.415793969441549,6.9523809523809526,6.9523809523809526,63.0,1.0,8.0,0.0,9.0,136.0,0.0745884776592037,0.0,0.0,1.0,0.0,177.0,0.4302996868168641,3.0,37.0,0.0843608032918988,1.0,15.0,0.0,1.0,6.0,0.4230830937968666,1.0,17.0,0.5026080182764372,0.0,3.0,0.0374815793590349,0.0,0.0,1.0,0.0,0.0,0.9523504580091396,0.0,0.0,1.0,1.0,4.0,0.6308612921635053,1.0,3.0,0.6360944477453496,2.0,25.0,0.4496829875820139,0.0,0.0,1.0,0.0,4.0,0.1538897649057082,0.0,1.0,0.3436296444323816,0.0,2.0,0.7162031255510478,0.0,0.0,1.0,0.0,0.0,1.0
2376.0,22,139.0,0.6984924623115578,9.499046437249993,199.0,2176.0,10.93467336683417,80.0,0.4020100502512563,21,370.0,0.0,4.3220062686754215,6.166666666666667,6.166666666666667,60.0,2.0,19.0,0.348250060358406,3.0,67.0,0.2024716583576788,0.0,0.0,1.0,3.0,160.0,0.2968291671067395,1.0,16.0,0.3368546884307816,1.0,23.0,0.0,3.0,28.0,0.2602444009432382,1.0,4.0,0.4311492505742058,0.0,0.0,0.8575698973210996,0.0,0.0,1.0,0.0,3.0,0.8763385376195284,0.0,3.0,0.9744870608910484,1.0,3.0,0.0823607594533409,2.0,6.0,0.1733961865268059,0.0,8.0,0.0825656138177638,0.0,0.0,1.0,2.0,22.0,0.1103126825156745,1.0,6.0,2.815740939606171e-05,1.0,2.0,0.4402269800986476,0.0,0.0,1.0,0.0,0.0,1.0
2384.0,20,131.0,0.6582914572864321,10.173850008348008,199.0,2224.0,11.175879396984923,48.0,0.2412060301507537,18,324.0,0.0,4.408946907386519,8.307692307692308,8.307692307692308,39.0,1.0,24.0,0.5461223884655368,5.0,89.0,0.0872319911685384,0.0,0.0,1.0,3.0,137.0,0.3903341272281754,3.0,32.0,0.1858861531776473,0.0,0.0,0.9194404504232188,0.0,0.0,0.0403411484296272,2.0,17.0,6.850162460807479e-06,1.0,3.0,0.2782371044000238,0.0,0.0,1.0,0.0,9.0,0.3798839093054347,1.0,5.0,0.0006635821421863,0.0,3.0,0.9910403666747588,0.0,0.0,1.0,0.0,0.0,0.5438767173707065,0.0,0.0,1.0,0.0,0.0,0.9978237762059792,1.0,2.0,0.0004012829152471,1.0,3.0,0.3944977495247356,0.0,0.0,1.0,0.0,0.0,1.0
2392.0,16,83.0,0.4170854271356783,10.794174630258704,199.0,2208.0,11.095477386934672,0.0,0.0,11,263.0,0.0,7.597159547640469,5.844444444444444,5.844444444444444,45.0,1.0,14.0,0.5665512744424962,0.0,0.0,0.2555241797373721,1.0,7.0,0.3893344700382679,5.0,169.0,0.3819385396723303,0.0,21.0,0.5576386274819775,0.0,0.0,1.0,0.0,0.0,0.925126143246771,0.0,0.0,1.0,0.0,0.0,1.0,0.0,0.0,0.94749942119192,0.0,7.0,0.7852123374499757,0.0,0.0,1.0,1.0,13.0,0.3790082025738625,0.0,0.0,1.0,0.0,0.0,0.8669046516257113,0.0,10.0,0.880990425382198,0.0,0.0,1.0,2.0,13.0,0.0003348303524756,0.0,0.0,1.0,0.0,0.0,1.0,1.0,9.0,0.4788155245073123
2424.0,28,173.0,0.8398058252427184,9.647891582357325,206.0,2412.0,11.70873786407767,69.0,0.3349514563106796,28,337.0,44.0,4.843317732243379,5.435483870967742,5.435483870967742,62.0,0.0,22.0,0.4854507047831248,2.0,36.0,0.3413412869263781,1.0,4.0,0.0006754022131119,9.0,89.0,0.1639318015582153,5.0,77.0,0.3396530483274064,0.0,0.0,1.0,2.0,2.0,0.3139780263625796,2.0,34.0,0.0202889354606333,0.0,0.0,1.0,0.0,0.0,1.0,0.0,13.0,0.7641411427267882,0.0,6.0,0.80045558722631,2.0,14.0,3.552179444597696e-05,0.0,0.0,1.0,2.0,13.0,0.4189229110216164,0.0,0.0,0.2214056499412639,0.0,0.0,1.0,0.0,3.0,0.8885660846642052,0.0,0.0,0.915660271619824,0.0,1.0,0.9084126721308492,3.0,23.0,0.0003926955207222
2432.0,24,181.0,0.8916256157635468,9.575189808257903,203.0,2564.0,12.63054187192118,152.0,0.7487684729064039,24,334.0,0.0,3.969180091382956,5.758620689655173,5.758620689655173,58.0,2.0,8.0,0.2202333277250445,3.0,59.0,0.4341796743855442,0.0,0.0,1.0,6.0,104.0,0.1368550590970401,3.0,74.0,0.3331935012215981,0.0,0.0,0.0178461843665107,0.0,0.0,1.0,0.0,6.0,0.1788161767994803,1.0,9.0,0.2550054995902712,0.0,0.0,1.0,0.0,3.0,0.8616388942014548,0.0,0.0,0.9555193878344496,0.0,0.0,1.0,0.0,3.0,0.4054375771656399,2.0,29.0,0.3382522849130195,0.0,0.0,1.0,1.0,9.0,0.2207396322158774,3.0,20.0,0.0890472146310398,1.0,4.0,0.4659022231907405,2.0,6.0,0.0042700787601206,0.0,0.0,1.0
2448.0,13,98.0,0.494949494949495,10.8614325862537,198.0,2447.0,12.358585858585858,0.0,0.0,13,168.0,0.0,6.193491196585346,4.307692307692308,4.307692307692308,39.0,0.0,0.0,0.0414334748249224,1.0,9.0,0.1248913178982004,0.0,0.0,1.0,2.0,47.0,0.542123364355505,2.0,61.0,0.3893805052745594,2.0,7.0,0.0008677999044525,1.0,2.0,0.463401574532179,1.0,10.0,0.4483430856093256,0.0,0.0,1.0,0.0,0.0,1.0,1.0,2.0,0.3655194939434764,1.0,9.0,0.0,0.0,0.0,1.0,1.0,3.0,0.2561335894018685,0.0,0.0,0.678524290858252,0.0,0.0,0.8822114426990647,0.0,0.0,1.0,0.0,11.0,0.3392125672458642,1.0,7.0,0.0,0.0,0.0,1.0,0.0,0.0,0.9455407601886582
2456.0,16,101.0,0.505,10.632155233681065,200.0,2337.0,11.685,0.0,0.0,16,166.0,0.0,5.898599578521287,4.486486486486487,4.486486486486487,37.0,0.0,0.0,1.0,1.0,9.0,0.0,0.0,2.0,0.8337970823031869,5.0,23.0,0.2998894430725164,4.0,85.0,0.320821004917335,0.0,0.0,0.987686016063762,0.0,0.0,1.0,2.0,23.0,0.3272566143013186,0.0,0.0,1.0,0.0,0.0,1.0,1.0,6.0,0.4765304181492458,0.0,3.0,0.1156717692948599,0.0,0.0,0.0887708844612413,1.0,5.0,0.2892294035870209,1.0,2.0,0.5906232860483707,0.0,3.0,0.8735325046026953,1.0,5.0,0.4270610006433645,0.0,0.0,1.0,0.0,0.0,1.0,0.0,0.0,1.0,0.0,0.0,0.911447904236368
2464.0,16,107.0,0.5459183673469388,10.675897442027416,196.0,2384.0,12.16326530612245,47.0,0.2397959183673469,15,148.0,0.0,6.265072782581908,4.111111111111111,4.111111111111111,36.0,0.0,3.0,0.938530015331518,0.0,0.0,1.0,1.0,6.0,1.8725224519088225e-05,7.0,62.0,0.4007516327148433,4.0,44.0,0.3009072114954943,0.0,0.0,0.6726845318029147,0.0,0.0,0.9699448953061054,1.0,6.0,0.4708791479002689,0.0,0.0,1.0,0.0,0.0,1.0,0.0,0.0,1.0,0.0,0.0,1.0,0.0,6.0,0.4896696639417617,0.0,0.0,1.0,2.0,15.0,0.0,0.0,0.0,1.0,0.0,0.0,1.0,0.0,0.0,0.0247944123290105,0.0,0.0,0.9622413492015984,0.0,6.0,0.7158382643483014,0.0,0.0,1.0
2472.0,17,160.0,0.837696335078534,10.404655177590971,191.0,2313.0,12.109947643979057,0.0,0.0,16,226.0,78.0,5.362444053290922,5.255813953488372,5.255813953488372,43.0,1.0,14.0,0.3545852442535905,1.0,0.0,0.0,0.0,0.0,1.0,8.0,124.0,0.1239281159080489,2.0,48.0,0.3614483173485886,0.0,0.0,1.0,1.0,7.0,0.4886605001316962,0.0,0.0,1.0,0.0,0.0,1.0,0.0,0.0,1.0,1.0,7.0,0.4815455346322024,0.0,0.0,1.0,0.0,4.0,0.9359481503648216,0.0,0.0,0.9964950967237066,0.0,0.0,0.924153577678584,0.0,0.0,1.0,0.0,4.0,0.878240756197871,0.0,0.0,0.9637121587646178,0.0,0.0,1.0,2.0,15.0,0.1601629464436519,0.0,3.0,0.9397251827933446
2480.0,25,129.0,0.6861702127659575,9.483264611543794,188.0,2289.0,12.175531914893616,0.0,0.0,23,294.0,68.0,4.905667811748329,4.983050847457627,4.983050847457627,59.0,3.0,28.0,0.2416465599651993,1.0,0.0,0.4497763119835279,0.0,7.0,0.316429713455431,5.0,113.0,0.2080908199427723,3.0,75.0,0.4005570692580529,0.0,0.0,0.6553376192650319,0.0,10.0,0.8052468531325222,1.0,9.0,9.912399511997218e-06,0.0,0.0,1.0,0.0,0.0,1.0,0.0,4.0,0.937762089462732,0.0,0.0,1.0,1.0,6.0,0.3446139952411864,0.0,0.0,1.0,0.0,0.0,1.0,0.0,0.0,1.0,2.0,9.0,0.3099519349428383,3.0,9.0,0.2412846391380982,1.0,3.0,0.0001270420799472,2.0,17.0,0.0,1.0,4.0,0.0005126547365836
2488.0,23,169.0,0.9388888888888888,9.223752727170096,180.0,2158.0,11.988888888888887,0.0,0.0,22,333.0,39.0,3.845202153662191,6.529411764705882,6.529411764705882,51.0,3.0,40.0,0.3684717935484535,1.0,7.0,0.3738453351356102,1.0,5.0,0.0,6.0,128.0,0.0856440073663623,5.0,110.0,0.2336247845534714,1.0,5.0,0.0,1.0,10.0,0.1230295996334038,0.0,3.0,0.8818805567680847,0.0,0.0,0.9564220700916722,0.0,0.0,1.0,2.0,10.0,0.0004291663176522,1.0,2.0,0.0001550178950086,1.0,1.0,0.0028412239299944,0.0,0.0,1.0,0.0,0.0,1.0,0.0,1.0,0.1548389111808524,0.0,4.0,0.8614297416558313,0.0,7.0,0.4169108615019341,0.0,0.0,0.9318301953528104,0.0,0.0,1.0,0.0,0.0,1.0
2496.0,21,167.0,0.912568306010929,9.038334798707927,183.0,2252.0,12.306010928961747,94.0,0.5136612021857924,19,382.0,49.0,5.034514626215968,5.96875,5.96875,64.0,1.0,19.0,0.2960263795101482,2.0,8.0,0.2874498229627336,2.0,18.0,0.000651876921012,4.0,105.0,0.1777546506149634,5.0,142.0,0.2553883272034695,1.0,13.0,0.4701400350680981,0.0,5.0,0.2829639853535116,1.0,7.0,0.0076917108928,0.0,3.0,0.9492488621842468,0.0,0.0,1.0,0.0,9.0,0.81095160753851,0.0,7.0,0.8850264296198314,0.0,3.0,0.976560042698105,0.0,0.0,1.0,0.0,7.0,0.6098288693323316,0.0,0.0,1.0,0.0,3.0,0.377963217151265,3.0,32.0,0.008763346837801,0.0,0.0,1.0,0.0,0.0,0.966683230817422,0.0,1.0,0.9762110624940902
2504.0,25,136.0,0.723404255319149,9.87596835212997,188.0,2345.0,12.47340425531915,93.0,0.4946808510638298,25,336.0,0.0,5.784868016925734,5.694915254237288,5.694915254237288,59.0,3.0,30.0,0.3129071308483072,4.0,32.0,0.3754793190033123,1.0,6.0,0.4706660329500136,5.0,114.0,0.1748659645093795,5.0,90.0,0.2572076401396956,2.0,5.0,0.3241326312551334,1.0,12.0,0.4867779717716519,0.0,6.0,0.3178855040380853,0.0,0.0,0.9199687599042148,0.0,0.0,1.0,1.0,8.0,0.4958257269151109,0.0,0.0,1.0,1.0,4.0,0.0063326623908102,0.0,0.0,1.0,0.0,0.0,0.9735683415152722,0.0,0.0,0.5365142824950196,1.0,8.0,0.3761447712923587,1.0,9.0,0.0,0.0,5.0,0.9825476749447554,0.0,0.0,0.7939838285677567,0.0,7.0,0.919805581155031
2512.0,15,87.0,0.4578947368421052,10.27704339783451,190.0,2365.0,12.447368421052632,20.0,0.1052631578947368,14,203.0,0.0,4.873826093615858,4.833333333333333,4.833333333333333,42.0,0.0,3.0,0.5168922551228459,5.0,13.0,0.2267094451577243,2.0,22.0,0.2612020283452888,2.0,60.0,0.1940848168018848,2.0,79.0,0.4246462373820035,1.0,7.0,0.4958423763414902,0.0,0.0,0.9697685101635598,0.0,5.0,0.8356600631795297,0.0,0.0,1.0,0.0,0.0,1.0,1.0,8.0,0.0,0.0,3.0,0.8581134916049464,0.0,0.0,1.0,0.0,0.0,1.0,1.0,0.0,0.0,0.0,0.0,1.0,0.0,3.0,0.168262037876675,0.0,0.0,1.0,0.0,0.0,1.0,0.0,0.0,0.0479781400713512,0.0,0.0,1.0
2520.0,24,87.0,0.4484536082474227,9.932065315199049,194.0,2421.0,12.47938144329897,56.0,0.2886597938144329,21,206.0,3.0,4.450091006706717,4.03921568627451,4.03921568627451,51.0,3.0,16.0,0.1911878175505586,5.0,29.0,0.1091144146264187,3.0,16.0,0.0007304535100719,3.0,52.0,0.1266914525465159,4.0,56.0,0.2836344917495253,0.0,0.0,1.0,1.0,15.0,0.7804403384204135,0.0,0.0,1.0,0.0,0.0,1.0,0.0,0.0,1.0,0.0,0.0,1.0,0.0,0.0,0.8844717574357845,0.0,0.0,1.0,0.0,0.0,1.0,0.0,0.0,0.3845068010696658,0.0,3.0,0.9505921670125544,1.0,9.0,0.0053036745571002,0.0,0.0,0.722062733229176,0.0,3.0,0.3281424162743135,1.0,7.0,0.0,0.0,0.0,0.981302021713616
2528.0,13,66.0,0.3455497382198952,10.6448135940912,191.0,2284.0,11.958115183246074,0.0,0.0,9,164.0,0.0,8.046091569358367,3.644444444444445,3.644444444444445,45.0,1.0,20.0,0.2791255719131706,1.0,32.0,0.3413533929162034,0.0,0.0,1.0,2.0,33.0,0.3476713500675505,3.0,52.0,0.2446927552485412,1.0,6.0,3.7318376042070825e-05,0.0,0.0,0.9298159866350828,0.0,7.0,0.955737589528184,0.0,0.0,1.0,0.0,0.0,1.0,0.0,0.0,1.0,0.0,7.0,0.7460698492844735,0.0,0.0,0.7034951164722765,0.0,0.0,0.924041577675904,0.0,1.0,0.6278755157033656,0.0,0.0,1.0,0.0,3.0,0.8290808426303764,1.0,3.0,0.4697397946240547,0.0,0.0,0.8530400853260933,0.0,0.0,1.0,0.0,0.0,0.8066496724085132
2536.0,16,81.0,0.4354838709677419,10.792892881787187,186.0,2134.0,11.473118279569892,0.0,0.0,15,164.0,0.0,6.794472425929468,3.4166666666666665,3.4166666666666665,48.0,0.0,5.0,0.6212957837794937,3.0,19.0,0.231616794998269,0.0,0.0,1.0,3.0,48.0,0.5120806833991624,1.0,38.0,0.4537395425039159,0.0,0.0,0.9646274428671904,0.0,0.0,0.637117901071027,0.0,0.0,1.0,0.0,0.0,1.0,0.0,0.0,1.0,0.0,0.0,1.0,2.0,10.0,5.757364594269393e-05,2.0,5.0,0.3314076718968902,0.0,0.0,1.0,2.0,8.0,0.3865528623891374,0.0,3.0,0.9756720988893172,1.0,5.0,0.6408400993813096,1.0,23.0,0.049350040613837,0.0,0.0,0.9749053999689246,0.0,0.0,1.0,0.0,0.0,1.0
2552.0,19,122.0,0.6455026455026455,10.137214072213885,189.0,2151.0,11.38095238095238,0.0,0.0,16,246.0,21.0,5.379762009646224,5.466666666666667,5.466666666666667,45.0,0.0,3.0,0.944530719735822,2.0,61.0,0.2113195690275337,1.0,6.0,0.0002580862529782,5.0,46.0,0.2567216319218204,1.0,6.0,0.6523864039318433,0.0,0.0,1.0,0.0,0.0,0.2228188493091898,1.0,10.0,0.539681782040322,0.0,0.0,1.0,0.0,0.0,1.0,0.0,3.0,0.8213653477732039,2.0,42.0,0.2895771380859744,0.0,0.0,1.0,0.0,0.0,1.0,2.0,12.0,0.2815414652940466,0.0,15.0,0.1614625278787409,1.0,9.0,0.0414573880687584,1.0,30.0,0.5216927231895263,0.0,3.0,0.53251260221951,0.0,0.0,1.0,0.0,0.0,1.0
2568.0,16,80.0,0.4444444444444444,10.290804924005224,180.0,2035.0,11.305555555555555,0.0,0.0,15,147.0,0.0,6.590755629869535,3.127659574468085,3.127659574468085,47.0,2.0,21.0,0.1232718191103571,0.0,0.0,0.7863827993712129,1.0,11.0,0.4373505213530899,1.0,10.0,0.5636577452450848,4.0,39.0,2.5733237316911947e-05,0.0,0.0,1.0,0.0,0.0,1.0,0.0,3.0,0.9674592537977872,0.0,0.0,1.0,0.0,0.0,1.0,1.0,9.0,0.2939066815267353,0.0,7.0,0.6569178155294801,0.0,0.0,0.500803801575601,0.0,0.0,1.0,1.0,9.0,0.7141124002365596,0.0,0.0,1.0,2.0,14.0,0.2682114355473872,0.0,0.0,0.3001938756030475,3.0,24.0,0.0024317035879529,0.0,0.0,0.3426345726119421,0.0,0.0,1.0
2592.0,15,91.0,0.5112359550561798,10.223733699143596,178.0,1964.0,11.03370786516854,0.0,0.0,14,182.0,27.0,5.027186088596335,4.789473684210527,4.789473684210527,38.0,2.0,38.0,0.1676537394926431,0.0,0.0,1.0,0.0,1.0,0.1537898461756612,0.0,7.0,0.7130963556463673,2.0,31.0,0.2286463783480855,1.0,5.0,0.4865035787079392,3.0,38.0,0.0,0.0,0.0,0.9661308959679124,0.0,0.0,1.0,0.0,0.0,1.0,0.0,0.0,1.0,2.0,15.0,0.2834109276573971,1.0,6.0,0.4624193801881399,0.0,0.0,1.0,0.0,0.0,0.4181705955747437,0.0,0.0,1.0,1.0,9.0,0.0200506288326936,0.0,0.0,1.0,0.0,21.0,0.335389830057103,2.0,11.0,5.06074670171945e-06,0.0,0.0,0.0119263470130648
2600.0,16,122.0,0.6740331491712708,9.797189705519182,181.0,1891.0,10.447513812154696,0.0,0.0,15,198.0,16.0,5.714577510159084,4.4,4.4,45.0,4.0,51.0,0.1682181267864665,0.0,0.0,1.0,0.0,0.0,1.0,4.0,23.0,0.2370228853327109,0.0,8.0,0.3316430125322361,2.0,5.0,0.1113382334862429,3.0,68.0,0.5374534456821213,0.0,18.0,0.6757044640324678,0.0,5.0,0.3313501814716678,0.0,0.0,1.0,0.0,0.0,1.0,0.0,5.0,0.158833848327588,1.0,11.0,0.0,0.0,0.0,0.4992973536696098,0.0,0.0,0.5186130357900487,1.0,1.0,0.0021671194959197,0.0,3.0,0.9330528386442236,0.0,0.0,1.0,0.0,0.0,0.8740070311025837,0.0,0.0,1.0,0.0,0.0,1.0
2608.0,19,85.0,0.4644808743169399,9.581784250407534,183.0,1832.0,10.010928961748634,0.0,0.0,18,161.0,0.0,6.297705512809152,3.3541666666666665,3.3541666666666665,48.0,0.0,12.0,0.646771660127684,0.0,0.0,0.3248273878742325,1.0,1.0,0.0910928066025605,7.0,70.0,0.1305001646068563,2.0,12.0,0.3086538239164911,0.0,1.0,0.6295680996519633,2.0,42.0,0.1627954765868262,2.0,6.0,0.0471491207597856,0.0,0.0,1.0,0.0,0.0,1.0,0.0,0.0,1.0,0.0,0.0,1.0,0.0,0.0,1.0,1.0,2.0,0.3931254632320604,1.0,0.0,0.6727913736203393,0.0,0.0,1.0,1.0,3.0,0.0003995389961342,0.0,3.0,0.7683660825944735,0.0,3.0,0.9620402094026486,1.0,3.0,6.906835550650986e-05,0.0,3.0,0.8642632143819007
2616.0,19,93.0,0.4869109947643979,9.432821500178068,191.0,1913.0,10.015706806282722,81.0,0.4240837696335078,17,195.0,34.0,5.430157327972779,3.979591836734694,3.979591836734694,49.0,4.0,32.0,0.1502154243310521,0.0,0.0,0.1091073285146905,1.0,8.0,0.3843878432783151,3.0,75.0,0.2279625531675378,1.0,5.0,0.4673050893240684,0.0,0.0,1.0,2.0,27.0,0.0,0.0,6.0,0.5493458220506106,0.0,0.0,1.0,0.0,0.0,1.0,0.0,0.0,1.0,0.0,0.0,1.0,1.0,0.0,0.4253791733555297,2.0,19.0,0.4667041755916573,1.0,8.0,0.6218635470969529,0.0,0.0,1.0,0.0,3.0,0.9551710232535382,0.0,0.0,1.0,1.0,7.0,0.4482151004083178,0.0,0.0,1.0,1.0,5.0,0.3609265544171179
2624.0,16,96.0,0.4948453608247423,10.10556637226253,194.0,1863.0,9.603092783505154,0.0,0.0,15,169.0,0.0,6.890597479765369,3.595744680851064,3.595744680851064,47.0,3.0,42.0,0.3259085585503938,0.0,0.0,0.4857002290769838,2.0,20.0,5.017705732885202e-05,1.0,31.0,0.6336114412352271,1.0,7.0,0.5032642512372776,0.0,4.0,0.9586555997061552,0.0,0.0,0.9609982494966712,0.0,0.0,1.0,0.0,0.0,1.0,0.0,0.0,1.0,0.0,5.0,0.8566124616434503,0.0,4.0,0.9551907850526596,0.0,0.0,0.8608103520062149,3.0,40.0,0.1860310800135232,3.0,6.0,0.2989174577730422,0.0,0.0,1.0,0.0,4.0,0.9860266872690356,0.0,0.0,0.7939758244768979,1.0,2.0,0.000458015901897,0.0,0.0,1.0,1.0,4.0,0.0009663856741795
2672.0,20,106.0,0.53,9.871217813092684,200.0,1592.0,7.96,90.0,0.45,18,149.0,0.0,6.439303356505246,2.6140350877192984,2.6140350877192984,57.0,0.0,12.0,0.6003250264700682,1.0,3.0,0.0187045814908244,0.0,0.0,1.0,2.0,44.0,0.3832442141890312,0.0,3.0,0.497528624282374,0.0,0.0,0.2391870532697125,2.0,15.0,0.4296694090438142,1.0,7.0,0.0,0.0,0.0,0.0089121339275385,0.0,0.0,0.9013797645174436,1.0,9.0,0.546699198941395,0.0,2.0,0.9006451782505712,2.0,6.0,0.2233256416125642,0.0,0.0,0.8256605219824675,0.0,9.0,0.4381105313385776,0.0,0.0,1.0,8.0,37.0,0.1706527754940708,1.0,2.0,0.0026937260390967,0.0,0.0,1.0,0.0,0.0,1.0,0.0,0.0,0.9660316844462296
2680.0,25,146.0,0.73,9.411018422320256,200.0,1536.0,7.68,0.0,0.0,23,173.0,24.0,4.644623458805095,3.6808510638297873,3.6808510638297873,47.0,0.0,7.0,0.5555384646299975,0.0,3.0,0.6293366458589135,0.0,0.0,1.0,3.0,14.0,0.0119039803573236,2.0,10.0,0.0006804925433036,0.0,0.0,0.9595640395045074,3.0,31.0,8.025205535287273e-06,0.0,3.0,0.6263108570819654,0.0,0.0,1.0,0.0,0.0,0.99541332731317,4.0,32.0,0.3292810999952086,0.0,0.0,0.229373265143893,0.0,4.0,0.9563216231535486,3.0,11.0,0.2353097177311036,2.0,19.0,0.0,0.0,0.0,1.0,4.0,36.0,0.0523858529544259,0.0,0.0,1.0,1.0,1.0,0.5316736934982131,1.0,2.0,0.0004143942532641,0.0,0.0,1.0
2704.0,13,47.0,0.2338308457711442,9.882380862556644,201.0,1607.0,7.99502487562189,14.0,0.0696517412935323,12,150.0,0.0,5.758252924021456,3.75,3.75,40.0,1.0,13.0,0.5489420326814882,0.0,0.0,1.0,0.0,3.0,0.6428117390252804,1.0,3.0,0.2283594154935892,1.0,19.0,0.363686634245871,2.0,11.0,0.1714138000642012,1.0,1.0,0.1600067797041312,2.0,6.0,0.1725785135181022,1.0,4.0,0.0070669007184971,0.0,0.0,1.0,2.0,55.0,0.1768335004383116,0.0,0.0,1.0,0.0,0.0,0.7868566920960465,0.0,0.0,0.8978068292401128,1.0,9.0,0.3501460604492648,0.0,0.0,1.0,0.0,26.0,0.4148690276714328,0.0,0.0,1.0,0.0,0.0,0.2703443773726765,0.0,0.0,1.0,0.0,0.0,1.0
2712.0,17,92.0,0.4646464646464646,10.711504245808923,198.0,1575.0,7.954545454545454,0.0,0.0,17,195.0,45.0,6.8768840637192765,4.239130434782608,4.239130434782608,46.0,3.0,10.0,0.0008847040329375,0.0,0.0,0.9571554278922908,1.0,4.0,8.72970330650972e-05,1.0,13.0,0.714507686460334,3.0,39.0,0.0002740391270528,1.0,1.0,0.5686206067151806,3.0,16.0,0.0003575420911476,0.0,3.0,0.3515534157455898,0.0,0.0,0.9621086594772504,0.0,0.0,0.8935581971639976,2.0,82.0,0.4765124178849841,0.0,4.0,0.955259848712208,1.0,1.0,0.4957484614764948,0.0,0.0,0.8542233620558232,1.0,14.0,0.0286985656071345,0.0,3.0,0.9355478288919138,1.0,5.0,0.0,0.0,0.0,0.9297963688092054,0.0,0.0,1.0,0.0,0.0,1.0,0.0,0.0,1.0
2720.0,11,60.0,0.303030303030303,10.48739530292851,198.0,1627.0,8.217171717171718,52.0,0.2626262626262626,9,102.0,0.0,6.730298291790746,2.55,2.55,40.0,1.0,18.0,0.450606015900131,0.0,3.0,0.7107674087927051,0.0,0.0,1.0,1.0,6.0,0.4632661712629992,0.0,12.0,0.2523698354264078,2.0,14.0,0.0,1.0,17.0,0.4178709187305894,0.0,0.0,1.0,0.0,0.0,1.0,0.0,0.0,1.0,2.0,12.0,0.2890858505240549,0.0,3.0,0.867069161131771,0.0,2.0,0.7332207271921395,0.0,0.0,0.604179560612775,1.0,10.0,0.2045833863188346,0.0,4.0,0.582436571096756,0.0,0.0,0.9452372978402156,1.0,1.0,0.3786267704190195,0.0,0.0,1.0,0.0,0.0,1.0,0.0,0.0,0.4907163867579356
2728.0,17,97.0,0.4874371859296482,9.793448383935438,199.0,1650.0,8.291457286432161,23.0,0.1155778894472361,17,163.0,61.0,5.273584702188582,3.704545454545455,3.704545454545455,44.0,3.0,35.0,0.0011679828021128,0.0,0.0,1.0,2.0,5.0,0.0001144690445142,1.0,9.0,0.4598628923993497,1.0,19.0,0.4219230799242095,0.0,0.0,0.9337761056919538,2.0,21.0,0.3175347465662837,0.0,0.0,1.0,0.0,7.0,0.2813255773630282,0.0,5.0,0.9107114689684366,0.0,10.0,0.727783039497991,1.0,7.0,0.1516762336835872,2.0,13.0,0.2306461550560881,2.0,6.0,0.1563551330407016,1.0,14.0,0.6494254563752831,0.0,0.0,1.0,0.0,0.0,1.0,1.0,6.0,0.3268210331571369,0.0,1.0,0.9530982141168574,0.0,0.0,1.0,1.0,5.0,0.0001044392519698
2744.0,17,98.0,0.49,9.430812136459034,200.0,1653.0,8.265,11.0,0.055,16,196.0,18.0,5.017592075321517,3.843137254901961,3.843137254901961,51.0,1.0,49.0,0.711928720785703,2.0,14.0,5.942845513325922e-06,1.0,4.0,0.0,3.0,16.0,0.0062247465126789,0.0,8.0,0.8024096566453979,0.0,2.0,0.0314261093854581,0.0,5.0,0.3383014696469457,1.0,13.0,0.4730519067010492,0.0,0.0,1.0,0.0,0.0,1.0,0.0,10.0,0.7459996867481834,1.0,0.0,0.0,3.0,19.0,0.274195023250708,0.0,19.0,0.2637815050539525,0.0,2.0,0.2760289545278201,0.0,0.0,1.0,0.0,0.0,0.4478642674272398,4.0,33.0,0.0203955619835208,0.0,2.0,0.4722381245469202,0.0,0.0,1.0,0.0,0.0,1.0
2752.0,15,96.0,0.48,10.14396813302317,200.0,1722.0,8.61,69.0,0.345,14,185.0,0.0,6.5098212334106265,3.8541666666666665,3.8541666666666665,48.0,4.0,31.0,0.1604787173418179,2.0,37.0,0.2432954354367689,0.0,0.0,1.0,0.0,4.0,0.2596568260765903,1.0,19.0,0.7994842857988594,0.0,0.0,0.814973673764215,0.0,0.0,0.9221337362334264,0.0,3.0,0.5822393226850129,0.0,0.0,1.0,0.0,0.0,1.0,2.0,16.0,0.5339896795926659,0.0,0.0,0.427196708599306,0.0,10.0,0.8728269000177031,0.0,0.0,1.0,0.0,3.0,0.3758542522843019,0.0,0.0,1.0,0.0,0.0,1.0,1.0,39.0,0.2423530986,3.0,19.0,0.0,0.0,0.0,1.0,1.0,4.0,0.0054912584588454
2760.0,16,98.0,0.4851485148514851,9.81262220386201,202.0,1753.0,8.678217821782178,31.0,0.1534653465346534,14,201.0,16.0,6.929991651890052,3.654545454545455,3.654545454545455,55.0,1.0,29.0,0.2986527986890699,5.0,69.0,7.266543966394176e-06,2.0,7.0,0.0006907927094443,1.0,7.0,0.4740376944992299,1.0,18.0,0.5705316651995966,0.0,0.0,1.0,0.0,8.0,0.8672899121002651,0.0,3.0,0.3728555184690382,0.0,0.0,1.0,0.0,0.0,1.0,0.0,10.0,0.6499729091305372,1.0,6.0,0.4327251031846653,0.0,1.0,0.6844667348368567,0.0,8.0,0.9106586270479148,0.0,0.0,1.0,0.0,0.0,1.0,0.0,3.0,0.4117290821524526,3.0,29.0,0.0004217224315732,0.0,3.0,0.8717495928278343,0.0,0.0,1.0,0.0,0.0,0.7845661143885689
2768.0,18,175.0,0.8883248730964467,9.784030023559042,197.0,1675.0,8.50253807106599,0.0,0.0,16,235.0,34.0,6.461940310539956,4.895833333333333,4.895833333333333,48.0,1.0,27.0,0.5845103186578141,5.0,115.0,0.1712440069018571,0.0,0.0,1.0,2.0,20.0,0.0,2.0,14.0,0.542561183400964,0.0,0.0,0.7699948299446258,1.0,6.0,0.5296703327945798,0.0,0.0,1.0,0.0,0.0,1.0,0.0,0.0,1.0,3.0,25.0,0.3927639544037852,0.0,0.0,0.5102112549728516,0.0,1.0,0.949875885945506,0.0,0.0,0.9760237150081796,0.0,0.0,1.0,0.0,1.0,0.5350549522516489,0.0,3.0,0.9623294216355236,0.0,12.0,0.2056506618294963,1.0,4.0,1.2273892550202192e-05,0.0,0.0,1.0,1.0,7.0,0.0
2776.0,19,70.0,0.3448275862068966,9.526303322842908,203.0,1759.0,8.665024630541872,84.0,0.4137931034482758,15,138.0,0.0,5.486011854542452,2.555555555555556,2.555555555555556,54.0,2.0,16.0,0.3910577073237808,1.0,32.0,0.2422466970209777,0.0,0.0,1.0,0.0,0.0,1.0,4.0,17.0,0.1432475823817262,2.0,6.0,0.1816089475821697,0.0,10.0,0.858455149451994,0.0,0.0,1.0,0.0,0.0,0.9338127882582398,0.0,0.0,1.0,0.0,15.0,0.3700728440578192,2.0,11.0,2.5850759982791645e-05,0.0,4.0,0.6337847824148843,0.0,0.0,0.9741205096895704,1.0,0.0,0.1594121782713876,0.0,0.0,1.0,1.0,5.0,0.5122552863264023,2.0,20.0,0.05148148896397,0.0,2.0,0.020618870739867,0.0,0.0,1.0,0.0,0.0,0.8950319859276635
2792.0,14,57.0,0.2821782178217821,9.838954065372146,202.0,1819.0,9.004950495049505,36.0,0.1782178217821782,13,107.0,0.0,5.876642065062419,2.3260869565217392,2.3260869565217392,46.0,2.0,16.0,0.07894330775127,0.0,0.0,1.0,2.0,9.0,0.1655588000461962,0.0,2.0,0.495865163630889,2.0,29.0,0.3033945867815541,1.0,2.0,0.2522352711456505,0.0,2.0,0.4424768808624965,0.0,3.0,0.9173063229207185,0.0,2.0,0.9109481485974754,0.0,0.0,1.0,0.0,6.0,0.3315869905196849,0.0,0.0,1.0,1.0,11.0,0.3316121528034723,0.0,0.0,1.0,1.0,5.0,0.6327345376802249,1.0,4.0,0.0005243051455704,1.0,5.0,0.0,1.0,10.0,0.5487027942955227,0.0,0.0,1.0,0.0,0.0,1.0,1.0,1.0,0.6445277502976232
2800.0,10,42.0,0.2068965517241379,10.26683659068252,203.0,1779.0,8.763546798029557,0.0,0.0,7,99.0,0.0,7.587534190373681,2.0625,2.0625,48.0,0.0,12.0,0.5037420476125861,0.0,4.0,0.7130319005870692,1.0,17.0,0.0306835568623121,0.0,0.0,0.9894758709313092,0.0,0.0,0.5876038392677793,0.0,0.0,1.0,0.0,0.0,0.9550882580005132,0.0,0.0,0.9309002433858092,0.0,0.0,1.0,0.0,5.0,0.3958458659084855,1.0,1.0,0.0840337879999787,0.0,4.0,0.993078147753596,1.0,18.0,0.7003352288463199,0.0,6.0,0.7877498584498347,3.0,6.0,0.3619527888919923,0.0,3.0,0.7897446155202528,0.0,0.0,1.0,1.0,23.0,0.3463956097634221,0.0,0.0,1.0,0.0,0.0,1.0,0.0,0.0,0.908072955445992
2808.0,15,64.0,0.3121951219512195,10.096937401266684,205.0,1792.0,8.741463414634147,13.0,0.0634146341463414,14,129.0,30.0,5.514512089303556,2.63265306122449,2.63265306122449,49.0,1.0,18.0,0.4786107026184672,3.0,15.0,0.0006713158351206,1.0,22.0,0.0,0.0,0.0,0.4832288341073386,1.0,9.0,0.5968605629535162,0.0,0.0,1.0,0.0,0.0,0.8190635419074189,0.0,0.0,0.9521525649342596,0.0,0.0,1.0,0.0,0.0,1.0,0.0,6.0,0.4521772055337038,0.0,0.0,1.0,1.0,15.0,0.5374600020274192,1.0,8.0,0.5018077808958232,2.0,19.0,0.2423036558300044,1.0,6.0,0.0004699626792854,1.0,1.0,0.2855707967826603,0.0,1.0,0.3512571439924248,0.0,0.0,1.0,2.0,9.0,0.0013033333978437,0.0,0.0,1.0
2816.0,19,133.0,0.6394230769230769,9.7750362883898,208.0,1865.0,8.966346153846153,73.0,0.3509615384615384,17,173.0,44.0,6.147115315841647,3.46,3.46,50.0,0.0,0.0,0.9346643258969828,3.0,39.0,0.0,1.0,3.0,0.0036390614712665,1.0,10.0,0.2961054440561965,1.0,5.0,0.4948893421258959,0.0,0.0,1.0,0.0,0.0,0.9148706347297793,0.0,9.0,0.7210943832210587,0.0,0.0,1.0,0.0,0.0,1.0,1.0,6.0,0.1700854250649943,0.0,4.0,0.9502753566153632,0.0,5.0,0.6803276214812303,0.0,4.0,0.5645140324210415,4.0,41.0,0.3833778177263063,1.0,14.0,0.0,4.0,23.0,0.1825479800058644,0.0,0.0,0.7338741465683841,0.0,0.0,1.0,0.0,0.0,1.0,1.0,10.0,0.3766757473458965
2824.0,16,109.0,0.5561224489795918,9.568285348342156,196.0,1812.0,9.244897959183673,0.0,0.0,15,172.0,0.0,5.288610795857297,3.739130434782609,3.739130434782609,46.0,3.0,15.0,0.0092434116548255,0.0,0.0,1.0,0.0,0.0,1.0,2.0,12.0,0.0002896161312342,1.0,13.0,0.6565562546620646,0.0,0.0,0.0142447599344365,0.0,1.0,0.9466935948277972,1.0,14.0,0.5063610929979271,0.0,0.0,1.0,0.0,0.0,1.0,1.0,7.0,0.2652703585322915,1.0,1.0,0.0039670429898734,0.0,12.0,0.668895380724004,0.0,0.0,1.0,0.0,34.0,0.2976861361063554,0.0,3.0,0.9494457083900156,5.0,55.0,0.1751473141384089,1.0,5.0,0.311260669507975,0.0,0.0,1.0,0.0,0.0,1.0,0.0,0.0,0.9284894597543594
2832.0,16,142.0,0.7473684210526316,10.315944023976586,190.0,1804.0,9.494736842105263,0.0,0.0,14,146.0,0.0,6.916914733192877,3.842105263157895,3.842105263157895,38.0,4.0,41.0,3.2485018074179347e-06,0.0,0.0,1.0,0.0,0.0,1.0,0.0,0.0,1.0,1.0,10.0,0.6984837550141592,0.0,0.0,0.950380049786618,0.0,0.0,1.0,0.0,3.0,0.996929179809246,0.0,0.0,0.9499607050091856,0.0,0.0,1.0,1.0,11.0,0.4893574210709732,0.0,3.0,0.3977549764000351,0.0,0.0,0.6004381543037409,0.0,0.0,0.9529552646127444,1.0,3.0,0.0002941035789425,0.0,0.0,0.7867278034198288,6.0,65.0,0.2042724281801353,1.0,10.0,0.1998294112897033,0.0,0.0,0.9618745611749512,0.0,0.0,1.0,0.0,0.0,1.0
2840.0,10,35.0,0.1822916666666666,10.390609264890037,192.0,1739.0,9.057291666666666,0.0,0.0,8,107.0,0.0,8.303421463340515,2.675,2.675,40.0,0.0,32.0,0.5656262707654782,0.0,0.0,0.8840392569684913,0.0,3.0,0.3704511530422584,0.0,0.0,1.0,0.0,6.0,0.9284726496863992,0.0,0.0,1.0,1.0,4.0,0.2704444363270453,0.0,0.0,1.0,0.0,0.0,0.953270547860951,0.0,0.0,1.0,0.0,6.0,0.8606045439549623,0.0,0.0,1.0,2.0,15.0,0.5258847286168116,0.0,0.0,0.922074142436931,1.0,1.0,6.861448539657611e-05,0.0,3.0,0.5766990357113569,2.0,20.0,0.3515534521990484,2.0,17.0,3.944254894974836e-06,0.0,0.0,1.0,0.0,0.0,1.0,0.0,0.0,1.0
2848.0,14,48.0,0.2622950819672131,9.44017628553809,183.0,1690.0,9.234972677595628,0.0,0.0,12,105.0,0.0,6.466351429312849,2.763157894736842,2.763157894736842,38.0,0.0,3.0,0.3988800806938348,1.0,2.0,0.000518899582672,2.0,18.0,6.932286394783395e-06,0.0,3.0,0.9258095321103998,1.0,11.0,0.6898547159587077,0.0,0.0,0.927023447825968,1.0,10.0,0.6076611993728503,0.0,0.0,1.0,1.0,5.0,0.0156106003618328,0.0,0.0,1.0,0.0,3.0,0.7815641772548677,0.0,6.0,0.7529817004676107,0.0,0.0,1.0,0.0,0.0,0.2235486281841838,0.0,0.0,1.0,1.0,3.0,0.0004465388208456,4.0,26.0,0.0592776841678962,0.0,14.0,0.6688858775880588,1.0,1.0,0.46374275855084,0.0,0.0,1.0,0.0,0.0,0.1555886927584776
2856.0,21,85.0,0.4619565217391304,9.35284932093542,184.0,1734.0,9.423913043478262,44.0,0.2391304347826087,17,117.0,12.0,3.81221558901172,3.65625,3.65625,32.0,2.0,13.0,5.06658628345078e-05,1.0,5.0,0.0,1.0,4.0,0.3975487662370884,2.0,11.0,0.0001853987150828,1.0,5.0,0.6444540877260888,1.0,1.0,0.000875450994355,2.0,21.0,0.0957802164855649,0.0,0.0,0.6117409819146955,0.0,0.0,1.0,0.0,1.0,0.9349774155829677,1.0,12.0,0.5049939585246858,1.0,5.0,0.0004735497514382,0.0,0.0,0.9772342343105004,0.0,0.0,1.0,0.0,1.0,0.0150170916103154,0.0,0.0,1.0,3.0,18.0,0.0020343927712003,1.0,9.0,0.0,0.0,3.0,0.9131141669324188,0.0,0.0,1.0,1.0,8.0,0.0
2864.0,10,36.0,0.2045454545454545,10.1096611031485,176.0,1618.0,9.193181818181818,0.0,0.0,1,53.0,0.0,9.553584251677094,2.523809523809524,2.523809523809524,21.0,0.0,1.0,0.6890052021219871,0.0,3.0,0.76892053888443,0.0,3.0,0.7576326006363843,0.0,5.0,0.7174863872811188,0.0,5.0,0.5717404698193395,0.0,3.0,0.7616846897733285,0.0,4.0,0.9504843463855828,0.0,0.0,1.0,0.0,0.0,1.0,0.0,3.0,0.9715156279874996,0.0,5.0,0.6827275862448311,0.0,0.0,1.0,0.0,0.0,1.0,0.0,0.0,1.0,0.0,0.0,1.0,0.0,0.0,1.0,0.0,12.0,0.2591341503227736,1.0,8.0,9.754212883021304e-05,0.0,0.0,1.0,0.0,1.0,0.9418992746672208,0.0,0.0,1.0
2872.0,10,51.0,0.2849162011173184,10.42656479980111,179.0,1566.0,8.748603351955307,0.0,0.0,7,91.0,38.0,6.460640387671927,3.7916666666666665,3.7916666666666665,24.0,0.0,0.0,0.7395377570151632,0.0,0.0,1.0,0.0,0.0,1.0,1.0,7.0,0.4945850424132255,1.0,7.0,0.1694039897924094,0.0,0.0,0.8510490835467697,1.0,5.0,0.0,1.0,4.0,0.0,0.0,0.0,1.0,0.0,0.0,1.0,1.0,35.0,0.3325847033746636,0.0,0.0,1.0,0.0,9.0,0.9584879588089492,0.0,0.0,0.8294329457408811,0.0,0.0,1.0,0.0,0.0,1.0,1.0,6.0,0.1544205101701478,1.0,18.0,0.199019161745054,0.0,0.0,1.0,0.0,0.0,1.0,0.0,0.0,1.0
2880.0,9,55.0,0.3142857142857143,10.51640843555276,175.0,1422.0,8.125714285714286,0.0,0.0,9,106.0,15.0,8.554283566799393,3.419354838709677,3.419354838709677,31.0,0.0,0.0,0.9833845004957816,0.0,0.0,1.0,0.0,3.0,0.8908267590433084,1.0,15.0,0.6584749893938818,2.0,26.0,0.311160671786675,1.0,1.0,0.4334603370388653,0.0,0.0,0.972970073373993,1.0,19.0,0.6917236373765123,0.0,0.0,1.0,0.0,0.0,1.0,0.0,0.0,1.0,0.0,0.0,1.0,0.0,2.0,0.9273130582312916,0.0,0.0,0.9258132339767142,1.0,3.0,0.3633084331448128,0.0,0.0,1.0,3.0,32.0,0.0001923617328245,0.0,5.0,0.6374802949192659,0.0,0.0,1.0,0.0,0.0,0.0368287395600765,0.0,0.0,1.0
2888.0,6,70.0,0.4,11.034922688866423,175.0,1449.0,8.28,27.0,0.1542857142857142,6,120.0,14.0,7.655074179578664,4.0,4.0,30.0,0.0,0.0,1.0,0.0,0.0,0.6628230686242924,0.0,0.0,1.0,2.0,25.0,0.5700922906070756,1.0,19.0,0.6066425283326246,0.0,1.0,0.0644059761688942,0.0,0.0,0.922917154858832,1.0,20.0,0.0,0.0,0.0,1.0,0.0,0.0,1.0,0.0,0.0,1.0,0.0,0.0,1.0,0.0,0.0,0.9390129065892456,0.0,0.0,0.777948919377089,1.0,8.0,0.5745263687610065,0.0,0.0,1.0,0.0,38.0,0.4464534043114595,0.0,2.0,0.9863042256188532,0.0,0.0,1.0,1.0,7.0,0.0,0.0,0.0,1.0
2896.0,13,110.0,0.6547619047619048,10.283828553707062,168.0,1370.0,8.154761904761905,0.0,0.0,12,186.0,66.0,7.2456766195094575,4.65,4.65,40.0,0.0,7.0,0.4816647708611788,0.0,0.0,1.0,1.0,1.0,0.0051827306763389,3.0,50.0,0.4199203316057438,1.0,11.0,0.7171520204567372,0.0,0.0,0.7378553545265244,2.0,6.0,0.3815310797160157,1.0,28.0,0.4924568205954722,0.0,0.0,1.0,0.0,0.0,1.0,0.0,33.0,0.8475646466362154,0.0,3.0,0.0286461246013926,0.0,0.0,0.9848082574911016,0.0,0.0,0.7731446853964913,1.0,16.0,0.7113321996938055,0.0,0.0,1.0,3.0,16.0,0.000861621782039,0.0,0.0,0.8717061551260795,0.0,0.0,1.0,0.0,15.0,0.010187032202051,0.0,0.0,1.0
2904.0,14,122.0,0.7093023255813954,10.43833271403122,172.0,1435.0,8.343023255813954,65.0,0.377906976744186,13,207.0,21.0,7.94737742560136,4.404255319148936,4.404255319148936,47.0,3.0,15.0,0.0002408179668043,0.0,3.0,0.7319419169343353,0.0,0.0,1.0,5.0,46.0,0.2858048152320751,1.0,30.0,0.8196634338363975,0.0,0.0,1.0,0.0,8.0,0.7446594057071172,1.0,36.0,0.4150256271243485,0.0,0.0,0.5361586409087873,0.0,0.0,1.0,3.0,67.0,0.4414688118093169,0.0,0.0,1.0,0.0,0.0,0.9110766144398572,0.0,0.0,1.0,0.0,0.0,0.6723743190678922,0.0,0.0,1.0,0.0,2.0,0.9443117923394412,0.0,0.0,0.5581342992316548,0.0,0.0,0.8889749605780142,0.0,0.0,1.0,0.0,0.0,0.979277972795016
2912.0,15,61.0,0.3505747126436782,9.861987756908862,174.0,1464.0,8.413793103448276,29.0,0.1666666666666666,12,139.0,0.0,6.938997351804863,3.088888888888889,3.088888888888889,45.0,0.0,2.0,0.9585544699542194,0.0,3.0,0.9355602230338124,1.0,4.0,1.156492358916555e-05,0.0,19.0,0.4409754393965359,4.0,46.0,0.4500748994524574,0.0,0.0,0.9245522742042876,4.0,21.0,0.0006444232648041,0.0,0.0,1.0,1.0,7.0,0.0,0.0,0.0,1.0,0.0,19.0,0.6038054290885898,0.0,0.0,0.975414925504759,0.0,6.0,0.6942646597579127,0.0,0.0,1.0,0.0,0.0,0.503717086550238,0.0,3.0,0.9561451401073264,1.0,6.0,0.0,0.0,0.0,0.6424990916207165,0.0,0.0,0.1267533599919652,0.0,0.0,1.0,1.0,3.0,0.0004566667446783
2920.0,10,80.0,0.4624277456647399,10.726015364199244,173.0,1484.0,8.578034682080926,20.0,0.1156069364161849,8,120.0,0.0,8.636029180228872,2.5,2.5,48.0,0.0,2.0,0.3988484226991728,0.0,0.0,1.0,0.0,0.0,1.0,0.0,0.0,0.9400308590627062,1.0,32.0,0.6476711066563221,0.0,0.0,0.4801447123271248,1.0,14.0,0.478694718941146,0.0,3.0,0.9360195953921868,0.0,0.0,1.0,0.0,0.0,1.0,1.0,6.0,0.4605774617412872,0.0,0.0,0.568749317242246,0.0,10.0,0.8728713342735727,0.0,0.0,1.0,0.0,0.0,0.7725987518022299,0.0,0.0,1.0,1.0,14.0,0.0,2.0,26.0,0.2805134697989008,1.0,8.0,0.4857648921368063,1.0,5.0,0.0,0.0,0.0,1.0
2928.0,22,128.0,0.7441860465116279,10.020586381419358,172.0,1498.0,8.709302325581396,14.0,0.0813953488372093,20,183.0,63.0,6.776535475823583,3.519230769230769,3.519230769230769,52.0,2.0,18.0,0.1514117353364963,0.0,0.0,0.5284023511596583,0.0,0.0,1.0,2.0,9.0,0.3166775973719734,2.0,44.0,0.7655608822790857,0.0,0.0,0.7142723181343298,0.0,0.0,0.6683237774640373,0.0,3.0,0.4260161567176159,2.0,2.0,0.0013144257987519,0.0,0.0,1.0,2.0,18.0,0.4582937561263122,2.0,6.0,0.1321196466166239,1.0,1.0,0.5148655611191648,0.0,0.0,0.5405398388405476,0.0,4.0,0.89329470528663,0.0,0.0,1.0,1.0,1.0,0.0057201833674955,5.0,58.0,0.1646321689173099,1.0,16.0,0.0,0.0,0.0,1.0,0.0,3.0,0.9186764902092978
2944.0,10,41.0,0.2277777777777777,10.961279569526196,180.0,1552.0,8.622222222222222,26.0,0.1444444444444444,9,131.0,0.0,7.56815111169912,4.366666666666666,4.366666666666666,30.0,0.0,7.0,0.6070979002210416,0.0,5.0,0.9449814240829992,0.0,4.0,0.9033129865841764,2.0,13.0,5.04814863506124e-05,0.0,14.0,0.5230398311850062,0.0,0.0,1.0,0.0,9.0,0.7828972037116653,0.0,0.0,1.0,0.0,0.0,0.9204272329883044,0.0,0.0,1.0,0.0,3.0,0.8845765082605599,0.0,0.0,1.0,0.0,0.0,0.9567516296553604,2.0,12.0,0.3203436502904268,0.0,0.0,0.9560707581632448,1.0,7.0,0.0,0.0,0.0,1.0,4.0,57.0,0.0,0.0,0.0,0.9864056998085784,0.0,0.0,1.0,0.0,0.0,1.0
2952.0,4,13.0,0.0726256983240223,11.102657949938658,179.0,1486.0,8.30167597765363,0.0,0.0,2,45.0,0.0,11.409354030974082,1.5517241379310345,1.5517241379310345,29.0,0.0,3.0,0.7684539967014222,0.0,0.0,0.9835046530218182,0.0,3.0,0.4781542183241811,1.0,14.0,0.0,0.0,10.0,0.952048272868464,0.0,0.0,0.985404680258498,0.0,0.0,1.0,0.0,0.0,1.0,0.0,0.0,0.8935992627619394,0.0,0.0,1.0,0.0,3.0,0.9331502639363785,1.0,6.0,0.4612419768380902,0.0,0.0,1.0,0.0,3.0,0.8887797098448852,0.0,0.0,0.3245873823171957,0.0,0.0,1.0,0.0,0.0,0.8827171680076569,0.0,0.0,0.6599146680274314,0.0,0.0,0.9023110546573592,0.0,0.0,1.0,0.0,3.0,0.9588560253828748
2960.0,7,40.0,0.2247191011235955,11.172411977164204,178.0,1374.0,7.719101123595506,0.0,0.0,7,117.0,72.0,8.812418435058927,3.65625,3.65625,32.0,1.0,4.0,0.4412772140926523,0.0,0.0,1.0,1.0,9.0,0.2203969172383762,1.0,22.0,0.0,0.0,15.0,0.9508225777448204,1.0,4.0,0.0001211495457547,0.0,3.0,0.8578578818041611,0.0,0.0,0.9423827090498716,0.0,0.0,1.0,0.0,0.0,1.0,1.0,40.0,0.5171661871447778,0.0,0.0,1.0,0.0,3.0,0.7357283480161794,1.0,7.0,8.518379319594044e-05,0.0,0.0,0.7825293528113222,0.0,3.0,0.9147736601797356,0.0,0.0,1.0,0.0,0.0,1.0,1.0,7.0,0.0,0.0,0.0,1.0,0.0,0.0,0.9519918064716896
2976.0,8,66.0,0.360655737704918,10.752074069920582,183.0,1256.0,6.863387978142076,0.0,0.0,8,111.0,0.0,8.33661230436151,2.921052631578948,2.921052631578948,38.0,2.0,22.0,0.3420660791555103,0.0,0.0,0.961486365299379,1.0,4.0,0.000177869040238,1.0,38.0,0.6413295435637894,2.0,19.0,0.3832674269793404,0.0,0.0,0.996486279456344,0.0,0.0,1.0,0.0,0.0,1.0,0.0,0.0,1.0,0.0,0.0,1.0,1.0,9.0,0.0,0.0,0.0,1.0,0.0,4.0,0.958065717483986,0.0,0.0,0.9352017967788652,0.0,0.0,0.7883197739654768,0.0,0.0,1.0,1.0,15.0,0.413739334557609,0.0,0.0,0.4890829695868735,0.0,0.0,0.9886112896789416,0.0,0.0,1.0,0.0,0.0,1.0
2984.0,12,68.0,0.384180790960452,10.325417605551635,177.0,1165.0,6.581920903954802,0.0,0.0,11,109.0,0.0,7.043374458588212,2.595238095238096,2.595238095238096,42.0,4.0,25.0,0.0795243660892895,0.0,0.0,1.0,0.0,0.0,0.6593982540788679,2.0,47.0,0.4826857686708901,0.0,0.0,0.7251928045614873,0.0,0.0,0.0193597716255734,0.0,3.0,0.981020643962364,0.0,2.0,0.7393580007061384,0.0,0.0,1.0,0.0,3.0,0.0072400984640422,0.0,3.0,0.9740029444924332,0.0,0.0,0.5494404288327875,1.0,0.0,0.0,0.0,0.0,0.7730059935980228,0.0,0.0,0.5411698338073003,0.0,0.0,1.0,1.0,11.0,0.4565073030806957,3.0,13.0,0.0023089844809118,0.0,0.0,1.0,0.0,0.0,0.910433733449212,0.0,2.0,0.6764894030512624
2992.0,15,67.0,0.3941176470588235,9.70730487084954,170.0,1047.0,6.158823529411765,0.0,0.0,13,90.0,0.0,5.665195187919307,2.3076923076923075,2.3076923076923075,39.0,3.0,27.0,0.2210136822222157,1.0,3.0,8.838481736854288e-05,0.0,0.0,1.0,2.0,14.0,0.653349569858152,0.0,0.0,0.2568390319828401,0.0,0.0,1.0,1.0,11.0,0.5603728605144245,1.0,1.0,0.0017896021740091,0.0,0.0,1.0,0.0,2.0,0.8655624579263059,0.0,0.0,1.0,1.0,5.0,0.0094860740254448,0.0,4.0,0.6592438481506222,0.0,0.0,1.0,1.0,6.0,0.1192032659784169,1.0,3.0,0.2724356931015301,0.0,0.0,1.0,1.0,13.0,0.4116151305053846,0.0,0.0,1.0,1.0,1.0,0.3485190928965772,0.0,0.0,0.5307240732898009
3000.0,11,75.0,0.4573170731707317,10.475837013109656,164.0,1097.0,6.689024390243903,50.0,0.3048780487804878,8,103.0,13.0,6.825575357118942,3.678571428571429,3.678571428571429,28.0,2.0,14.0,2.501840874221796e-05,0.0,0.0,1.0,1.0,4.0,0.3564809933643468,3.0,36.0,0.4602846598653236,0.0,3.0,0.9718032005177336,0.0,0.0,1.0,0.0,4.0,0.9556958110466984,1.0,11.0,0.4812509702467454,0.0,0.0,1.0,0.0,0.0,0.8939255940288187,0.0,2.0,0.7883574768844346,0.0,1.0,0.3942597336907046,0.0,4.0,0.4510519805364957,0.0,0.0,1.0,0.0,0.0,1.0,0.0,3.0,0.2684168559883472,0.0,0.0,0.6164216395786648,1.0,21.0,0.4579642560924565,0.0,0.0,1.0,0.0,0.0,1.0,0.0,0.0,1.0
3016.0,6,10.0,0.0641025641025641,11.371071452698738,156.0,1056.0,6.769230769230769,0.0,0.0,5,59.0,0.0,8.753512167476238,1.5945945945945943,1.5945945945945943,37.0,0.0,7.0,0.4973835363623635,1.0,0.0,0.0,0.0,0.0,1.0,0.0,21.0,0.554205112265056,0.0,0.0,0.966472127682745,0.0,0.0,1.0,1.0,5.0,0.0018700348450773,0.0,3.0,0.950432795522246,0.0,0.0,1.0,0.0,0.0,1.0,0.0,3.0,0.5142869364756083,1.0,1.0,0.2898408365269223,1.0,1.0,0.3562945254645027,0.0,0.0,1.0,0.0,3.0,0.7937823429081283,0.0,0.0,1.0,0.0,7.0,0.8970078365861944,1.0,6.0,0.0002068816435722,0.0,0.0,0.2093575669749802,0.0,2.0,0.739652536282559,0.0,0.0,1.0
3024.0,13,43.0,0.2756410256410256,10.975352179251646,156.0,1010.0,6.474358974358975,0.0,0.0,10,67.0,8.0,9.321729283313116,1.7179487179487178,1.7179487179487178,39.0,0.0,5.0,0.96630571870049,1.0,0.0,0.5887961657555094,0.0,0.0,1.0,0.0,0.0,0.6060058031077464,1.0,1.0,0.4913592339068045,0.0,0.0,1.0,1.0,4.0,0.3367055280559861,0.0,3.0,0.9747521855638286,1.0,3.0,7.634551453155116e-05,0.0,0.0,1.0,1.0,4.0,0.4647157736288095,1.0,7.0,0.4623650470321879,0.0,0.0,0.9514443972561416,0.0,3.0,0.7208248540358306,0.0,3.0,0.7163844044247017,0.0,0.0,1.0,0.0,0.0,0.9358396215785088,1.0,14.0,0.0,2.0,12.0,0.466495213768606,1.0,5.0,0.0001050068789895,0.0,3.0,0.9411939467756564
3032.0,14,68.0,0.4473684210526316,9.922651679671434,152.0,972.0,6.394736842105263,0.0,0.0,14,91.0,24.0,4.45353426725308,2.5277777777777777,2.5277777777777777,36.0,0.0,5.0,0.5028033588787709,4.0,8.0,0.292214481473383,0.0,0.0,1.0,3.0,11.0,0.1406362909333565,1.0,5.0,0.0203053761257406,0.0,3.0,0.582395402023988,0.0,0.0,1.0,0.0,0.0,1.0,2.0,15.0,0.0001687453443402,0.0,0.0,1.0,0.0,0.0,0.4827117545733174,1.0,13.0,0.0160964082185504,0.0,3.0,0.6899547506807329,0.0,0.0,1.0,1.0,5.0,0.0451890339288223,0.0,0.0,0.9693505221035776,0.0,0.0,0.8314433832841466,1.0,22.0,0.0,0.0,0.0,1.0,1.0,1.0,0.294986430589811,0.0,0.0,0.9601804463966528
3040.0,7,74.0,0.4900662251655629,10.12984389810455,151.0,987.0,6.5364238410596025,15.0,0.0993377483443708,7,99.0,8.0,6.295992083153667,3.09375,3.09375,32.0,0.0,3.0,0.3905483247823877,0.0,4.0,0.3145881856487516,0.0,2.0,0.0602882626805821,5.0,43.0,0.1905516767391346,0.0,0.0,0.8987266072439533,0.0,0.0,1.0,0.0,0.0,1.0,0.0,0.0,1.0,0.0,3.0,0.3053571216894853,0.0,7.0,0.7752891164883539,0.0,0.0,1.0,0.0,0.0,1.0,0.0,3.0,0.9589498084019458,0.0,0.0,1.0,0.0,0.0,0.9485950359677582,0.0,0.0,0.6416088554823902,1.0,4.0,0.0,1.0,30.0,0.0,0.0,0.0,1.0,0.0,0.0,1.0,0.0,0.0,0.9608218230710184
3048.0,10,57.0,0.3701298701298701,10.054575970325873,154.0,998.0,6.48051948051948,11.0,0.0714285714285714,10,116.0,17.0,5.783595989494388,2.9743589743589745,2.9743589743589745,39.0,0.0,0.0,0.9312979184510664,1.0,2.0,0.5603634682859315,2.0,9.0,0.1302801381228313,3.0,47.0,0.0931553328182615,1.0,3.0,0.4856603930900759,0.0,1.0,0.7099930105503611,0.0,0.0,1.0,0.0,0.0,1.0,0.0,0.0,1.0,0.0,0.0,0.6078455210583105,0.0,3.0,0.9184925954987548,0.0,0.0,0.0046915661812489,2.0,8.0,0.4655126473067181,0.0,0.0,1.0,0.0,0.0,0.7450548632554312,0.0,0.0,1.0,0.0,3.0,0.2590083236319191,1.0,38.0,0.0,0.0,0.0,1.0,0.0,0.0,1.0,0.0,2.0,0.8215337832139767
3056.0,11,35.0,0.2258064516129032,10.14652760739808,155.0,1032.0,6.658064516129032,34.0,0.2193548387096774,9,99.0,0.0,6.203494711265763,3.3,3.3,30.0,0.0,0.0,0.9405237529636798,3.0,16.0,0.3758983189126264,0.0,0.0,1.0,4.0,68.0,0.0897989942557593,0.0,3.0,0.5315838247612995,0.0,0.0,1.0,0.0,0.0,1.0,0.0,0.0,1.0,0.0,0.0,1.0,0.0,0.0,0.360696861600021,0.0,0.0,0.7199335669395237,0.0,0.0,1.0,0.0,2.0,0.6468063720843883,0.0,0.0,0.9780044996001256,0.0,2.0,0.5882478121222856,0.0,0.0,1.0,0.0,0.0,1.0,2.0,8.0,1.3712418719333822e-05,0.0,0.0,0.5271162155836531,0.0,0.0,1.0,0.0,0.0,0.8868893775109395
3064.0,9,54.0,0.3483870967741935,10.433509540502737,155.0,978.0,6.309677419354839,0.0,0.0,9,132.0,33.0,7.718283021917355,4.0,4.0,33.0,1.0,4.0,0.4897952746154189,2.0,7.0,0.0033046431327595,0.0,0.0,0.9982303086511316,3.0,90.0,0.2102236132092797,1.0,6.0,0.3217936954352935,0.0,0.0,1.0,0.0,4.0,0.7354898427475489,0.0,0.0,1.0,0.0,0.0,1.0,0.0,3.0,0.1559143926106743,0.0,4.0,0.8825231864343197,0.0,0.0,0.9101715070969274,0.0,0.0,0.9426055514806212,0.0,0.0,1.0,1.0,3.0,0.4616853625979911,0.0,3.0,0.354307500855087,0.0,0.0,1.0,0.0,0.0,0.9192133484734224,0.0,0.0,1.0,0.0,0.0,1.0,1.0,8.0,0.6255833636973495
3072.0,12,100.0,0.6711409395973155,10.42493322007361,149.0,1000.0,6.711409395973154,22.0,0.1476510067114094,12,173.0,41.0,7.18286358589902,4.805555555555555,4.805555555555555,36.0,0.0,6.0,0.4293463473877443,1.0,8.0,0.1210494293152632,1.0,3.0,1.3840696262344429e-05,3.0,107.0,0.5611212664517928,1.0,14.0,0.6766211270020626,0.0,0.0,1.0,3.0,16.0,4.438641830892907e-05,0.0,0.0,0.9067775685227838,0.0,0.0,1.0,0.0,0.0,1.0,1.0,8.0,0.6275302293373888,0.0,0.0,0.6495557657991773,0.0,0.0,1.0,0.0,0.0,0.7440462674611228,0.0,0.0,0.8561599497279042,1.0,9.0,0.0,0.0,0.0,1.0,1.0,2.0,0.0026583836851784,0.0,0.0,1.0,0.0,0.0,0.0121070187278178,0.0,0.0,1.0
3080.0,19,206.0,1.391891891891892,9.695774937519962,148.0,1070.0,7.22972972972973,70.0,0.4729729729729729,18,265.0,92.0,5.620023506571669,7.162162162162162,7.162162162162162,37.0,2.0,15.0,0.3459346242317039,2.0,17.0,0.0,3.0,20.0,0.0004446438640688,4.0,127.0,0.4488762335031818,1.0,22.0,0.7047657673922239,0.0,0.0,1.0,2.0,29.0,0.0,0.0,0.0,1.0,0.0,0.0,1.0,0.0,0.0,1.0,2.0,21.0,0.331525245422974,1.0,1.0,0.0002330745439801,0.0,0.0,0.9218858477779436,0.0,0.0,0.9082604156664424,0.0,0.0,0.3262458045055124,0.0,0.0,0.3857328455918095,0.0,3.0,0.6318325170542076,1.0,10.0,0.0,0.0,0.0,1.0,0.0,0.0,1.0,0.0,0.0,1.0
3088.0,17,197.0,1.3401360544217686,9.44197725660621,147.0,1012.0,6.884353741496598,0.0,0.0,16,271.0,6.0,6.846329925545958,5.76595744680851,5.76595744680851,47.0,2.0,11.0,0.4926434124586116,0.0,10.0,0.2607848440285158,2.0,28.0,0.2393173652536329,8.0,169.0,0.1897200041982325,3.0,38.0,0.4904274682492912,0.0,0.0,1.0,0.0,0.0,1.0,0.0,0.0,0.925859358974496,0.0,0.0,1.0,0.0,0.0,1.0,0.0,0.0,0.6343306235742512,1.0,9.0,0.3995468066143535,0.0,3.0,0.7836218383355628,0.0,0.0,0.4926099258869929,0.0,0.0,0.9235238619117204,0.0,0.0,1.0,0.0,3.0,0.7890820144690633,0.0,0.0,1.0,0.0,0.0,1.0,0.0,0.0,1.0,0.0,0.0,0.904330801711136
3096.0,16,119.0,0.7986577181208053,8.934972111470397,149.0,1094.0,7.342281879194631,82.0,0.5503355704697986,16,240.0,0.0,5.0174130007393565,5.1063829787234045,5.1063829787234045,47.0,0.0,4.0,0.5645499450959932,0.0,0.0,1.0,2.0,18.0,0.0525870369543884,5.0,120.0,0.0792582964659612,5.0,72.0,0.2717048077460093,0.0,0.0,1.0,0.0,0.0,0.9696348458186308,0.0,3.0,0.9578133481918208,0.0,0.0,1.0,0.0,0.0,1.0,1.0,2.0,0.265370684081508,0.0,0.0,0.3441199684679902,0.0,7.0,0.9346510900485064,1.0,1.0,0.2797137064884229,0.0,0.0,0.6507561230899824,0.0,0.0,1.0,1.0,5.0,0.0074604745689473,0.0,0.0,1.0,0.0,3.0,0.9376574059434624,0.0,0.0,1.0,1.0,5.0,0.0
3104.0,13,115.0,0.7666666666666667,10.090792947649904,150.0,1186.0,7.906666666666666,92.0,0.6133333333333333,12,181.0,0.0,6.801597896788742,4.641025641025641,4.641025641025641,39.0,2.0,13.0,0.5682628197013341,0.0,0.0,1.0,0.0,21.0,0.4742370647514348,2.0,54.0,0.4915186035267395,2.0,43.0,0.4502255356041142,0.0,0.0,1.0,0.0,0.0,0.9593226309905152,0.0,0.0,1.0,0.0,0.0,1.0,0.0,0.0,1.0,3.0,22.0,0.0,0.0,0.0,1.0,2.0,11.0,0.1453354181598352,1.0,9.0,0.0,0.0,0.0,0.670216959144599,0.0,0.0,1.0,0.0,0.0,1.0,0.0,0.0,1.0,0.0,3.0,0.9419874412350095,0.0,3.0,0.9881486375961276,0.0,2.0,0.9194458350232064
3112.0,14,71.0,0.4733333333333333,9.816980770709982,150.0,1237.0,8.246666666666666,51.0,0.34,14,136.0,0.0,6.681507132571175,2.9565217391304346,2.9565217391304346,46.0,2.0,20.0,0.367631876277909,1.0,0.0,0.1804664426669815,3.0,12.0,0.1007410176401137,4.0,75.0,0.328198498390494,1.0,9.0,0.716324827620473,0.0,0.0,1.0,0.0,0.0,0.970921116934688,0.0,0.0,1.0,0.0,0.0,1.0,0.0,0.0,1.0,0.0,0.0,0.8622050360554739,0.0,4.0,0.9262653738617722,0.0,6.0,0.7494698958421795,0.0,2.0,0.8350135530312542,1.0,0.0,0.4413922255128102,0.0,0.0,1.0,0.0,0.0,1.0,2.0,8.0,0.0007037854472923,0.0,0.0,0.2901074307756514,0.0,0.0,1.0,0.0,0.0,1.0
3120.0,18,94.0,0.6308724832214765,9.628928368746902,149.0,1290.0,8.657718120805368,53.0,0.3557046979865771,18,165.0,29.0,6.240444081802999,3.235294117647059,3.235294117647059,51.0,5.0,22.0,0.054904420638409,3.0,12.0,0.3168911175886921,1.0,10.0,0.1540483355338045,4.0,56.0,0.1405676306348536,2.0,22.0,0.5194725021032657,0.0,0.0,1.0,0.0,0.0,1.0,0.0,0.0,0.7504103043245532,0.0,0.0,1.0,0.0,0.0,1.0,0.0,6.0,0.7538617561755796,0.0,0.0,1.0,0.0,13.0,0.7927074217849351,0.0,5.0,0.9477801857049872,0.0,0.0,0.720628061753494,0.0,0.0,1.0,0.0,0.0,0.9135205441935392,1.0,2.0,0.0041659423245991,2.0,14.0,0.0,0.0,3.0,0.9421256544208528,0.0,0.0,0.9654757572099214
3128.0,23,153.0,1.0132450331125828,8.955014437741061,151.0,1399.0,9.264900662251655,109.0,0.7218543046357616,23,228.0,63.0,4.122276628713465,4.470588235294118,4.470588235294118,51.0,6.0,66.0,0.1388947709324488,5.0,18.0,0.2075011090840582,1.0,10.0,0.3568350187730693,1.0,34.0,0.1412237246330818,5.0,52.0,0.1107486853972303,0.0,0.0,1.0,0.0,3.0,0.2577557879366745,1.0,4.0,0.0,0.0,0.0,1.0,0.0,0.0,1.0,0.0,3.0,0.7831606004434544,0.0,0.0,0.1664312456456604,1.0,5.0,0.3389863921377985,0.0,0.0,1.0,0.0,3.0,0.3359968014042901,0.0,0.0,1.0,0.0,0.0,1.0,1.0,10.0,0.0,1.0,16.0,0.5564461971164483,0.0,2.0,0.7394301146454364,1.0,2.0,0.0001573437605179
3136.0,16,84.0,0.5833333333333334,9.15037181576948,144.0,1375.0,9.54861111111111,0.0,0.0,15,159.0,0.0,3.882443841503733,4.184210526315789,4.184210526315789,38.0,1.0,48.0,0.1033017207163822,2.0,16.0,0.1872034549612141,3.0,14.0,0.180553427777206,1.0,12.0,0.0,2.0,30.0,0.0,0.0,0.0,0.8929343337943554,0.0,2.0,0.2451674065932843,0.0,2.0,0.5487475430658301,1.0,2.0,0.2741296993143917,0.0,0.0,1.0,0.0,0.0,0.9363332719273448,1.0,5.0,0.0,0.0,0.0,1.0,0.0,2.0,0.8005452001205572,3.0,19.0,0.2435424437594432,0.0,0.0,1.0,0.0,0.0,0.9877049186541524,0.0,0.0,1.0,0.0,0.0,1.0,1.0,7.0,8.716304101934738e-06,0.0,0.0,1.0
3144.0,6,82.0,0.5815602836879432,10.570226031093108,141.0,1359.0,9.638297872340424,0.0,0.0,6,141.0,0.0,7.042996008638719,4.862068965517241,4.862068965517241,29.0,1.0,27.0,0.0,0.0,8.0,0.4213803602959558,3.0,29.0,0.1967574840242346,0.0,0.0,1.0,2.0,49.0,0.1905966584277822,0.0,0.0,1.0,0.0,3.0,0.9360385308137958,0.0,0.0,1.0,0.0,0.0,1.0,0.0,0.0,1.0,0.0,0.0,1.0,0.0,0.0,0.5814009927040487,0.0,0.0,1.0,0.0,5.0,0.7437311213788058,0.0,9.0,0.4840719230172105,0.0,0.0,1.0,0.0,3.0,0.41426590631024,0.0,0.0,1.0,0.0,4.0,0.9499770881659488,0.0,4.0,0.3650302951123417,0.0,0.0,0.9804933944202752
3152.0,18,110.0,0.7482993197278912,10.110123779099284,147.0,1401.0,9.53061224489796,42.0,0.2857142857142857,16,173.0,32.0,4.178338405843167,5.40625,5.40625,32.0,0.0,6.0,0.9695716347894086,2.0,12.0,0.3446317949060132,4.0,29.0,9.650594069116824e-05,0.0,0.0,0.0182347484731284,4.0,76.0,1.3773148818308562e-05,1.0,11.0,0.2140788175664079,1.0,1.0,0.321253128294617,0.0,0.0,1.0,0.0,0.0,1.0,0.0,0.0,1.0,0.0,0.0,0.4052312267058045,0.0,0.0,1.0,0.0,0.0,1.0,2.0,14.0,6.606837440314956e-05,1.0,17.0,0.1540805404805208,0.0,0.0,1.0,0.0,0.0,1.0,0.0,0.0,0.9171682618308766,0.0,0.0,1.0,1.0,7.0,0.3174311088888009,0.0,0.0,1.0
3160.0,6,43.0,0.2925170068027211,11.14555289195436,147.0,1417.0,9.639455782312924,16.0,0.1088435374149659,6,112.0,0.0,9.333739982540816,3.733333333333333,3.733333333333333,30.0,0.0,4.0,0.6446355343816349,3.0,34.0,0.0,0.0,9.0,0.3345009340136985,0.0,5.0,0.9255901893935664,1.0,32.0,0.4645147772753377,0.0,0.0,0.1366779681560277,1.0,16.0,0.6905031574369243,0.0,0.0,1.0,1.0,5.0,0.0003142129554717,0.0,0.0,1.0,0.0,0.0,1.0,0.0,0.0,1.0,0.0,0.0,0.6879684608366298,0.0,0.0,0.757174386234904,0.0,0.0,0.8886908223905345,0.0,1.0,0.9905681432505088,0.0,6.0,0.9090705798942422,0.0,0.0,0.938211660867642,0.0,0.0,1.0,0.0,0.0,1.0,0.0,0.0,1.0
3168.0,7,17.0,0.1164383561643835,11.2281342727304,146.0,1192.0,8.164383561643836,0.0,0.0,5,43.0,0.0,9.238494198505824,1.5925925925925926,1.5925925925925926,27.0,0.0,1.0,0.7891142574619614,0.0,0.0,1.0,0.0,3.0,0.7348249523612126,0.0,3.0,0.9947985760799488,1.0,15.0,0.6544357234403423,0.0,0.0,0.7091562759892536,0.0,7.0,0.8429699578549578,0.0,0.0,0.9346444537969032,0.0,0.0,1.0,0.0,0.0,1.0,0.0,0.0,0.96543006593511,0.0,0.0,1.0,1.0,1.0,0.4726674759751689,0.0,0.0,1.0,1.0,5.0,0.442518180765572,0.0,0.0,1.0,1.0,6.0,0.3482835091434276,1.0,2.0,0.3384946494928222,0.0,0.0,0.6848037741901837,0.0,0.0,1.0,0.0,0.0,0.9729359105579378
3176.0,6,33.0,0.2307692307692307,11.265011702968446,143.0,1118.0,7.818181818181818,0.0,0.0,5,63.0,20.0,9.19128292005311,1.75,1.75,36.0,0.0,7.0,0.5440127231698009,0.0,0.0,1.0,1.0,12.0,0.2925429234590888,0.0,3.0,0.8539079745097313,1.0,6.0,0.4797912645409846,0.0,0.0,0.5939920550793079,1.0,10.0,0.6241233850667118,0.0,0.0,1.0,0.0,0.0,1.0,0.0,0.0,1.0,0.0,3.0,0.9779172307117362,0.0,0.0,1.0,1.0,9.0,0.4555535678848005,0.0,0.0,1.0,1.0,13.0,0.6253489596732944,0.0,0.0,1.0,0.0,0.0,0.8860313958358033,0.0,0.0,0.7967731148779645,0.0,0.0,1.0,0.0,0.0,1.0,0.0,0.0,1.0
3184.0,14,76.0,0.5467625899280576,10.028155607752636,139.0,1117.0,8.035971223021583,0.0,0.0,14,98.0,35.0,6.632946515494334,2.1777777777777776,2.1777777777777776,45.0,1.0,8.0,0.2130841820618147,0.0,0.0,1.0,1.0,14.0,0.0,0.0,0.0,0.8772945294538109,1.0,11.0,0.4766178461065004,1.0,3.0,8.168381294523328e-05,1.0,4.0,0.0965542547177432,0.0,3.0,0.9668637531453956,0.0,0.0,0.5652430566419713,0.0,0.0,1.0,3.0,13.0,0.3870993197665365,0.0,0.0,0.2370006620815908,3.0,26.0,0.2444411445019749,0.0,0.0,1.0,1.0,3.0,0.3733806580084547,0.0,0.0,1.0,0.0,0.0,0.9504981808912673,2.0,10.0,0.0185752701855701,0.0,0.0,1.0,0.0,0.0,1.0,0.0,3.0,0.9707458864169796
3192.0,9,48.0,0.3609022556390977,10.531117483592745,133.0,1121.0,8.428571428571429,4.0,0.0300751879699248,9,68.0,0.0,6.140230976672019,2.125,2.125,32.0,4.0,23.0,0.1899812369675023,0.0,0.0,0.6178599185638013,1.0,22.0,0.0,3.0,8.0,0.3008960439033981,0.0,0.0,0.950921294166262,0.0,0.0,1.0,0.0,0.0,1.0,0.0,0.0,1.0,0.0,0.0,1.0,0.0,0.0,1.0,0.0,3.0,0.7916973021044447,0.0,0.0,0.0126799472540962,1.0,6.0,0.3217356441151899,0.0,0.0,1.0,0.0,0.0,0.563093705532806,0.0,0.0,1.0,0.0,2.0,0.1733146256592154,0.0,4.0,0.651679501599716,0.0,0.0,0.9970582157520744,0.0,0.0,1.0,0.0,0.0,1.0
3200.0,12,72.0,0.5294117647058824,10.162955418967435,136.0,1167.0,8.580882352941176,46.0,0.3382352941176471,12,139.0,71.0,6.787719145884567,2.9574468085106385,2.9574468085106385,47.0,0.0,24.0,0.5371250096724409,1.0,0.0,0.500824357535167,0.0,7.0,0.034012624478114,9.0,67.0,0.0308771805629509,0.0,0.0,0.9810331421855248,0.0,1.0,0.4938729129345707,0.0,3.0,0.2523524023315521,0.0,0.0,0.1928019943504727,0.0,0.0,1.0,0.0,0.0,1.0,0.0,7.0,0.794620194121777,0.0,5.0,0.7309591392705834,0.0,6.0,0.9573910227226938,0.0,3.0,0.9062185239922966,0.0,0.0,0.9902746892749204,0.0,0.0,1.0,0.0,3.0,0.8469977929007233,2.0,13.0,0.03035225295933,0.0,0.0,1.0,0.0,0.0,1.0,0.0,0.0,0.9128097382841484
3208.0,25,207.0,1.5,9.300969333578136,138.0,1212.0,8.782608695652174,45.0,0.3260869565217391,25,255.0,116.0,4.961566588355137,5.1,5.1,50.0,5.0,39.0,0.3013533594426825,2.0,3.0,0.3943834291538101,1.0,9.0,0.4976476194446104,10.0,145.0,0.1146228574351379,2.0,5.0,0.4171619639993281,0.0,0.0,1.0,1.0,9.0,0.0,0.0,2.0,0.9580234735131964,0.0,0.0,1.0,0.0,0.0,1.0,0.0,0.0,0.9158496752690336,1.0,5.0,0.302663045582425,0.0,0.0,0.4288923817607762,0.0,0.0,1.0,0.0,0.0,0.7066630790174647,0.0,2.0,0.9406440846555316,0.0,0.0,1.0,3.0,36.0,0.0,0.0,0.0,0.2988773330473159,0.0,0.0,0.9828013277265844,0.0,0.0,0.9282527152715446
3216.0,15,121.0,0.9236641221374046,9.577967315585225,131.0,1127.0,8.603053435114504,0.0,0.0,15,248.0,0.0,4.618176124099397,6.526315789473684,6.526315789473684,38.0,5.0,76.0,0.1563880952861115,2.0,8.0,0.4408005361268159,0.0,0.0,1.0,4.0,119.0,0.1054396705594598,2.0,16.0,0.4634919799138831,0.0,0.0,1.0,0.0,0.0,1.0,0.0,2.0,0.9413674262770236,0.0,0.0,0.9141027712104728,0.0,0.0,1.0,0.0,1.0,0.6386950951801429,2.0,14.0,0.0011109251640504,0.0,0.0,1.0,0.0,0.0,1.0,0.0,0.0,0.3567280148040287,0.0,0.0,1.0,0.0,0.0,1.0,0.0,12.0,0.355641920453486,0.0,0.0,0.9363168506120974,0.0,0.0,1.0,0.0,0.0,1.0
3224.0,13,78.0,0.5864661654135338,9.746918472640736,133.0,1167.0,8.774436090225564,40.0,0.3007518796992481,13,163.0,0.0,6.220305993971805,3.4680851063829787,3.4680851063829787,47.0,1.0,38.0,0.2371471326121191,3.0,12.0,0.3123522371659024,0.0,0.0,1.0,3.0,66.0,0.2586166795673362,2.0,29.0,0.5274493138193973,0.0,0.0,0.7701731575865169,0.0,0.0,0.9027470629481744,1.0,7.0,0.6915311620554507,1.0,1.0,0.0071619341866507,0.0,0.0,1.0,0.0,4.0,0.5100278185562509,0.0,0.0,0.7152460018974471,0.0,3.0,0.940508558981194,0.0,0.0,1.0,0.0,0.0,0.4080596904683523,0.0,0.0,1.0,0.0,0.0,1.0,0.0,0.0,1.0,2.0,3.0,0.0036364160567398,0.0,0.0,1.0,0.0,0.0,0.7133214528028585
3232.0,12,40.0,0.2941176470588235,9.862353485433347,136.0,1215.0,8.933823529411764,48.0,0.3529411764705882,11,144.0,0.0,5.196804243511488,3.891891891891892,3.891891891891892,37.0,2.0,46.0,0.583150361729469,2.0,28.0,0.155010985371638,1.0,7.0,0.4648750380333538,1.0,35.0,0.3147229738508943,0.0,6.0,0.8037705395156223,2.0,7.0,0.3103072957019961,1.0,1.0,0.4977768042042552,1.0,4.0,0.0001105905957007,0.0,0.0,1.0,0.0,0.0,1.0,0.0,1.0,0.0107236700498938,0.0,0.0,1.0,0.0,3.0,0.0346334794879719,0.0,0.0,1.0,0.0,4.0,0.1354334422913896,0.0,0.0,1.0,0.0,0.0,1.0,0.0,0.0,1.0,0.0,0.0,1.0,1.0,2.0,0.0171810042703742,0.0,0.0,0.9023259289234692
3240.0,12,80.0,0.5755395683453237,10.69269357407792,139.0,1221.0,8.784172661870503,6.0,0.0431654676258992,10,114.0,0.0,5.964818018419513,3.931034482758621,3.931034482758621,29.0,0.0,7.0,0.6413127012642076,2.0,32.0,0.0,1.0,8.0,0.0,3.0,36.0,0.1336680859572022,2.0,14.0,0.5342900593729217,0.0,0.0,1.0,1.0,3.0,2.017091640770949e-05,1.0,12.0,0.0,0.0,0.0,1.0,0.0,0.0,1.0,0.0,0.0,0.0262429089860263,0.0,0.0,1.0,0.0,0.0,1.0,0.0,2.0,0.6977408506968248,0.0,0.0,0.5903185772003207,0.0,0.0,1.0,0.0,0.0,0.1454081673544313,0.0,0.0,1.0,0.0,0.0,1.0,0.0,0.0,1.0,0.0,0.0,1.0
3248.0,15,155.0,1.1397058823529411,10.63767344087348,136.0,1276.0,9.382352941176473,55.0,0.4044117647058823,14,164.0,50.0,6.915013165748624,4.823529411764706,4.823529411764706,34.0,0.0,0.0,0.1609015739143966,2.0,48.0,0.0,1.0,16.0,0.0,4.0,33.0,0.3271816811512579,5.0,48.0,0.5108917795641944,0.0,0.0,1.0,1.0,14.0,0.7168759909437655,0.0,0.0,1.0,0.0,0.0,1.0,0.0,0.0,1.0,0.0,0.0,1.0,1.0,3.0,1.2884524022023135e-05,0.0,0.0,1.0,0.0,2.0,0.5814454795701527,0.0,0.0,0.6434333051118029,0.0,0.0,1.0,0.0,0.0,0.9971918818899628,0.0,0.0,1.0,0.0,0.0,1.0,0.0,0.0,1.0,0.0,0.0,1.0
3256.0,10,63.0,0.4701492537313433,10.27680107215346,134.0,1090.0,8.134328358208956,0.0,0.0,9,131.0,0.0,7.038439140090193,3.4473684210526314,3.4473684210526314,38.0,0.0,1.0,0.777479819634816,0.0,24.0,0.2830520729166674,0.0,3.0,0.76116695154578,3.0,46.0,0.3341170922380214,2.0,41.0,0.5103606559297844,0.0,0.0,1.0,3.0,11.0,0.0055890398970279,0.0,0.0,0.9498857909595176,0.0,0.0,1.0,0.0,0.0,1.0,0.0,0.0,0.9849820520499756,0.0,0.0,1.0,0.0,0.0,0.6259770917563435,0.0,0.0,0.7321981466347351,0.0,0.0,0.4125391346851838,0.0,0.0,1.0,0.0,0.0,1.0,0.0,0.0,1.0,0.0,0.0,1.0,1.0,5.0,0.0016386506007369,0.0,0.0,1.0
3264.0,20,124.0,0.9253731343283582,9.888538277962738,134.0,1107.0,8.261194029850746,17.0,0.126865671641791,19,188.0,57.0,4.969633278069504,5.222222222222222,5.222222222222222,36.0,1.0,5.0,0.5323832314707758,1.0,30.0,0.0,2.0,11.0,0.000207810387704,4.0,71.0,0.3277047383888647,6.0,47.0,0.2392750369644102,0.0,0.0,1.0,0.0,5.0,0.0315832591683322,0.0,3.0,0.5118170907202608,0.0,0.0,1.0,0.0,0.0,1.0,0.0,0.0,1.0,0.0,0.0,1.0,2.0,10.0,0.5213815340398632,0.0,0.0,0.5755269786647954,1.0,0.0,0.4796478808299479,0.0,0.0,1.0,0.0,0.0,0.9600333126935204,0.0,0.0,1.0,1.0,2.0,0.0017727873549237,0.0,0.0,1.0,1.0,4.0,0.3232364866875285
3272.0,6,92.0,0.6865671641791045,10.931919148461487,134.0,1129.0,8.425373134328359,22.0,0.1641791044776119,6,162.0,0.0,8.331904283429092,4.628571428571429,4.628571428571429,35.0,0.0,3.0,0.9284042251679596,2.0,42.0,0.0005898572350286,0.0,3.0,0.38594974386997,2.0,69.0,0.6022676064104615,0.0,20.0,0.3444834964174854,0.0,0.0,1.0,0.0,0.0,1.0,1.0,11.0,0.0157096989410694,0.0,3.0,0.947389325598232,0.0,0.0,1.0,0.0,6.0,0.7880306815853702,0.0,0.0,0.9053910964840062,0.0,0.0,0.6839649891124844,0.0,0.0,0.7361328400926426,0.0,0.0,0.8139045256143705,0.0,0.0,1.0,1.0,5.0,0.0,0.0,0.0,1.0,0.0,0.0,1.0,0.0,0.0,1.0,0.0,0.0,1.0
3280.0,9,104.0,0.7878787878787878,11.308890811363616,132.0,1149.0,8.704545454545455,20.0,0.1515151515151515,9,144.0,0.0,9.007123208252317,4.363636363636363,4.363636363636363,33.0,1.0,8.0,0.698766945626011,0.0,0.0,1.0,0.0,6.0,0.6122772113860548,4.0,84.0,0.3877356238623911,2.0,13.0,0.0003005019864314,0.0,0.0,1.0,0.0,0.0,1.0,0.0,6.0,0.9613800884608454,0.0,0.0,1.0,0.0,0.0,1.0,0.0,6.0,0.9341249943843872,1.0,4.0,1.173493728362897e-05,1.0,7.0,0.3304807009883843,0.0,0.0,0.021886371517179,0.0,0.0,0.5501568175221999,0.0,0.0,1.0,0.0,3.0,0.9450664714175095,0.0,0.0,1.0,0.0,4.0,0.8565929529983172,0.0,3.0,0.921834811054436,0.0,0.0,1.0
3288.0,14,130.0,1.04,10.093571910636465,125.0,1075.0,8.6,0.0,0.0,14,166.0,22.0,5.417885269512598,4.882352941176471,4.882352941176471,34.0,0.0,5.0,0.6847837358672667,1.0,0.0,0.2055518608552769,2.0,14.0,3.882691784738098e-05,3.0,99.0,0.1199953518365217,1.0,10.0,0.2244574352327766,0.0,0.0,0.9170933980008582,0.0,0.0,0.9415363923728248,1.0,2.0,0.0,0.0,0.0,1.0,0.0,0.0,1.0,4.0,18.0,0.1559094903595509,1.0,12.0,0.0,0.0,0.0,1.0,0.0,0.0,1.0,0.0,0.0,0.9538858584425428,0.0,0.0,1.0,0.0,0.0,1.0,0.0,0.0,1.0,1.0,6.0,0.0012874996962113,0.0,0.0,1.0,0.0,0.0,1.0
3296.0,15,150.0,1.162790697674419,9.548529954900026,129.0,1155.0,8.953488372093023,80.0,0.6201550387596899,14,196.0,30.0,5.280210865757883,5.297297297297297,5.297297297297297,37.0,3.0,15.0,0.0722240666069249,1.0,5.0,0.6001892514683895,2.0,19.0,0.0031263277869008,3.0,125.0,0.3093071758664015,2.0,11.0,0.0022309922932698,0.0,0.0,1.0,1.0,3.0,0.4769940254477451,0.0,0.0,1.0,0.0,0.0,0.8544609842247803,0.0,0.0,1.0,0.0,11.0,0.2951831956685297,1.0,1.0,0.3031414082313807,0.0,0.0,1.0,0.0,1.0,0.953047993541524,0.0,0.0,0.9921194703233496,0.0,0.0,1.0,0.0,0.0,1.0,0.0,0.0,1.0,0.0,3.0,0.4260031921746279,1.0,2.0,0.001624350256087,0.0,0.0,1.0
3304.0,13,183.0,1.3555555555555556,10.057126231820064,135.0,1238.0,9.170370370370373,83.0,0.6148148148148148,13,233.0,37.0,4.778038107319673,6.852941176470588,6.852941176470588,34.0,1.0,19.0,0.4195141600323497,3.0,8.0,0.393770285376709,3.0,40.0,0.001821565854878,4.0,140.0,5.2425164305308766e-05,0.0,3.0,0.7860682182718404,0.0,0.0,1.0,0.0,0.0,0.4440284477023349,0.0,0.0,0.9380026134287416,0.0,0.0,0.5631370430493012,0.0,0.0,1.0,1.0,4.0,0.0022541573334197,0.0,0.0,1.0,0.0,3.0,0.6262954339132621,0.0,0.0,1.0,0.0,0.0,1.0,0.0,0.0,1.0,0.0,0.0,1.0,0.0,0.0,1.0,0.0,0.0,1.0,1.0,16.0,0.3608351021197259,0.0,0.0,1.0
3312.0,18,102.0,0.723404255319149,10.08512418777392,141.0,1307.0,9.26950354609929,69.0,0.4893617021276595,15,164.0,0.0,6.73614976472891,4.315789473684211,4.315789473684211,38.0,4.0,36.0,0.4521630735741954,4.0,7.0,0.2664834742080192,1.0,37.0,0.5409895007595541,1.0,27.0,0.2631715106649109,1.0,7.0,0.465376750850868,0.0,0.0,1.0,2.0,19.0,0.2134260026780306,0.0,0.0,0.9738215588785692,1.0,7.0,8.889663519090041e-06,0.0,0.0,1.0,1.0,12.0,0.0,0.0,0.0,0.4629124064343481,0.0,6.0,0.7688286273749498,0.0,0.0,1.0,0.0,0.0,1.0,0.0,3.0,0.9666400864001456,0.0,3.0,0.965385940220968,0.0,0.0,1.0,0.0,0.0,1.0,0.0,0.0,0.613206694543921,0.0,0.0,1.0
3320.0,16,87.0,0.6304347826086957,9.753729320925093,138.0,1240.0,8.985507246376812,0.0,0.0,14,157.0,0.0,5.317233246796346,4.485714285714286,4.485714285714286,35.0,1.0,18.0,0.4608045687902017,5.0,36.0,0.1453787235756161,0.0,0.0,1.0,2.0,40.0,0.0,2.0,24.0,0.2126323863845137,0.0,3.0,0.8755154869875434,1.0,4.0,0.0009059609069581,0.0,0.0,1.0,0.0,0.0,1.0,0.0,0.0,1.0,0.0,6.0,0.7998370359197104,0.0,7.0,0.8768028376249035,0.0,7.0,0.9073979528534044,0.0,0.0,1.0,0.0,0.0,1.0,0.0,3.0,0.0836201069381574,1.0,4.0,0.0014847140206603,0.0,0.0,1.0,1.0,1.0,0.001280567332259,1.0,4.0,5.08183016875958e-05,0.0,0.0,1.0
3328.0,13,92.0,0.6764705882352942,10.429486924783497,136.0,1224.0,9.0,0.0,0.0,13,178.0,21.0,4.577354068267145,5.933333333333334,5.933333333333334,30.0,3.0,49.0,0.4529990648302337,3.0,38.0,0.0856584868520464,0.0,0.0,1.0,2.0,36.0,0.2796113127392712,2.0,30.0,0.0,0.0,0.0,0.9761250247580996,0.0,0.0,1.0,0.0,1.0,0.9523869721310252,0.0,0.0,1.0,0.0,0.0,1.0,2.0,18.0,0.0001121313584086,0.0,0.0,1.0,0.0,3.0,0.9599400246685472,0.0,0.0,0.8164609655420686,0.0,0.0,1.0,0.0,0.0,1.0,1.0,3.0,0.0004395892785096,0.0,0.0,1.0,0.0,0.0,1.0,0.0,0.0,1.0,0.0,0.0,1.0
3336.0,6,66.0,0.5,10.796052240691706,132.0,1188.0,9.0,0.0,0.0,5,155.0,0.0,8.24716924194476,3.9743589743589753,3.9743589743589753,39.0,0.0,23.0,0.4099870245724181,0.0,27.0,0.3116652946496091,0.0,0.0,1.0,2.0,45.0,0.4622282300691055,0.0,11.0,0.6014142011211264,1.0,2.0,0.0001510277715004,0.0,0.0,0.9233149268113322,0.0,3.0,0.9402272576067212,0.0,0.0,1.0,0.0,4.0,0.9641749749763302,1.0,16.0,0.4915614213239462,0.0,4.0,0.7943682087731089,0.0,6.0,0.644679841229946,0.0,0.0,0.8837624972473526,0.0,0.0,0.5562961372939917,0.0,0.0,1.0,1.0,11.0,0.49701577428602,0.0,0.0,1.0,0.0,0.0,1.0,0.0,0.0,1.0,0.0,3.0,0.7895645624549394
3344.0,10,41.0,0.3106060606060606,11.166718192495544,132.0,1134.0,8.590909090909092,0.0,0.0,6,87.0,0.0,10.258068620019904,2.5588235294117645,2.5588235294117645,34.0,3.0,29.0,0.0021576480205165,0.0,3.0,0.8692143556407992,0.0,0.0,1.0,1.0,21.0,0.7714826750955627,0.0,3.0,0.9446084115490012,0.0,0.0,1.0,0.0,3.0,0.972766138534598,0.0,0.0,1.0,0.0,0.0,1.0,0.0,0.0,0.9358192219354936,0.0,0.0,0.8948818711181148,0.0,0.0,1.0,0.0,3.0,0.9086791123782996,0.0,0.0,1.0,1.0,3.0,0.4205417507073679,0.0,0.0,1.0,1.0,19.0,0.0,0.0,0.0,0.9215155921168324,0.0,0.0,1.0,0.0,0.0,0.9516155006158856,0.0,3.0,0.9954683044162974
3352.0,8,58.0,0.4328358208955223,10.97719389287266,134.0,1130.0,8.432835820895523,0.0,0.0,8,91.0,4.0,8.060336458272042,2.6,2.6,35.0,0.0,6.0,0.4264007696744503,0.0,0.0,1.0,0.0,0.0,1.0,2.0,29.0,0.4290036399716055,0.0,0.0,0.7297166326395823,0.0,0.0,1.0,1.0,8.0,0.4150940290353045,0.0,0.0,0.9514760655112986,1.0,8.0,0.1828807379421528,0.0,0.0,1.0,0.0,0.0,0.958502304431554,0.0,4.0,0.9914601764537072,1.0,2.0,0.6323271919652359,0.0,0.0,0.5192573304114938,0.0,0.0,0.6785357893491595,0.0,0.0,1.0,2.0,28.0,0.3904299838207151,1.0,3.0,1.974147583921232e-05,0.0,3.0,0.1953134151397108,0.0,0.0,0.9744658190630408,0.0,0.0,0.928331019050312
3360.0,14,115.0,0.8778625954198473,10.47942306272626,131.0,1156.0,8.82442748091603,26.0,0.1984732824427481,13,155.0,64.0,5.265529415794933,5.0,5.0,31.0,1.0,15.0,0.4811015396853744,0.0,0.0,1.0,0.0,0.0,1.0,1.0,37.0,0.4534251871655623,3.0,15.0,0.2000576427236625,0.0,0.0,1.0,3.0,29.0,0.006978686300395,1.0,2.0,0.2417860204059211,0.0,0.0,1.0,0.0,0.0,1.0,0.0,3.0,0.7042954897283586,0.0,0.0,1.0,0.0,0.0,0.9645064314452068,0.0,3.0,0.8102732565162476,1.0,4.0,0.2234699976492322,0.0,0.0,1.0,1.0,35.0,0.0,0.0,0.0,1.0,1.0,10.0,0.4583225086511334,0.0,0.0,1.0,1.0,2.0,0.0016707866711139
3368.0,10,133.0,0.9851851851851852,10.181406596400905,135.0,1201.0,8.896296296296295,45.0,0.3333333333333333,9,167.0,12.0,7.485202873994869,4.638888888888889,4.638888888888889,36.0,0.0,4.0,0.3851116391563257,0.0,0.0,1.0,0.0,0.0,1.0,2.0,46.0,0.5912391195082939,4.0,50.0,0.1773748441079244,0.0,0.0,1.0,0.0,7.0,0.1079314370102144,0.0,0.0,0.719248163974154,0.0,0.0,1.0,0.0,0.0,1.0,0.0,0.0,0.9505381380376074,0.0,7.0,0.5745222784906477,0.0,0.0,0.950373465347686,1.0,6.0,0.3868743488262547,1.0,4.0,0.3809565282076078,0.0,0.0,1.0,1.0,43.0,0.0,0.0,0.0,1.0,0.0,0.0,1.0,0.0,0.0,1.0,0.0,0.0,0.6982313584102703
3376.0,16,122.0,0.8714285714285714,10.196670606186476,140.0,1149.0,8.207142857142857,0.0,0.0,15,149.0,0.0,6.4127115418862495,3.634146341463415,3.634146341463415,41.0,1.0,9.0,8.470353027411325e-05,0.0,0.0,0.5065676393348231,0.0,3.0,0.2761676033220732,2.0,23.0,0.5608840898422095,5.0,57.0,4.847329515608668e-06,0.0,0.0,1.0,0.0,0.0,1.0,0.0,0.0,0.0456043389846599,0.0,0.0,1.0,0.0,0.0,1.0,0.0,0.0,0.98356446660267,1.0,7.0,0.0,0.0,0.0,1.0,4.0,33.0,0.2670033682383799,2.0,17.0,0.4782042971177168,0.0,0.0,1.0,0.0,0.0,1.0,0.0,0.0,1.0,0.0,0.0,1.0,0.0,0.0,0.9895173411126283,0.0,0.0,0.95014879463488
3392.0,9,25.0,0.1592356687898089,10.343161407627749,157.0,1236.0,7.872611464968153,38.0,0.2420382165605095,9,72.0,0.0,4.185155841030971,2.571428571428572,2.571428571428572,28.0,0.0,0.0,1.0,3.0,3.0,0.2493426101660902,0.0,1.0,0.6752882425621052,1.0,4.0,0.3203366843923843,2.0,33.0,0.0001139441032007,0.0,0.0,1.0,1.0,7.0,0.2343187268063073,1.0,4.0,0.0003208506160509,0.0,0.0,1.0,0.0,0.0,1.0,0.0,0.0,1.0,0.0,0.0,1.0,0.0,0.0,0.3646122882794664,0.0,16.0,0.3502926104040775,1.0,4.0,0.4131771237466495,0.0,0.0,1.0,0.0,0.0,1.0,0.0,0.0,1.0,0.0,0.0,1.0,0.0,0.0,1.0,0.0,0.0,1.0
3400.0,7,42.0,0.2658227848101265,10.922982586073344,158.0,1141.0,7.2215189873417724,0.0,0.0,7,76.0,4.0,8.205948965971453,1.948717948717949,1.948717948717949,39.0,0.0,1.0,0.9844694088313964,0.0,3.0,0.3764827395655024,0.0,3.0,0.7197030360712824,2.0,8.0,9.791079994614204e-06,0.0,6.0,0.8387710617386404,0.0,0.0,1.0,0.0,1.0,0.969898949687715,1.0,12.0,0.4668818103701854,0.0,0.0,1.0,0.0,2.0,0.9384383972988938,1.0,6.0,0.0,1.0,5.0,0.4376738511055418,1.0,11.0,0.4742623330823028,0.0,0.0,1.0,1.0,15.0,0.5305897696158591,0.0,0.0,1.0,0.0,0.0,0.8583292164659664,0.0,0.0,1.0,0.0,0.0,0.5281917335186597,0.0,3.0,0.90780037360604,0.0,0.0,1.0
3408.0,12,51.0,0.320754716981132,10.390524337289776,159.0,1159.0,7.289308176100629,18.0,0.1132075471698113,11,97.0,21.0,7.442849172878324,2.3095238095238093,2.3095238095238093,42.0,1.0,5.0,0.454392071681817,2.0,12.0,0.3210391079041281,0.0,0.0,1.0,1.0,9.0,0.1234078373178382,2.0,20.0,0.3288819875804675,0.0,0.0,1.0,0.0,0.0,0.9715346852995989,0.0,0.0,0.0241151813367609,0.0,2.0,0.0209268359062514,0.0,0.0,1.0,0.0,6.0,0.9001495004889003,0.0,0.0,0.602262997621512,3.0,23.0,0.2157189124999546,0.0,0.0,0.9419900996190764,1.0,4.0,0.523404110220467,0.0,3.0,0.9777565857415776,1.0,7.0,0.6248516629568625,0.0,3.0,0.1505286810464402,0.0,0.0,0.4935488165204519,0.0,3.0,0.941120615846287,0.0,0.0,0.9377303132303486
3416.0,15,122.0,0.782051282051282,10.336653697319244,156.0,1198.0,7.67948717948718,39.0,0.25,14,152.0,55.0,6.890985777633456,3.619047619047619,3.619047619047619,42.0,1.0,5.0,0.5423116016719184,2.0,28.0,0.2199132489978491,0.0,0.0,1.0,0.0,7.0,0.6128694113460644,2.0,39.0,0.3307092254986825,0.0,0.0,0.9836387641027798,1.0,3.0,0.3155536165889517,0.0,3.0,0.6313021493696047,0.0,0.0,1.0,0.0,0.0,1.0,0.0,0.0,0.7599151409692222,0.0,0.0,1.0,3.0,46.0,0.0987793193399274,1.0,5.0,0.0,2.0,7.0,0.1252572964324121,1.0,6.0,0.3478345138149411,0.0,0.0,0.9393318265706684,0.0,0.0,1.0,0.0,0.0,0.9921227079181256,0.0,0.0,1.0,1.0,3.0,6.044915184892085e-05
3424.0,12,77.0,0.4842767295597484,10.450609573051466,159.0,1244.0,7.823899371069182,46.0,0.2893081761006289,9,118.0,0.0,8.09421083063391,2.6818181818181817,2.6818181818181817,44.0,0.0,7.0,0.7392307408933926,0.0,0.0,1.0,0.0,0.0,0.7836776045249386,2.0,13.0,0.3805930243995655,1.0,16.0,0.396311104273605,0.0,0.0,1.0,0.0,3.0,0.6616706128490295,1.0,8.0,0.0,0.0,0.0,0.9451115664410434,0.0,0.0,1.0,0.0,6.0,0.6278065114053729,0.0,0.0,1.0,1.0,24.0,0.6386983629694557,1.0,13.0,0.4158724731051131,2.0,22.0,0.2684999275503044,0.0,0.0,1.0,0.0,0.0,1.0,0.0,0.0,0.8784213505158598,1.0,6.0,0.4815220505592071,0.0,0.0,1.0,0.0,0.0,1.0
3432.0,18,129.0,0.832258064516129,10.288616831810144,155.0,1056.0,6.812903225806451,0.0,0.0,18,162.0,44.0,6.01460419329043,3.951219512195122,3.951219512195122,41.0,5.0,22.0,0.1214512650031706,0.0,0.0,1.0,0.0,0.0,1.0,2.0,16.0,0.4285822309322054,1.0,14.0,0.661195943863086,0.0,0.0,1.0,4.0,13.0,0.1915017044613685,0.0,0.0,1.0,0.0,0.0,1.0,0.0,0.0,1.0,1.0,11.0,0.6552872005672565,0.0,5.0,0.967761043717384,1.0,32.0,0.0,1.0,6.0,0.5228986997451964,2.0,38.0,0.4379601328939381,0.0,1.0,0.9828265443258004,0.0,0.0,1.0,1.0,4.0,3.139047431781747e-05,0.0,0.0,0.387561982660875,0.0,0.0,1.0,0.0,0.0,0.0187726772302271
3440.0,13,119.0,0.7628205128205128,10.581907732545655,156.0,1132.0,7.256410256410256,76.0,0.4871794871794871,11,156.0,0.0,7.078784801943771,4.588235294117647,4.588235294117647,34.0,2.0,25.0,0.2616000948867548,0.0,0.0,1.0,0.0,0.0,0.012069185327434,1.0,10.0,0.7756372892676157,1.0,19.0,0.4908084106056085,0.0,0.0,1.0,3.0,30.0,0.0,0.0,4.0,0.951419503832504,0.0,2.0,0.9050394993206252,0.0,0.0,1.0,1.0,12.0,0.0,0.0,0.0,1.0,1.0,40.0,0.0,0.0,0.0,0.4638093808961001,0.0,0.0,0.9134389500384617,0.0,0.0,1.0,1.0,5.0,0.5293793770496209,0.0,0.0,1.0,1.0,5.0,0.0,0.0,0.0,1.0,0.0,4.0,0.006464400191791
3448.0,14,80.0,0.4938271604938271,10.213425235304827,162.0,1208.0,7.45679012345679,76.0,0.4691358024691358,12,102.0,0.0,6.679112573731201,2.6153846153846154,2.6153846153846154,39.0,2.0,29.0,0.3299734953526948,0.0,0.0,1.0,0.0,0.0,1.0,2.0,9.0,0.4873868570862121,2.0,32.0,0.4231922847695335,0.0,0.0,1.0,0.0,3.0,0.9248401137784834,0.0,1.0,0.6693070553919159,1.0,6.0,0.0002695439595723,0.0,0.0,1.0,0.0,3.0,0.9787482256345758,0.0,0.0,0.5020935888315656,0.0,6.0,0.4755865738727284,0.0,0.0,0.9085836995605392,3.0,4.0,0.1894898488486953,0.0,0.0,1.0,1.0,7.0,0.5925889374027999,0.0,0.0,1.0,0.0,0.0,1.0,1.0,2.0,0.0,0.0,0.0,1.0
3456.0,18,83.0,0.4853801169590643,9.242158200601462,171.0,1211.0,7.081871345029239,3.0,0.0175438596491228,17,117.0,15.0,5.398527573710277,2.5434782608695654,2.5434782608695654,46.0,2.0,6.0,0.2491300426448559,0.0,0.0,1.0,1.0,5.0,0.0064267704265288,6.0,43.0,0.0045070393358011,1.0,7.0,0.0002489396621873,0.0,3.0,0.0077474827542884,0.0,0.0,0.4867449337063666,2.0,10.0,0.4720319708931094,0.0,0.0,1.0,0.0,0.0,1.0,0.0,3.0,0.8731101522102234,0.0,3.0,0.3618102128655122,0.0,3.0,0.3257315611529983,0.0,3.0,0.7101326717912283,1.0,4.0,0.5562068642500355,0.0,0.0,1.0,4.0,26.0,0.305268117099008,0.0,1.0,0.8753136018830644,0.0,0.0,1.0,0.0,0.0,1.0,0.0,0.0,1.0
3464.0,19,157.0,0.907514450867052,9.730230433158145,173.0,1212.0,7.005780346820809,1.0,0.0057803468208092,18,194.0,77.0,6.140962888511455,4.311111111111111,4.311111111111111,45.0,0.0,6.0,0.4483414630358351,0.0,3.0,0.6307910538659545,0.0,0.0,1.0,6.0,83.0,0.0,0.0,3.0,0.7831883160429193,0.0,0.0,0.4974785220709586,1.0,7.0,0.6524234702781616,2.0,36.0,0.567876056151273,0.0,0.0,1.0,0.0,0.0,1.0,0.0,8.0,0.877165353339122,1.0,9.0,5.498621207335778e-06,5.0,15.0,0.0049913269840055,0.0,0.0,0.6186340633273566,0.0,0.0,0.6287352594384767,0.0,0.0,0.237440544988446,2.0,21.0,0.4241314026861933,1.0,3.0,0.0001568187951819,0.0,0.0,1.0,0.0,0.0,1.0,0.0,0.0,1.0
3480.0,7,20.0,0.1111111111111111,11.22160047184996,180.0,1320.0,7.333333333333333,48.0,0.2666666666666666,7,107.0,0.0,9.62137565355908,2.675,2.675,40.0,0.0,12.0,0.6861427322279018,2.0,4.0,0.4192963444266767,0.0,4.0,0.9147434882775206,2.0,44.0,0.3015123986294375,0.0,3.0,0.8706338255890154,0.0,0.0,0.6175132764829251,0.0,0.0,0.934296148420674,1.0,3.0,0.0002894875690349,0.0,0.0,1.0,0.0,0.0,1.0,0.0,7.0,0.907516483794398,0.0,4.0,0.9614714882886014,1.0,14.0,0.6088764827731776,0.0,0.0,1.0,0.0,0.0,0.9663669056908848,0.0,3.0,0.9400996751686514,0.0,0.0,1.0,0.0,0.0,0.2755397873485924,0.0,0.0,0.963813564607981,0.0,4.0,0.9009909309738544,1.0,5.0,0.4974562518128847
3488.0,9,42.0,0.2333333333333333,10.766842890554582,180.0,1273.0,7.072222222222222,0.0,0.0,6,107.0,0.0,9.45394383233751,2.675,2.675,40.0,0.0,3.0,0.496549580734569,0.0,2.0,0.2717085104134572,0.0,0.0,1.0,2.0,60.0,3.5398555794285187e-06,1.0,7.0,0.4993027769839916,0.0,0.0,0.9689183422587504,0.0,7.0,0.9519611511715116,0.0,0.0,1.0,0.0,0.0,0.449937948284287,0.0,0.0,1.0,0.0,5.0,0.7748270722577688,0.0,4.0,0.3315932529306667,1.0,7.0,0.4230993968606711,0.0,0.0,0.9662231733366212,0.0,2.0,0.9241532372255924,0.0,0.0,1.0,1.0,2.0,0.0002573502877281,1.0,5.0,0.0,0.0,0.0,0.9344375377587852,0.0,3.0,0.9496403183175742,0.0,0.0,0.9643394235259436
3496.0,16,72.0,0.4044943820224719,10.309697107131909,178.0,1300.0,7.303370786516854,27.0,0.1516853932584269,15,117.0,10.0,5.43142808626259,2.659090909090909,2.659090909090909,44.0,2.0,10.0,0.3248478891277411,0.0,0.0,1.0,0.0,0.0,1.0,0.0,3.0,0.967881494922045,1.0,3.0,0.4587707597852512,0.0,7.0,0.49832326664294,1.0,13.0,0.3146639747480819,0.0,0.0,0.4921604426139063,0.0,0.0,1.0,0.0,0.0,1.0,1.0,12.0,0.4321958772255346,3.0,25.0,0.2448238466841258,2.0,21.0,0.491131287086236,0.0,0.0,1.0,1.0,4.0,0.5989060400933027,0.0,0.0,1.0,0.0,0.0,1.0,1.0,13.0,0.0,3.0,6.0,0.0028984596304559,0.0,0.0,0.0115440431623073,0.0,0.0,1.0
3504.0,11,79.0,0.4566473988439306,10.168728065644228,173.0,1250.0,7.22543352601156,0.0,0.0,9,128.0,11.0,5.402183714400022,3.45945945945946,3.45945945945946,37.0,0.0,4.0,0.784611926546993,0.0,0.0,1.0,0.0,0.0,1.0,0.0,3.0,0.6055751748929691,0.0,0.0,0.7234883819680307,0.0,0.0,0.3820149014761629,0.0,13.0,0.3801443508530398,1.0,6.0,0.3256041034552591,1.0,2.0,0.0003735806142112,0.0,0.0,1.0,0.0,3.0,0.4297304924092627,0.0,8.0,0.1644221243668466,2.0,34.0,0.4029976742022394,0.0,0.0,0.9813558827048168,2.0,17.0,0.0,0.0,3.0,0.4665781329760504,1.0,4.0,7.03836319896431e-05,2.0,25.0,0.0009117588079526,0.0,6.0,0.3589069326583333,0.0,0.0,1.0,0.0,0.0,1.0
3512.0,11,46.0,0.272189349112426,10.382906139552787,169.0,1225.0,7.2485207100591715,0.0,0.0,10,103.0,0.0,6.045985708144329,3.0294117647058822,3.0294117647058822,34.0,0.0,7.0,0.9379828042308642,0.0,2.0,0.4895927697595154,0.0,0.0,1.0,0.0,2.0,0.6582498293795618,1.0,7.0,0.6413477150706425,0.0,0.0,0.254858854559283,5.0,24.0,0.1654119411293797,1.0,5.0,4.2553642492822925e-05,0.0,0.0,1.0,0.0,0.0,1.0,0.0,6.0,0.1444455380795491,0.0,0.0,1.0,0.0,21.0,0.7202912172371704,0.0,0.0,1.0,0.0,3.0,0.3376274161144014,1.0,9.0,0.0,2.0,17.0,5.1654921457137424e-05,0.0,0.0,1.0,0.0,0.0,0.9891451498008736,0.0,0.0,1.0,0.0,0.0,1.0
3520.0,7,42.0,0.2560975609756097,10.855305551985229,164.0,1242.0,7.573170731707317,17.0,0.1036585365853658,7,113.0,10.0,8.7246610546704,2.5681818181818183,2.5681818181818183,44.0,0.0,13.0,0.6901891499237035,0.0,0.0,0.5749516261210483,1.0,2.0,5.4712311206146384e-05,0.0,19.0,0.3783258769344226,0.0,16.0,0.7692330355942809,0.0,0.0,1.0,1.0,16.0,0.2753095565954183,0.0,9.0,0.9378329889882292,0.0,0.0,1.0,0.0,0.0,0.6748043679558674,0.0,0.0,0.7184087381400501,0.0,0.0,1.0,1.0,4.0,0.5764053045424157,0.0,0.0,1.0,3.0,14.0,0.445793111005855,0.0,0.0,1.0,1.0,20.0,0.4512505491836965,0.0,0.0,1.0,0.0,0.0,1.0,0.0,0.0,1.0,0.0,0.0,1.0
3528.0,11,66.0,0.4,10.48254144972703,165.0,1262.0,7.648484848484848,20.0,0.1212121212121212,10,128.0,15.0,7.913253453839806,2.4150943396226414,2.4150943396226414,53.0,0.0,9.0,0.8276000576880043,1.0,5.0,0.5461415572361275,0.0,0.0,0.2845758224616416,1.0,16.0,0.5209153655753338,2.0,17.0,0.5721440043601246,0.0,1.0,0.7001947996139958,2.0,20.0,0.3019483099090214,0.0,0.0,0.534959610919101,0.0,0.0,1.0,0.0,0.0,0.4633692164442314,0.0,3.0,0.468125231741703,0.0,0.0,1.0,0.0,4.0,0.8638959586377621,0.0,0.0,1.0,3.0,38.0,0.4925178052936581,0.0,0.0,1.0,1.0,8.0,0.4661109008576402,0.0,4.0,0.971742368810583,0.0,0.0,0.976190748319276,0.0,0.0,1.0,0.0,3.0,0.3526939236761263
3536.0,24,149.0,0.9030303030303032,9.30068581184701,165.0,1314.0,7.963636363636364,52.0,0.3151515151515151,23,233.0,105.0,5.606914224822261,4.236363636363636,4.236363636363636,55.0,1.0,5.0,0.015612489328427,2.0,11.0,3.791070283502631e-05,0.0,0.0,1.0,0.0,5.0,0.5803429095085787,7.0,40.0,0.181725812829096,0.0,0.0,0.9943508438370297,5.0,54.0,0.1324590159201254,0.0,14.0,0.9267832391869556,1.0,4.0,0.0065978860901592,0.0,1.0,0.8966669428916718,1.0,4.0,0.6030418064115283,0.0,0.0,1.0,0.0,3.0,0.8762860299958694,0.0,3.0,0.9578571885475852,3.0,62.0,0.0,0.0,0.0,1.0,1.0,14.0,0.469704685754787,1.0,8.0,0.0,1.0,2.0,0.0333573950519469,0.0,0.0,1.0,0.0,3.0,0.5294805354054588
3544.0,12,67.0,0.4085365853658536,10.262391595781908,164.0,1373.0,8.371951219512194,59.0,0.3597560975609756,11,121.0,0.0,4.524192882280298,3.78125,3.78125,32.0,0.0,0.0,1.0,0.0,0.0,1.0,0.0,0.0,1.0,2.0,11.0,0.0003929521486528,4.0,52.0,0.2178061272273379,0.0,0.0,1.0,1.0,11.0,0.2300861492526138,0.0,4.0,0.4921366590033792,0.0,0.0,1.0,0.0,0.0,0.9000111986169594,2.0,12.0,2.692373423289598e-05,0.0,0.0,0.1877928208877483,1.0,4.0,0.2266296524741217,0.0,0.0,0.4715474466501967,0.0,23.0,0.3360857205865309,0.0,0.0,1.0,0.0,0.0,0.9408460246160704,1.0,1.0,0.001701159555041,0.0,3.0,0.9883485807290489,0.0,0.0,0.993324383678154,0.0,0.0,1.0
3552.0,12,83.0,0.488235294117647,10.650154164863787,170.0,1436.0,8.447058823529412,63.0,0.3705882352941176,12,126.0,5.0,5.788668209892342,3.6,3.6,35.0,0.0,3.0,0.9392265357856836,0.0,0.0,0.3514167826243692,0.0,0.0,1.0,0.0,3.0,0.8111170979674781,5.0,80.0,0.0017055609108167,0.0,0.0,1.0,1.0,9.0,0.370749055185627,0.0,0.0,1.0,0.0,0.0,1.0,0.0,0.0,1.0,0.0,4.0,0.7870029140297925,0.0,0.0,0.5557426715561012,0.0,3.0,0.7948349185174914,1.0,6.0,0.44605991010692,1.0,0.0,0.6338801659952098,0.0,4.0,0.5710884419623592,3.0,8.0,0.0775507397174071,0.0,0.0,1.0,0.0,3.0,0.997031309559287,1.0,3.0,6.953619240778231e-05,0.0,0.0,0.1343752019122538
3560.0,12,143.0,0.8313953488372093,11.02301827694328,172.0,1410.0,8.19767441860465,0.0,0.0,12,184.0,58.0,7.877693642550623,4.27906976744186,4.27906976744186,43.0,0.0,2.0,0.9563191119807268,0.0,0.0,0.613237924295342,0.0,0.0,1.0,0.0,0.0,1.0,3.0,83.0,0.2301085896549599,1.0,5.0,0.5009814135343608,1.0,17.0,0.1724653922171117,0.0,10.0,0.9207183152500644,0.0,0.0,1.0,0.0,1.0,0.9789652308119642,0.0,1.0,0.8141645020202288,0.0,0.0,1.0,0.0,3.0,0.6523282248251399,0.0,6.0,0.8476751444323041,0.0,0.0,0.7665776862392563,0.0,0.0,1.0,6.0,49.0,0.1374291022106192,1.0,4.0,0.00195788392397,0.0,3.0,0.4922870169917005,0.0,0.0,1.0,0.0,0.0,1.0
3576.0,16,34.0,0.1942857142857142,9.744628187401329,175.0,1404.0,8.022857142857143,50.0,0.2857142857142857,12,140.0,0.0,5.415557136998573,3.333333333333333,3.333333333333333,42.0,0.0,0.0,0.4479331118498797,4.0,13.0,0.2982049810951351,1.0,4.0,9.72622697835636e-05,0.0,6.0,0.8115199110977651,1.0,43.0,0.3209795352895249,2.0,11.0,0.1860991214093615,2.0,3.0,0.0120411998427743,1.0,5.0,0.0001334800641511,0.0,0.0,1.0,0.0,2.0,0.6392321028007301,0.0,0.0,0.9520393415795104,0.0,0.0,1.0,0.0,3.0,0.7578808485949958,0.0,0.0,1.0,0.0,1.0,0.5797936959242809,0.0,0.0,1.0,0.0,44.0,0.0955894678749492,0.0,3.0,0.0048589989694964,1.0,2.0,0.0663329370848912,0.0,0.0,1.0,0.0,0.0,1.0
3600.0,16,134.0,0.8121212121212121,10.141395676338083,165.0,1522.0,9.224242424242425,99.0,0.6,14,215.0,6.0,4.979914044567965,5.972222222222222,5.972222222222222,36.0,1.0,14.0,0.478767222735485,0.0,0.0,0.5119095231279667,0.0,3.0,0.2485387101813289,4.0,61.0,0.2883501625579907,3.0,58.0,0.091748491778201,2.0,8.0,4.377445045960458e-06,1.0,8.0,0.3864776102850726,0.0,10.0,0.9351123767629762,0.0,0.0,1.0,0.0,0.0,1.0,1.0,3.0,2.4649145828340293e-05,1.0,3.0,0.0080129566408533,0.0,0.0,0.9656564718055846,0.0,0.0,1.0,0.0,0.0,0.939008121223314,0.0,0.0,1.0,0.0,35.0,0.0824353108918951,0.0,0.0,1.0,0.0,0.0,1.0,0.0,0.0,1.0,1.0,12.0,0.0
