step,system_total_stopped,system_total_waiting_time,system_mean_waiting_time,system_mean_speed,system_cars_present,system_accumulated_waiting_time (100),system_accumulated_mean_waiting_time (100),system_accumulated_waiting_time (delta),system_accumulated_mean_waiting_time (delta),agents_total_stopped,agents_total_accumulated_waiting_time (100),agents_total_accumulated_waiting_time (delta),agents_mean_speed,agents_mean_waiting_time (100),agents_mean_waiting_time (delta),agents_cars_present,Ing21_1_stopped,Ing21_1_accumulated_waiting_time,Ing21_1_average_speed,Ing21_10_stopped,Ing21_10_accumulated_waiting_time,Ing21_10_average_speed,Ing21_11_stopped,Ing21_11_accumulated_waiting_time,Ing21_11_average_speed,Ing21_12_stopped,Ing21_12_accumulated_waiting_time,Ing21_12_average_speed,Ing21_13_stopped,Ing21_13_accumulated_waiting_time,Ing21_13_average_speed,Ing21_14_stopped,Ing21_14_accumulated_waiting_time,Ing21_14_average_speed,Ing21_15_stopped,Ing21_15_accumulated_waiting_time,Ing21_15_average_speed,Ing21_16_stopped,Ing21_16_accumulated_waiting_time,Ing21_16_average_speed,Ing21_17_stopped,Ing21_17_accumulated_waiting_time,Ing21_17_average_speed,Ing21_18_stopped,Ing21_18_accumulated_waiting_time,Ing21_18_average_speed,Ing21_19_stopped,Ing21_19_accumulated_waiting_time,Ing21_19_average_speed,Ing21_2_stopped,Ing21_2_accumulated_waiting_time,Ing21_2_average_speed,Ing21_20_stopped,Ing21_20_accumulated_waiting_time,Ing21_20_average_speed,Ing21_21_stopped,Ing21_21_accumulated_waiting_time,Ing21_21_average_speed,Ing21_3_stopped,Ing21_3_accumulated_waiting_time,Ing21_3_average_speed,Ing21_4_stopped,Ing21_4_accumulated_waiting_time,Ing21_4_average_speed,Ing21_5_stopped,Ing21_5_accumulated_waiting_time,Ing21_5_average_speed,Ing21_6_stopped,Ing21_6_accumulated_waiting_time,Ing21_6_average_speed,Ing21_7_stopped,Ing21_7_accumulated_waiting_time,Ing21_7_average_speed,Ing21_8_stopped,Ing21_8_accumulated_waiting_time,Ing21_8_average_speed,Ing21_9_stopped,Ing21_9_accumulated_waiting_time,Ing21_9_average_speed
8.0,0.0,0.0,0.0,5.385841883469506,7.0,0.0,0.0,0.0,0.0,0.0,0.0,0.0,4.297955112950876,0.0,0.0,3.0,0,0.0,0.0957988610524594,0,0.0,1.0,0,0.0,1.0,0,0.0,1.0,0,0.0,1.0,0,0.0,1.0,0,0.0,1.0,0,0.0,1.0,0,0.0,1.0,0,0.0,1.0,0,0.0,1.0,0,0.0,1.0,0,0.0,0.089232752028899,0,0.0,0.7423189015029099,0,0.0,1.0,0,0.0,1.0,0,0.0,1.0,0,0.0,1.0,0,0.0,1.0,0,0.0,1.0,0.0,0.0,1.0
16.0,0.0,0.0,0.0,8.84077581745391,13.0,0.0,0.0,0.0,0.0,0.0,0.0,0.0,8.293875923004281,0.0,0.0,6.0,0,0.0,0.9623051543469672,0,0.0,1.0,0,0.0,1.0,0,0.0,1.0,0,0.0,1.0,0,0.0,1.0,0,0.0,1.0,0,0.0,1.0,0,0.0,1.0,0,0.0,1.0,0,0.0,1.0,0,0.0,1.0,0,0.0,0.4711038312162219,0,0.0,0.515365595731796,0,0.0,0.2075781340822134,0,0.0,1.0,0,0.0,1.0,0,0.0,1.0,0,0.0,1.0,0,0.0,0.9024001290827544,0.0,0.0,1.0
24.0,3.0,3.0,0.15,8.313404944300899,20.0,6.0,0.3,6.0,0.3,2.0,6.0,6.0,8.242045519335951,0.6666666666666666,0.6666666666666666,9.0,0,0.0,1.0,0,0.0,1.0,0,0.0,1.0,0,0.0,1.0,0,0.0,1.0,0,0.0,1.0,0,0.0,1.0,0,0.0,1.0,0,0.0,1.0,0,0.0,1.0,0,3.0,0.5649250497475906,0,0.0,1.0,2,3.0,0.2458436876192839,0,0.0,0.7510503051495262,0,0.0,0.7788316112182633,0,0.0,1.0,0,0.0,1.0,0,0.0,1.0,0,0.0,1.0,0,0.0,1.0,0.0,0.0,1.0
32.0,1.0,0.0,0.0,8.7967768993451,26.0,17.0,0.6538461538461539,11.0,0.4230769230769231,0.0,7.0,1.0,7.822781829890571,0.7,0.7,10.0,0,0.0,1.0,0,0.0,1.0,0,0.0,1.0,0,0.0,1.0,0,0.0,1.0,0,0.0,1.0,0,0.0,1.0,0,0.0,1.0,0,0.0,1.0,0,0.0,1.0,0,3.0,0.9723379134045816,0,0.0,1.0,0,4.0,0.1593328814306937,0,0.0,0.6667070364265015,0,0.0,0.5848672156427023,0,0.0,1.0,0,0.0,1.0,0,0.0,1.0,0,0.0,1.0,0,0.0,1.0,0.0,0.0,1.0
40.0,0.0,0.0,0.0,11.274771737424608,31.0,17.0,0.5483870967741935,0.0,0.0,0.0,7.0,0.0,11.95965674877805,0.5,0.5,14.0,0,0.0,1.0,0,0.0,1.0,0,0.0,1.0,0,0.0,1.0,0,0.0,1.0,0,0.0,0.8398921947532414,0,0.0,1.0,0,0.0,1.0,0,0.0,1.0,0,0.0,1.0,0,7.0,0.8678330352894136,0,0.0,1.0,0,0.0,0.6189431868622569,0,0.0,0.5833206076918722,0,0.0,0.95128087042209,0,0.0,1.0,0,0.0,0.9568495329851728,0,0.0,0.9260210574175364,0,0.0,1.0,0,0.0,1.0,0.0,0.0,1.0
48.0,5.0,8.0,0.1951219512195122,8.636780541147928,41.0,25.0,0.6097560975609756,8.0,0.1951219512195122,3.0,8.0,1.0,7.432937681905191,0.4444444444444444,0.4444444444444444,18.0,0,0.0,1.0,1,0.0,0.0,0,0.0,1.0,0,0.0,1.0,0,0.0,1.0,0,0.0,1.0,0,0.0,1.0,0,0.0,1.0,0,0.0,1.0,0,0.0,1.0,0,0.0,0.6580037875004775,0,0.0,0.9899131327829936,2,8.0,0.042667122036832,0,0.0,0.7673279789237868,0,0.0,0.5237239564673856,0,0.0,1.0,0,0.0,1.0,0,0.0,1.0,0,0.0,1.0,0,0.0,1.0,0.0,0.0,0.9350105424460378
56.0,3.0,7.0,0.1627906976744186,9.874785743877446,43.0,53.0,1.2325581395348837,28.0,0.6511627906976745,1.0,16.0,8.0,8.548416856382952,1.0666666666666669,1.0666666666666669,15.0,0,0.0,0.9672753593318244,0,0.0,0.9262867704464398,0,0.0,1.0,0,0.0,1.0,0,0.0,1.0,0,0.0,1.0,0,0.0,1.0,0,0.0,1.0,0,0.0,0.0411002230508168,0,0.0,1.0,0,0.0,0.5836929952719023,0,0.0,1.0,0,14.0,0.169792050065956,1,2.0,0.2144729812174215,0,0.0,0.9619051724989052,0,0.0,0.9904106579614292,0,0.0,1.0,0,0.0,1.0,0,0.0,1.0,0,0.0,1.0,0.0,0.0,0.9225878877051644
64.0,3.0,7.0,0.1320754716981132,9.962918382116404,53.0,72.0,1.3584905660377358,19.0,0.3584905660377358,3.0,21.0,5.0,9.44263953587089,1.3125,1.3125,16.0,1,0.0,0.5115897924243719,1,4.0,5.75882942334018e-05,0,0.0,1.0,0,0.0,1.0,0,0.0,1.0,0,0.0,1.0,0,0.0,1.0,0,0.0,1.0,0,0.0,1.0,0,0.0,1.0,0,7.0,0.9440364356858504,0,0.0,0.843425061823748,0,4.0,0.5893057820643133,1,6.0,0.2900178713735211,0,0.0,1.0,0,0.0,1.0,0,0.0,1.0,0,0.0,1.0,0,0.0,1.0,0,0.0,1.0,0.0,0.0,1.0
72.0,1.0,12.0,0.1904761904761904,11.173247920721447,63.0,84.0,1.3333333333333333,12.0,0.1904761904761904,1.0,15.0,0.0,11.140940070484367,0.8333333333333334,0.8333333333333334,18.0,0,0.0,0.7108852741492943,1,12.0,0.0,0,0.0,1.0,0,0.0,1.0,0,0.0,1.0,0,0.0,1.0,0,0.0,1.0,0,0.0,1.0,0,0.0,1.0,0,0.0,1.0,0,3.0,0.9072103301662516,0,0.0,1.0,0,0.0,0.8947372163223652,0,0.0,0.4290912011173324,0,0.0,1.0,0,0.0,1.0,0,0.0,1.0,0,0.0,0.927095785281124,0,0.0,1.0,0,0.0,1.0,0.0,0.0,1.0
80.0,14.0,51.0,0.6623376623376623,8.503188702784104,77.0,123.0,1.5974025974025974,39.0,0.5064935064935064,12.0,60.0,45.0,4.255322912672415,2.2222222222222223,2.2222222222222223,27.0,2,7.0,0.3077021491458475,1,20.0,0.0,0,0.0,1.0,0,0.0,1.0,0,0.0,1.0,0,0.0,1.0,0,0.0,1.0,0,0.0,1.0,0,0.0,1.0,0,0.0,1.0,3,12.0,0.3010532613852525,0,0.0,1.0,2,8.0,0.2364102493696858,3,13.0,0.0540864426541154,1,0.0,0.0,0,0.0,0.94315940768537,0,0.0,0.0497619908638619,0,0.0,0.920851972407248,0,0.0,1.0,0,0.0,1.0,0.0,0.0,1.0
88.0,9.0,47.0,0.5595238095238095,9.793630352763902,84.0,209.0,2.488095238095238,86.0,1.0238095238095235,9.0,73.0,13.0,6.956301263064385,3.0416666666666665,3.0416666666666665,24.0,1,5.0,0.6146066887540745,0,0.0,1.0,0,0.0,1.0,0,0.0,1.0,0,0.0,1.0,0,0.0,1.0,0,0.0,0.9232178506171264,0,0.0,0.7044301588833884,0,0.0,1.0,0,0.0,0.9205837128104138,2,22.0,0.262102796006602,0,0.0,0.7315616115584834,5,42.0,2.5191245641842435e-05,0,4.0,0.4807627996153941,1,0.0,0.4024916097600119,0,0.0,1.0,0,0.0,1.0,0,0.0,1.0,0,0.0,1.0,0,0.0,1.0,0.0,0.0,1.0
96.0,3.0,10.0,0.1136363636363636,9.887518874286444,88.0,246.0,2.7954545454545454,37.0,0.4204545454545454,3.0,60.0,0.0,6.916085778423121,2.4,2.4,25.0,0,0.0,0.421089947112845,0,0.0,1.0,1,2.0,0.0003037190774121,0,0.0,1.0,0,0.0,1.0,0,0.0,1.0,0,0.0,0.961711541420704,0,0.0,1.0,0,0.0,1.0,0,0.0,0.4568286850629423,0,10.0,0.4736537572928364,1,6.0,0.0,0,40.0,0.1203906530224488,0,0.0,1.0,0,0.0,0.9616825115520816,0,0.0,1.0,0,0.0,0.6276096835155175,0,0.0,0.8691248302292418,0,0.0,1.0,1,2.0,0.029589465825066,0.0,0.0,1.0
104.0,3.0,13.0,0.1368421052631579,10.389628697319786,95.0,267.0,2.810526315789473,21.0,0.2210526315789473,3.0,29.0,0.0,8.74792079843206,1.1153846153846154,1.1153846153846154,26.0,0,0.0,0.7023767691833817,0,0.0,1.0,1,10.0,0.0675640620723268,0,0.0,1.0,0,0.0,1.0,0,0.0,1.0,0,0.0,1.0,1,2.0,0.0008314322936096,0,0.0,1.0,0,0.0,0.9359920559957962,0,7.0,0.9225257447898052,0,0.0,0.9626152549802928,0,9.0,0.4037649716012519,0,0.0,1.0,0,0.0,0.62357475105782,0,0.0,1.0,0,0.0,1.0,0,0.0,0.7065049197408699,0,0.0,1.0,0,0.0,1.0,1.0,1.0,0.4386530946454799
112.0,9.0,34.0,0.3505154639175257,10.474365865786403,97.0,308.0,3.1752577319587627,41.0,0.422680412371134,9.0,42.0,13.0,7.213474185263266,1.4482758620689655,1.4482758620689655,29.0,1,6.0,0.471610751703517,0,3.0,0.6471796147631156,1,8.0,0.0,0,0.0,0.925035353559946,0,0.0,1.0,0,0.0,1.0,0,2.0,0.9704043865719724,1,10.0,0.0,0,0.0,1.0,2,3.0,0.1281939010720094,0,0.0,0.8838337854399234,1,1.0,0.0008268456832245,0,0.0,1.0,0,0.0,1.0,1,2.0,0.4126242041604627,0,0.0,1.0,0,0.0,0.9778736259539432,2,7.0,0.0072731501449391,0,0.0,1.0,0,0.0,1.0,0.0,0.0,0.9637352531252108
120.0,8.0,63.0,0.63,10.66144712897642,100.0,378.0,3.78,70.0,0.7,8.0,72.0,30.0,7.108378215613545,3.0,3.0,24.0,1,14.0,0.2431910828334554,0,0.0,1.0,0,0.0,1.0,1,1.0,0.6420213378426136,0,0.0,1.0,0,0.0,0.3071412875388393,0,0.0,1.0,0,0.0,1.0,0,0.0,1.0,0,3.0,0.5413562555568165,0,0.0,0.6747686239549994,0,0.0,0.865488939686873,0,0.0,1.0,0,0.0,1.0,1,10.0,0.6911682418298952,0,0.0,1.0,1,3.0,0.4717076878721796,4,38.0,1.793474287942377e-06,0,0.0,1.0,0,0.0,1.0,0.0,3.0,0.9629683588684496
128.0,6.0,55.0,0.5339805825242718,11.215351252591171,103.0,413.0,4.009708737864078,35.0,0.3398058252427184,5.0,89.0,17.0,6.514871581323223,4.944444444444445,4.944444444444445,18.0,1,19.0,0.3977228200343428,0,0.0,1.0,0,0.0,1.0,2,15.0,0.3539829618892656,0,0.0,1.0,1,6.0,0.0,0,0.0,1.0,0,0.0,1.0,0,0.0,1.0,0,0.0,1.0,0,0.0,1.0,0,0.0,1.0,0,0.0,1.0,0,0.0,1.0,1,18.0,0.4144638189082036,0,0.0,1.0,0,0.0,0.5556471161751119,0,26.0,0.5011555281735064,0,0.0,1.0,0,0.0,1.0,0.0,5.0,0.9474641513908046
136.0,6.0,45.0,0.4090909090909091,10.819475879637366,110.0,455.0,4.136363636363637,42.0,0.3818181818181818,6.0,55.0,0.0,7.482422522502031,2.2916666666666665,2.2916666666666665,24.0,2,34.0,0.3261117465990255,1,0.0,0.0,0,0.0,1.0,1,10.0,0.5235714843004324,0,0.0,0.185873272472778,0,0.0,0.0202520780901403,0,6.0,0.977903476416406,0,0.0,1.0,0,0.0,1.0,0,0.0,0.9101370875760922,0,0.0,1.0,0,0.0,0.5798344868259475,0,0.0,0.6090434114997543,0,0.0,1.0,0,0.0,0.1290268518027002,0,0.0,1.0,1,3.0,0.6969265225713173,1,2.0,0.4043786748683022,0,0.0,1.0,0,0.0,1.0,0.0,0.0,1.0
144.0,11.0,82.0,0.6949152542372882,10.435407385789288,118.0,501.0,4.245762711864407,46.0,0.3898305084745763,10.0,91.0,36.0,6.215438167752368,3.25,3.25,28.0,2,50.0,0.1854696990549195,1,0.0,0.4823096158837425,0,0.0,1.0,1,3.0,0.515212008562691,0,3.0,0.6853655587151232,1,7.0,0.4729214963079625,0,0.0,1.0,0,0.0,1.0,0,0.0,1.0,0,0.0,0.9409869068322574,0,0.0,0.6893429153418937,1,5.0,0.4082428562001854,2,4.0,0.1206021095327598,0,0.0,1.0,0,0.0,0.9196038796509056,0,3.0,0.3478586800950654,0,0.0,0.8494197172076947,2,16.0,0.0673593458663547,0,0.0,1.0,0,0.0,1.0,0.0,0.0,1.0
152.0,12.0,45.0,0.3688524590163934,10.033049158055086,122.0,555.0,4.549180327868853,54.0,0.4426229508196721,12.0,63.0,0.0,6.167582817590327,2.333333333333333,2.333333333333333,27.0,0,0.0,0.9275573490651936,1,4.0,0.6012536202143038,0,0.0,1.0,3,17.0,0.2499779919649866,2,11.0,4.392400807750212e-05,1,3.0,0.0005754159395317,0,0.0,0.8783712521710784,0,0.0,1.0,0,0.0,1.0,0,0.0,1.0,0,3.0,0.6623000113470439,1,3.0,4.7975734536353326e-05,0,5.0,0.4032777860233202,0,0.0,1.0,0,0.0,0.9389383456825774,0,0.0,1.0,1,5.0,0.0,2,11.0,1.278416715323507e-05,0,0.0,1.0,0,0.0,1.0,1.0,1.0,0.6273112544428328
160.0,8.0,38.0,0.2945736434108527,10.466692539478544,129.0,594.0,4.604651162790698,39.0,0.3023255813953488,7.0,59.0,0.0,7.16165891353236,1.9666666666666663,1.9666666666666663,30.0,1,9.0,0.3124040187733495,3,16.0,0.0004347549317775,0,0.0,1.0,0,4.0,0.2705554359145792,0,3.0,0.7065428923197389,0,0.0,1.0,0,3.0,0.9595355072152132,0,0.0,0.9011380423816976,0,0.0,1.0,0,0.0,0.9052064655132316,0,7.0,0.8036171933212977,0,0.0,1.0,0,0.0,1.0,0,0.0,1.0,1,0.0,0.3551755650329653,0,0.0,1.0,1,14.0,0.4184220157670685,0,0.0,0.9140169863595934,1,3.0,0.4700969952627782,0,0.0,1.0,0.0,0.0,0.4510643990126965
168.0,14.0,36.0,0.2666666666666666,10.337796092015203,135.0,657.0,4.866666666666666,63.0,0.4666666666666667,12.0,59.0,0.0,6.162399688849611,2.107142857142857,2.107142857142857,28.0,1,8.0,0.4773443546467135,0,6.0,0.3523586001918799,0,0.0,1.0,3,13.0,0.2351196911298169,2,13.0,0.3230972178631633,1,3.0,0.4879397753865551,0,0.0,1.0,1,1.0,0.0073626849755281,0,0.0,1.0,2,7.0,0.1099223260251947,0,0.0,0.6962627153626405,0,0.0,1.0,0,0.0,1.0,0,0.0,1.0,0,0.0,0.8166901109983191,0,0.0,1.0,0,0.0,1.0,2,8.0,0.0008751424599126,0,0.0,0.8857661456056883,0,0.0,1.0,0.0,0.0,0.9460346172431322
176.0,8.0,38.0,0.2733812949640288,10.156503029138795,139.0,719.0,5.172661870503597,62.0,0.4460431654676259,7.0,68.0,9.0,6.366356384640124,2.6153846153846154,2.6153846153846154,26.0,0,3.0,0.4030216619523969,1,10.0,0.0117779080818291,0,0.0,1.0,0,6.0,0.6192455353502053,0,6.0,0.9180856873877988,2,14.0,5.398470602689908e-05,0,0.0,1.0,0,0.0,0.9697585608900658,0,0.0,1.0,1,11.0,0.1628938775764861,0,0.0,1.0,0,0.0,1.0,0,0.0,1.0,0,0.0,1.0,0,0.0,0.9404850010903664,0,0.0,1.0,0,0.0,1.0,2,13.0,0.0119883787604183,1,5.0,0.0,0,0.0,1.0,0.0,0.0,0.4742962043156981
192.0,9.0,42.0,0.2763157894736842,10.729940951435026,152.0,839.0,5.519736842105263,65.0,0.4276315789473684,9.0,102.0,32.0,7.179067500626012,3.0,3.0,34.0,1,4.0,0.0052774944292916,2,27.0,0.0019976416450804,0,0.0,1.0,0,0.0,0.763507498279326,3,25.0,0.3194676996773356,0,0.0,1.0,0,4.0,0.9568753571396954,0,0.0,1.0,0,0.0,1.0,0,23.0,0.177445277929804,0,0.0,0.5681439983022814,0,0.0,1.0,0,3.0,0.6006283742478725,0,0.0,1.0,0,0.0,0.7227214227770111,0,0.0,0.9727492423546042,0,0.0,1.0,2,12.0,0.517263071033278,0,0.0,1.0,1,4.0,0.4798313293753359,0.0,0.0,0.967115503054378
200.0,10.0,63.0,0.39375,10.9126525352887,160.0,906.0,5.6625,67.0,0.41875,10.0,88.0,0.0,8.829081557379812,2.1463414634146343,2.1463414634146343,41.0,0,3.0,0.9737822008718326,1,9.0,0.4529905331628927,1,4.0,0.0002671112067327,2,6.0,0.3209867261134674,4,37.0,0.3690101155926793,0,0.0,1.0,0,0.0,0.9295086325717942,0,0.0,0.9241719747587676,0,0.0,0.8040599396429727,0,0.0,1.0,0,2.0,0.974461408712496,0,0.0,1.0,0,3.0,0.8245346881738224,0,0.0,1.0,0,0.0,0.7068108545049553,0,0.0,0.9562966096160024,0,0.0,0.759883183693495,0,8.0,0.4087757458181454,0,0.0,0.3613035652343621,1,14.0,0.4920124263405506,1.0,2.0,0.0004312279969873
208.0,12.0,114.0,0.7125,10.7655214977022,160.0,979.0,6.11875,73.0,0.45625,12.0,137.0,49.0,6.63065069833728,3.8055555555555554,3.8055555555555554,36.0,1,5.0,0.0001507641693861,1,4.0,9.57716539639632e-05,0,3.0,0.78362374878632,2,22.0,0.0045095781893415,4,71.0,0.4057992503052104,0,0.0,1.0,0,0.0,1.0,0,2.0,0.6424521572860721,1,4.0,2.533160057998754e-05,0,0.0,1.0,0,0.0,0.9576735456907828,0,0.0,1.0,0,0.0,0.6730975990357853,0,0.0,1.0,0,0.0,0.7551773428028872,0,0.0,1.0,1,4.0,0.411934892196541,1,10.0,0.4672377905472526,0,0.0,0.9049616065047068,1,8.0,0.0,0.0,4.0,0.8617828376540297
216.0,7.0,32.0,0.2,10.352377088953729,160.0,990.0,6.1875,11.0,0.06875,7.0,62.0,0.0,6.5939383040200985,1.6756756756756757,1.6756756756756757,37.0,0,0.0,1.0,0,0.0,0.886863178507034,0,6.0,0.5829740669276331,0,12.0,0.654192457803531,0,3.0,0.8520166973525265,0,0.0,1.0,1,2.0,7.048003834737027e-05,0,0.0,0.0363317034815976,0,0.0,1.0,0,0.0,1.0,0,0.0,0.6500447647735382,0,0.0,1.0,0,0.0,0.2859609683249237,0,0.0,1.0,0,0.0,0.5186735389673874,0,0.0,0.9970648117003388,2,6.0,0.2271001182974065,3,26.0,0.1503095622787313,0,0.0,0.9066320469967516,0,0.0,1.0,1.0,7.0,0.4937831676804785
224.0,12.0,63.0,0.391304347826087,10.812932410625772,161.0,1045.0,6.490683229813665,55.0,0.3416149068322981,10.0,81.0,19.0,7.377392864596688,2.131578947368421,2.131578947368421,38.0,0,0.0,0.4968289467668354,0,0.0,1.0,3,11.0,0.0010030688773433,2,16.0,0.0002105645435112,0,4.0,0.8283520339289518,0,0.0,1.0,0,3.0,0.9786761339028904,0,0.0,0.9279208087091414,0,0.0,1.0,0,0.0,1.0,0,3.0,0.9499403700560094,0,0.0,0.8324447554531921,0,0.0,0.5747726649285564,0,0.0,0.9533213524213754,0,0.0,0.5305620344642065,0,0.0,1.0,0,4.0,0.6132605174580973,4,37.0,0.1589563396716771,1,3.0,8.032232823281087e-05,0,0.0,1.0,0.0,0.0,0.9387833089822444
232.0,17.0,102.0,0.6375,10.550786074442469,160.0,1108.0,6.925,63.0,0.39375,16.0,139.0,58.0,4.931587543529584,4.633333333333334,4.633333333333334,30.0,2,10.0,0.2878132502060923,0,0.0,1.0,3,35.0,0.0,2,32.0,0.0,3,17.0,0.3593972395421829,0,0.0,1.0,0,0.0,1.0,0,0.0,1.0,0,0.0,1.0,0,0.0,1.0,0,0.0,1.0,0,0.0,1.0,3,9.0,0.2390272289753736,0,0.0,1.0,0,0.0,0.8429528525379277,0,0.0,1.0,3,13.0,0.1763839500438494,0,20.0,0.5215901711927212,0,0.0,1.0,0,0.0,1.0,0.0,3.0,0.9650111347705286
240.0,14.0,90.0,0.5660377358490566,10.471123432582266,159.0,1133.0,7.1257861635220126,25.0,0.1572327044025157,11.0,133.0,0.0,7.877528422792566,3.8,3.8,35.0,2,26.0,0.6058421239430151,0,3.0,0.6679684867777228,0,0.0,0.9936032858137408,1,25.0,0.2520628449138902,4,38.0,0.0760048730794991,0,0.0,1.0,0,0.0,0.9086964363327488,0,0.0,1.0,0,0.0,1.0,0,0.0,1.0,0,3.0,0.6857173003172924,0,0.0,0.9303196629606354,1,4.0,0.0,0,0.0,1.0,1,6.0,0.6215480797177717,0,0.0,0.3495494071057404,0,0.0,0.618394452757324,2,28.0,0.0002431029230375,0,0.0,1.0,0,0.0,1.0,0.0,0.0,0.9131038646085106
248.0,19.0,118.0,0.6900584795321637,9.641316915244287,171.0,1236.0,7.228070175438597,103.0,0.6023391812865497,17.0,173.0,40.0,4.939903244062323,4.219512195121951,4.219512195121951,41.0,3,50.0,0.5013652245408539,2,13.0,0.0005445182762725,0,3.0,0.1667608547095428,3,45.0,3.0754385383425618e-06,1,9.0,1.6130345754219502e-05,1,3.0,0.0008069685888807,2,4.0,0.0021639620118408,1,2.0,0.0002832572424136,1,4.0,8.993249991366171e-05,0,0.0,1.0,0,6.0,0.7522587919397122,0,0.0,1.0,0,0.0,1.0,0,7.0,0.8352970894329074,1,4.0,0.438827859842485,0,0.0,1.0,2,8.0,0.0,0,15.0,0.1878995174208608,0,0.0,0.1338432219776179,0,0.0,1.0,0.0,0.0,0.6272954102225552
256.0,18.0,133.0,0.76,10.152924232790086,175.0,1327.0,7.582857142857143,91.0,0.52,16.0,190.0,17.0,5.549819163020299,5.277777777777778,5.277777777777778,36.0,5,55.0,0.0922941116181739,2,29.0,0.0,0,0.0,1.0,2,31.0,0.2795616390552946,1,17.0,0.4638488825175276,0,0.0,0.928114879466764,0,0.0,0.3998808530202308,1,10.0,0.0,0,0.0,1.0,0,0.0,1.0,2,9.0,0.2109554580292817,0,0.0,1.0,0,0.0,1.0,0,0.0,1.0,0,0.0,0.8414841360766064,0,4.0,0.1541032972339021,0,0.0,0.9507616392484398,3,35.0,0.1881131279305164,0,0.0,1.0,0,0.0,1.0,0.0,0.0,1.0
264.0,14.0,115.0,0.6388888888888888,10.547720755352485,180.0,1411.0,7.838888888888889,84.0,0.4666666666666667,12.0,159.0,0.0,6.864722321068349,4.184210526315789,4.184210526315789,38.0,4,70.0,0.3226111912723601,0,0.0,1.0,1,7.0,0.0001828910978366,0,1.0,0.5182593228443476,1,5.0,0.4683524368380222,1,4.0,0.5820268051629286,0,3.0,0.9714382077932956,0,0.0,1.0,0,0.0,1.0,0,0.0,1.0,1,18.0,0.4246217757631542,0,3.0,0.0336048414274671,0,3.0,0.7446727528374253,0,0.0,1.0,0,0.0,0.8173600067297189,0,0.0,1.0,1,2.0,5.489255224634414e-05,2,42.0,0.0,0,0.0,1.0,0,0.0,1.0,1.0,1.0,0.4282713743838282
272.0,16.0,153.0,0.8453038674033149,10.368005479744514,181.0,1390.0,7.679558011049724,0.0,0.0,14.0,208.0,49.0,6.605562477740665,4.727272727272728,4.727272727272728,44.0,4,102.0,0.3144356423354673,0,0.0,1.0,1,15.0,0.3588859390734706,0,0.0,0.9551023344307794,2,18.0,0.1290395183976281,1,5.0,0.1566673234254998,0,3.0,0.9833418970729364,2,6.0,0.0007046363720339,0,0.0,1.0,0,0.0,1.0,1,8.0,0.0,2,12.0,0.0013685370643074,1,12.0,0.515413058025854,0,0.0,0.729664610294871,0,0.0,0.6206879684211647,0,0.0,1.0,0,0.0,1.0,0,24.0,0.765950001061813,0,0.0,0.9116638801330912,0,3.0,0.9537418372739256,0.0,0.0,1.0
280.0,19.0,209.0,1.1546961325966851,10.610659218245685,181.0,1472.0,8.132596685082873,82.0,0.4530386740331492,19.0,275.0,67.0,6.838383898986175,5.851063829787234,5.851063829787234,47.0,7,143.0,0.1187092022872848,0,0.0,1.0,1,4.0,0.0001112607608519,1,1.0,0.5757862261593193,3,48.0,0.4852866255156405,1,8.0,0.0,0,0.0,0.9835238898757124,0,0.0,1.0,0,0.0,1.0,0,0.0,1.0,0,6.0,0.657751822094478,0,10.0,0.2629612621401847,0,6.0,0.5849651535098657,1,5.0,0.1431485894678017,0,0.0,0.9123291646740158,0,3.0,0.9829362611833496,0,0.0,1.0,5,41.0,0.0708596719335358,0,0.0,0.8286171903463406,0,0.0,0.9352996244430384,0.0,0.0,1.0
288.0,18.0,229.0,1.2937853107344632,10.13546627206201,177.0,1456.0,8.225988700564972,0.0,0.0,17.0,323.0,48.0,7.001756860988694,5.47457627118644,5.47457627118644,59.0,4,186.0,0.4449805747215004,0,0.0,1.0,1,4.0,0.003653288577754,4,23.0,0.4268939703779022,1,25.0,0.7640551235288762,1,16.0,0.4109446446844003,0,5.0,0.8824048718388692,0,0.0,0.7427649160649388,0,0.0,1.0,0,0.0,1.0,1,13.0,0.67575611802339,2,12.0,0.0031960283641881,0,10.0,0.783481929601723,1,6.0,0.0,1,1.0,0.3557995612286703,0,0.0,1.0,0,6.0,0.2757355684480357,0,11.0,0.3302636995050305,1,5.0,0.4811922936039091,0,0.0,1.0,0.0,0.0,1.0
296.0,23.0,237.0,1.3093922651933705,10.063113044864208,181.0,1607.0,8.878453038674033,151.0,0.8342541436464088,22.0,322.0,0.0,5.7195561902081415,6.44,6.44,50.0,7,187.0,0.132385664936565,0,0.0,1.0,0,3.0,0.9707873498036234,2,32.0,0.3154599356538752,0,10.0,0.9549702418228064,0,0.0,0.955286687399486,0,2.0,0.5862814178367243,0,0.0,0.9601074774655448,0,0.0,1.0,0,0.0,1.0,0,2.0,0.9552326625365056,2,13.0,0.0815714989324504,1,5.0,0.2788383259975957,0,0.0,0.9212438687570668,2,13.0,0.3785254674015885,0,0.0,1.0,5,28.0,0.0016872898676581,2,22.0,0.3237628852830499,1,5.0,0.3965753864188313,0,0.0,1.0,0.0,0.0,1.0
304.0,17.0,99.0,0.5561797752808989,10.073336242760602,178.0,1633.0,9.174157303370787,26.0,0.146067415730337,15.0,233.0,0.0,6.413762170948762,4.480769230769231,4.480769230769231,52.0,1,47.0,0.3753808709706146,0,0.0,1.0,1,7.0,9.441965401632217e-06,4,39.0,0.4276651778236513,0,6.0,0.904554706067758,0,0.0,1.0,1,6.0,0.0,0,3.0,0.8198443526186925,0,7.0,0.1603822518959786,0,0.0,1.0,0,12.0,0.6138525034242802,3,33.0,0.2059713255952861,0,6.0,0.9464560918982564,0,0.0,0.8310133750293379,1,6.0,0.3628282504334748,0,0.0,1.0,1,22.0,0.196764499807241,3,39.0,0.0251949760865186,0,0.0,1.0,0,0.0,1.0,0.0,0.0,1.0
312.0,17.0,137.0,0.7569060773480663,9.944167627542834,181.0,1695.0,9.3646408839779,62.0,0.3425414364640884,17.0,237.0,4.0,6.110979583549922,4.086206896551724,4.086206896551724,58.0,1,24.0,0.3083527063666255,0,0.0,0.2454449261037421,0,4.0,0.2499347846602685,1,30.0,0.2629347455021003,1,8.0,0.3633590735208889,0,0.0,0.9267295289139512,2,25.0,0.5500646179353834,1,3.0,0.1484349678709692,0,0.0,0.927956824465129,0,0.0,1.0,1,16.0,0.4615157817988981,1,17.0,0.3389095685228635,0,0.0,0.8151339485556849,0,0.0,0.9571223636562064,1,5.0,0.5891232435304746,0,6.0,0.971007981363897,3,27.0,0.0990344042936552,4,70.0,0.2436640915881616,0,0.0,0.8187890943449547,1,2.0,0.0004410098044634,0.0,0.0,1.0
320.0,25.0,243.0,1.3278688524590163,9.427243653324274,183.0,1748.0,9.551912568306012,53.0,0.2896174863387978,22.0,297.0,60.0,4.830939686058643,5.94,5.94,50.0,1,29.0,0.5824399053083257,0,0.0,0.5170469553895558,0,0.0,1.0,2,19.0,0.3652221727857394,1,8.0,0.0,1,4.0,0.2219243522830511,3,41.0,0.2903736047420112,0,0.0,1.0,0,0.0,1.0,0,0.0,1.0,1,10.0,0.543424646510716,2,32.0,0.2868709823701177,1,3.0,0.3984344514466946,0,0.0,1.0,0,0.0,0.413587147362934,1,4.0,7.169037220409774e-05,3,34.0,0.2510735688500461,6,111.0,0.0152306139826724,0,2.0,0.915796091571494,0,0.0,1.0,0.0,0.0,1.0
328.0,25.0,191.0,1.0324324324324323,9.278192703870028,185.0,1870.0,10.108108108108109,122.0,0.6594594594594595,22.0,236.0,0.0,4.895639420902132,4.290909090909091,4.290909090909091,55.0,2,33.0,0.3328911828689848,1,2.0,0.5165087621497553,0,0.0,0.993425188555622,6,51.0,0.0002674811788705,0,0.0,1.0,0,1.0,0.2976448172315808,0,19.0,0.4848968097492216,0,0.0,1.0,0,3.0,0.0494959304236805,0,0.0,1.0,0,6.0,0.4302871638107412,2,25.0,0.0044776993009838,0,0.0,0.8329043834496447,0,0.0,0.6501593361243806,3,11.0,0.3055280209799657,0,2.0,0.9431531636343868,3,17.0,0.0803712457980509,5,64.0,0.1588525750444426,0,2.0,0.9674563865196528,0,0.0,0.9413994761860542,0.0,0.0,1.0
336.0,12.0,73.0,0.3802083333333333,9.522842727387715,192.0,1899.0,9.890625,29.0,0.1510416666666666,11.0,214.0,0.0,6.500903324372577,3.821428571428572,3.821428571428572,56.0,1,44.0,0.4836062503771198,1,4.0,0.3013486889590072,2,5.0,0.3092302395622333,0,34.0,0.1341266579867413,0,6.0,0.6680966684366487,0,0.0,0.0077541172236798,3,38.0,0.2390959322464875,0,3.0,0.9549185689407496,0,0.0,1.0,0,0.0,1.0,0,10.0,0.8379531861843986,0,3.0,0.8199098476743092,0,0.0,0.9126540626717666,0,0.0,0.8765137057066863,0,8.0,0.6070364223763988,0,0.0,1.0,1,13.0,0.410748916817399,0,34.0,0.1910719130546876,1,4.0,0.4351167377998488,2,8.0,0.0390089949709723,0.0,0.0,1.0
344.0,17.0,80.0,0.4,10.25730380423584,200.0,1980.0,9.9,81.0,0.405,16.0,202.0,0.0,5.712022355484785,4.04,4.04,50.0,1,7.0,0.0698785294897677,1,3.0,0.2333143516975453,2,21.0,0.0,3,42.0,0.2034489164957438,2,13.0,0.0019891142327333,0,4.0,0.4632788525567332,0,19.0,0.4474479575015886,0,0.0,1.0,0,0.0,1.0,0,0.0,1.0,0,0.0,1.0,0,0.0,1.0,0,8.0,0.7930399018844096,0,0.0,0.9547009280858838,0,3.0,0.9332857730336648,0,3.0,0.7899900809429132,2,12.0,0.0004496610371512,4,55.0,7.247715646825452e-05,1,12.0,0.3699342866842527,0,0.0,0.3409167278286355,0.0,0.0,1.0
352.0,15.0,84.0,0.4097560975609756,9.952640354494395,205.0,1976.0,9.639024390243902,0.0,0.0,15.0,190.0,0.0,6.103190197766828,3.1666666666666665,3.1666666666666665,60.0,0,7.0,0.9527935448214992,3,20.0,0.1871367302879407,0,0.0,1.0,0,25.0,0.5240792405717982,2,38.0,0.5249063539377463,1,5.0,0.3181868656680624,2,23.0,0.3143087324371152,0,0.0,0.9370183653194551,0,0.0,1.0,0,0.0,1.0,0,0.0,1.0,0,0.0,1.0,2,9.0,0.1210651537119894,0,0.0,0.8111921443372371,0,7.0,0.520276988225376,2,12.0,0.3265578267549353,0,3.0,0.229015843485711,1,15.0,0.1572098902928424,2,26.0,0.4619813644633995,0,0.0,1.0,0.0,0.0,0.980786354787872
360.0,17.0,71.0,0.3463414634146341,9.775965138933012,205.0,1900.0,9.268292682926829,0.0,0.0,17.0,232.0,42.0,5.561114917025005,3.9322033898305087,3.9322033898305087,59.0,2,21.0,0.4864334381413052,6,50.0,0.0410138537622624,0,4.0,0.0484711768324489,4,51.0,0.3172288729631211,0,15.0,0.4674276164119924,1,9.0,0.1919978978531748,2,39.0,0.3885802950453135,0,3.0,0.966995142086149,0,0.0,0.948890336626128,0,0.0,1.0,0,9.0,0.7353696520229391,0,0.0,1.0,0,9.0,0.3837396550680219,0,0.0,0.8048730763087294,0,0.0,0.5437807261541989,0,4.0,0.9609033876102692,0,3.0,0.6477043529925307,1,13.0,0.4730513361068684,1,2.0,0.0002088383495662,0,0.0,0.0207877461199635,0.0,0.0,0.9276575994519732
368.0,18.0,76.0,0.3781094527363184,10.43649955915171,201.0,1868.0,9.293532338308458,0.0,0.0,16.0,189.0,0.0,7.034073915747806,3.3157894736842106,3.3157894736842106,57.0,1,18.0,0.4343383890385188,3,52.0,0.087635066484377,0,3.0,0.9494341894253696,1,13.0,0.5068844923198975,0,8.0,0.7021783809792891,4,30.0,7.0127303103033655e-06,1,8.0,0.475313315498895,1,6.0,0.4998034656266935,0,0.0,1.0,0,0.0,1.0,2,22.0,0.6015795425114435,0,0.0,1.0,1,9.0,0.7440449964193524,0,0.0,1.0,1,0.0,0.6181922057125968,0,4.0,0.4130285279723739,0,3.0,0.7233125626869004,0,3.0,0.7252341164072367,1,10.0,0.0,0,0.0,1.0,0.0,0.0,1.0
376.0,21.0,111.0,0.5663265306122449,9.5506521584514,196.0,1838.0,9.377551020408164,0.0,0.0,19.0,236.0,47.0,6.673618898794624,3.4705882352941178,3.4705882352941178,68.0,1,16.0,0.4705057654017524,8,97.0,0.0021410281360244,0,3.0,0.1535485128114064,2,27.0,0.6515184976700049,3,25.0,0.3849713330809931,0,19.0,0.0910669452696566,0,5.0,0.8484731973197899,0,2.0,0.833805128520061,0,0.0,1.0,0,0.0,1.0,1,11.0,0.238601607117368,0,0.0,1.0,1,4.0,0.2638818856889871,0,0.0,0.8982650791491333,0,7.0,0.6962970508521978,1,4.0,0.0032748313672551,1,6.0,0.6130023483162934,1,2.0,0.4618556853710726,0,0.0,0.8248213769080357,0,0.0,1.0,0.0,8.0,0.9185079927089248
384.0,12.0,89.0,0.445,10.239790097675366,200.0,1868.0,9.34,30.0,0.15,12.0,212.0,0.0,6.683042257242259,4.076923076923077,4.076923076923077,52.0,3,20.0,0.2121414268601543,4,117.0,0.2306969352472443,0,0.0,1.0,0,6.0,0.4557367271968954,1,30.0,0.7312322876191815,0,4.0,0.7126265789750913,0,0.0,1.0,1,3.0,0.000470575870567,0,0.0,1.0,0,0.0,1.0,0,14.0,0.4313831702125462,0,0.0,1.0,0,0.0,0.6733954789147306,0,0.0,0.8195083606451599,0,0.0,0.6967342282771185,0,0.0,1.0,1,6.0,0.4850631381014052,2,12.0,0.3095882975225351,0,0.0,0.8373564487334247,0,0.0,1.0,0.0,0.0,1.0
392.0,21.0,76.0,0.3689320388349514,10.338173300150148,206.0,1871.0,9.08252427184466,3.0,0.0145631067961165,19.0,204.0,0.0,5.851921940038148,3.849056603773585,3.849056603773585,53.0,2,11.0,0.2752971243093731,4,67.0,0.251765356776421,0,0.0,1.0,1,24.0,0.2588918659426354,4,52.0,0.3893076230769319,0,0.0,1.0,0,5.0,0.8530302125153899,2,14.0,0.4218035195813801,0,0.0,1.0,0,0.0,1.0,1,5.0,0.6276563356769123,0,0.0,1.0,1,0.0,0.4207077276524287,0,0.0,1.0,0,0.0,0.9240715946273454,0,0.0,1.0,1,1.0,0.1411069544260893,3,19.0,0.0002261755421624,0,4.0,0.976525352904094,0,0.0,1.0,0.0,2.0,0.9574627486989976
400.0,17.0,133.0,0.6456310679611651,10.623436563912394,206.0,1848.0,8.970873786407767,0.0,0.0,17.0,187.0,0.0,5.601685001875454,4.065217391304348,4.065217391304348,46.0,0,0.0,0.798159223357421,4,50.0,0.1030943185653699,0,0.0,1.0,4,44.0,0.2393432883608885,2,33.0,0.1559372236910647,0,0.0,1.0,0,0.0,1.0,0,6.0,0.6639049034232658,0,3.0,0.839594958430127,0,0.0,1.0,1,9.0,0.6428672622490765,1,2.0,0.4821063843421663,1,3.0,0.0074930884044631,0,0.0,0.5172306470880056,1,0.0,0.201090687449219,0,0.0,0.2916863141033781,1,6.0,0.4682760288998456,2,29.0,0.0,0,0.0,1.0,0,0.0,1.0,0.0,2.0,0.9485702132357954
408.0,22.0,79.0,0.3853658536585366,9.76836297787908,205.0,1904.0,9.28780487804878,56.0,0.2731707317073171,21.0,163.0,0.0,5.42404176846036,2.9107142857142856,2.9107142857142856,56.0,0,2.0,0.6607941973878373,0,0.0,0.4543424113819038,3,17.0,0.0790344601512595,4,68.0,0.1810728530457067,2,11.0,0.0058797343981839,0,0.0,0.9245297159649086,0,0.0,0.9978637401795888,1,4.0,0.3170547467428211,1,8.0,9.45439294442176e-05,0,0.0,1.0,2,15.0,0.2773621836894546,1,8.0,0.2876806310576581,1,3.0,0.0014682780844169,0,1.0,0.9199295012829874,1,4.0,0.5578988612646834,0,0.0,0.9400657959823846,1,3.0,0.4858468147183743,1,4.0,0.0111958281196689,0,0.0,1.0,0,0.0,1.0,3.0,15.0,0.0002370351106543
416.0,24.0,166.0,0.7904761904761904,9.9723430516077,210.0,2052.0,9.771428571428572,148.0,0.7047619047619048,24.0,255.0,92.0,6.030829832416836,4.047619047619048,4.047619047619048,63.0,2,15.0,0.2966707073518506,2,2.0,0.3066292143749275,1,6.0,0.3150141105328685,6,112.0,0.2441278677442873,1,14.0,0.7097700197242531,1,4.0,0.0,0,5.0,0.9359369177904052,3,16.0,0.0003560631944046,0,0.0,1.0,0,0.0,1.0,0,11.0,0.7612301846901488,0,0.0,0.3424422796558251,0,1.0,0.8000689728240509,0,0.0,1.0,0,0.0,0.6215690553806413,0,0.0,1.0,3,15.0,0.2416651534697092,2,19.0,0.3752373647870647,0,0.0,1.0,0,0.0,1.0,3.0,35.0,3.734113676737999e-05
424.0,14.0,132.0,0.6055045871559633,10.317146537095024,218.0,2122.0,9.73394495412844,70.0,0.3211009174311927,13.0,213.0,0.0,6.917116972385726,3.672413793103448,3.672413793103448,58.0,3,28.0,0.3622643301233159,1,11.0,0.5503330560706952,0,3.0,0.1262479265856146,5,132.0,0.4312903668964609,0,6.0,0.9235368404619416,0,0.0,1.0,0,0.0,0.8939395345251463,0,0.0,0.3308042479735029,0,3.0,0.2742465152512631,0,0.0,1.0,0,9.0,0.4880509769856215,0,0.0,1.0,0,1.0,0.9149967590724138,0,0.0,1.0,1,0.0,0.5840669852924447,0,0.0,1.0,2,11.0,0.3365593353044974,1,9.0,0.1872710239075884,0,0.0,1.0,0,0.0,1.0,0.0,0.0,1.0
432.0,24.0,134.0,0.6090909090909091,9.845766530675377,220.0,2102.0,9.554545454545456,0.0,0.0,23.0,212.0,0.0,6.223668925819023,3.212121212121212,3.212121212121212,66.0,5,68.0,0.2378202196759107,3,25.0,0.3760026441079018,2,4.0,0.0737539229117208,5,50.0,0.3403861371828151,1,10.0,0.6319001575794976,0,0.0,0.5235463292053768,0,3.0,0.9774497511750831,2,15.0,0.0,1,8.0,0.4529937634335624,0,0.0,0.9731704867334788,0,0.0,0.043675501453953,0,1.0,0.4496875265547753,0,3.0,0.9511720583038864,0,0.0,0.9097458002066504,0,2.0,0.5627082471409327,1,3.0,0.0001904631926369,1,4.0,0.2580332083316835,2,16.0,0.2516151264049875,0,0.0,1.0,0,0.0,1.0,0.0,0.0,1.0
440.0,30.0,234.0,1.054054054054054,9.441927661438996,222.0,2247.0,10.12162162162162,145.0,0.6531531531531531,28.0,315.0,103.0,4.3645308324114485,4.846153846153846,4.846153846153846,65.0,5,81.0,0.2451524405195373,1,14.0,0.3640189258427215,0,11.0,0.3919743511496462,9,97.0,0.096416790723791,4,30.0,0.1588580615136925,0,0.0,0.5286957866921482,0,1.0,0.963684289886602,2,31.0,0.0,0,0.0,1.0,1,4.0,0.2819638860055423,0,0.0,1.0,2,13.0,0.3127994556100367,0,3.0,0.9275901944392712,0,0.0,1.0,2,5.0,0.4054023498599136,0,3.0,0.967325515434768,0,0.0,1.0,2,22.0,0.0017095882220461,0,0.0,1.0,0,0.0,1.0,0.0,0.0,0.9315488431684984
448.0,28.0,149.0,0.6681614349775785,9.369714599471491,223.0,2440.0,10.94170403587444,193.0,0.8654708520179372,26.0,298.0,0.0,4.645209621430521,5.050847457627119,5.050847457627119,59.0,0,48.0,0.6722609053565306,5,30.0,0.0002264861092969,4,23.0,0.000809448396602,6,117.0,0.1542867634059513,1,14.0,0.5582434756478849,3,16.0,0.1740966516348709,0,0.0,0.4453936601549692,0,0.0,0.9712827341286254,0,0.0,1.0,0,0.0,1.0,1,1.0,0.0053071851600048,0,0.0,0.0824626795360017,1,0.0,0.2612928087285378,0,0.0,0.9481907508827238,5,34.0,0.2326055592653274,0,0.0,1.0,0,0.0,1.0,0,5.0,0.2049451226810952,0,3.0,0.9207039120294922,0,0.0,1.0,0.0,7.0,0.5200284517677513
456.0,19.0,123.0,0.5442477876106194,9.950830700549536,226.0,2481.0,10.97787610619469,41.0,0.1814159292035398,18.0,311.0,13.0,6.271653267350244,4.7846153846153845,4.7846153846153845,65.0,1,10.0,0.467429122333385,0,0.0,1.0,3,39.0,0.1374276904923678,3,101.0,0.4798225193274241,0,9.0,0.8262319067622689,5,53.0,0.0017946029455248,0,0.0,1.0,0,0.0,1.0,0,0.0,1.0,0,0.0,1.0,1,16.0,0.5307495321260814,2,13.0,2.933798826488798e-06,0,3.0,0.6538997049353361,0,0.0,0.690178214759968,1,31.0,0.2992392769104052,0,0.0,1.0,0,0.0,0.3008880938211211,1,11.0,0.5652063216410742,0,3.0,0.1296388728409608,1,22.0,0.0026307458260443,0.0,0.0,1.0
464.0,34.0,247.0,1.1126126126126126,9.452029348126564,222.0,2416.0,10.882882882882884,0.0,0.0,30.0,385.0,74.0,4.415163626423676,5.923076923076923,5.923076923076923,65.0,3,23.0,0.0879038434792079,0,0.0,1.0,3,55.0,0.0940458246330485,4,86.0,0.0892221902686409,3,20.0,0.4750070755009598,6,101.0,0.0,0,3.0,0.9834013776149656,0,0.0,0.9264984229970668,0,0.0,1.0,0,5.0,0.9414474033964938,1,9.0,0.285998313161297,0,2.0,0.937981919849427,2,12.0,0.4152706780518874,0,0.0,1.0,1,3.0,0.3895900131806207,0,0.0,1.0,1,7.0,0.0,5,29.0,0.1544247682249031,0,0.0,0.0428070867675142,1,30.0,0.0,0.0,0.0,0.9065325748731272
472.0,23.0,182.0,0.7844827586206896,9.689309672971929,232.0,2597.0,11.19396551724138,181.0,0.7801724137931034,22.0,370.0,0.0,5.9274383268512425,5.285714285714286,5.285714285714286,70.0,1,39.0,0.6451771238812752,0,0.0,1.0,1,16.0,0.0,3,42.0,0.3165488762514389,3,40.0,0.2954978658756669,1,77.0,0.1159498046277333,0,3.0,0.0754136483402114,0,2.0,0.9068100331150192,0,3.0,0.3015899124924454,1,7.0,0.000110526884158,0,10.0,0.8147811918756602,1,9.0,0.4682052715682434,6,48.0,0.1860835945482759,0,0.0,0.7001439626915078,0,0.0,0.9535675756091484,0,0.0,1.0,1,15.0,0.3808786515364118,3,49.0,0.09678871646343,1,10.0,0.3823778365584516,0,0.0,1.0,0.0,0.0,0.9597341706509096
480.0,32.0,207.0,0.8808510638297873,8.840302011046573,235.0,2672.0,11.370212765957447,75.0,0.3191489361702128,26.0,364.0,0.0,5.600443961660187,4.493827160493828,4.493827160493828,81.0,5,61.0,0.2753909936023511,0,0.0,1.0,1,27.0,0.2293994612211166,2,32.0,0.3518264202167698,0,41.0,0.5915733509824408,0,13.0,0.4039442283845209,0,0.0,0.4749344949701837,1,5.0,0.0001767656091782,0,0.0,1.0,0,3.0,0.95243577487098,1,11.0,0.6231140425457069,3,13.0,0.0724655214406067,2,37.0,0.4999175962090021,0,0.0,0.720282508850594,1,4.0,0.3862070620044631,0,1.0,0.7029818419421507,0,0.0,1.0,4,79.0,0.0,3,29.0,0.21804056740516,3,5.0,0.0013161998243553,0.0,3.0,0.6402640860364384
488.0,34.0,156.0,0.65,8.740550663086413,240.0,2809.0,11.704166666666667,137.0,0.5708333333333333,25.0,300.0,0.0,5.614140353816223,3.5294117647058822,3.5294117647058822,85.0,1,27.0,0.3273381660279907,0,0.0,1.0,0,0.0,1.0,8,58.0,0.162266329004216,3,24.0,0.472614671534229,0,0.0,1.0,2,24.0,0.5120210021753294,0,0.0,1.0,0,0.0,1.0,0,0.0,1.0,3,27.0,0.3785177276996131,0,11.0,0.2501635238540983,4,53.0,0.32995617078561,0,12.0,0.9110331975624952,1,2.0,0.2647684055457441,0,0.0,1.0,0,3.0,0.8272695731164798,2,40.0,0.3175581227749505,1,15.0,0.4123798572037174,0,4.0,0.504497470379162,0.0,0.0,1.0
496.0,36.0,202.0,0.8381742738589212,8.470596614879785,241.0,2939.0,12.195020746887966,130.0,0.5394190871369294,31.0,398.0,98.0,4.60520209746042,4.682352941176471,4.682352941176471,85.0,2,25.0,0.5078145316578301,0,0.0,0.5016613083898598,0,0.0,0.3255105140824822,5,81.0,0.0840839797778622,6,82.0,0.2298202062407958,0,0.0,0.9452428592960868,3,20.0,0.2481682473718837,0,3.0,0.824514637470885,0,0.0,1.0,0,15.0,0.5498441295303177,2,45.0,0.2276390886676296,0,0.0,0.5853699957762282,1,29.0,0.3901011413328864,0,6.0,0.7121373187428838,1,6.0,0.6446332797519269,0,0.0,1.0,2,14.0,0.3751075890808144,2,35.0,0.001903551666619,4,20.0,0.0075842423205271,3,17.0,0.0015812693917599,0.0,0.0,1.0
504.0,33.0,304.0,1.3047210300429184,8.998079812546939,233.0,2898.0,12.437768240343347,0.0,0.0,27.0,426.0,28.0,5.72153678254977,5.532467532467533,5.532467532467533,77.0,1,13.0,0.6030466213507958,2,2.0,0.2595425025458929,0,0.0,1.0,8,127.0,0.0931851946411826,5,101.0,0.3276293077410633,1,2.0,0.0057590224290775,3,30.0,0.1806454515979804,1,8.0,0.0,0,0.0,1.0,0,0.0,1.0,1,46.0,0.7233601694413628,0,0.0,0.1017135289327412,1,10.0,0.3903937422282393,0,5.0,0.904558151195328,1,14.0,0.0845076512666316,0,0.0,1.0,1,7.0,0.1911131158493727,2,51.0,0.3246642777847878,0,10.0,0.5833322428603981,0,0.0,1.0,0.0,0.0,1.0
512.0,27.0,195.0,0.8441558441558441,8.61736984948574,231.0,2849.0,12.333333333333334,0.0,0.0,25.0,392.0,0.0,4.766533607741035,4.780487804878049,4.780487804878049,82.0,0,0.0,0.4442410831649896,0,2.0,0.3951276832087116,0,3.0,0.4258894291964504,8,158.0,0.0666954458261683,5,67.0,0.370746949373086,0,0.0,1.0,1,29.0,0.3025300040327458,0,6.0,0.6879284670788856,0,3.0,0.0257503496370291,0,0.0,1.0,5,42.0,0.2204864186839797,0,8.0,0.4209498165838286,3,24.0,0.2396786273683793,0,0.0,0.9094748721100095,0,0.0,0.7571262941133412,0,0.0,1.0,1,17.0,0.2972818368570586,2,23.0,0.3239436791692435,0,7.0,0.6810225112734163,0,0.0,1.0,0.0,3.0,0.9945218307453187
520.0,30.0,224.0,0.9572649572649572,9.251746207879387,234.0,2960.0,12.649572649572647,111.0,0.4743589743589743,26.0,413.0,21.0,4.6399525403263135,6.661290322580645,6.661290322580645,62.0,0,0.0,0.2626085850374531,1,4.0,0.4054717140218547,2,10.0,0.1694402475935346,7,171.0,0.0468317424548318,4,55.0,0.2273532754943306,0,1.0,0.9027651085060816,1,24.0,0.494856114134488,0,10.0,0.7694616989877672,0,0.0,1.0,0,0.0,1.0,2,35.0,0.353008504540694,0,0.0,0.656094770432438,7,62.0,0.0662427090936096,0,0.0,1.0,0,0.0,0.9906042314067196,0,0.0,0.9830541215784588,0,0.0,1.0,1,25.0,0.0,1,13.0,0.3026550263842552,0,0.0,1.0,0.0,3.0,0.9467571276175416
528.0,23.0,187.0,0.7857142857142857,9.788515194233302,238.0,3110.0,13.067226890756302,150.0,0.6302521008403361,19.0,362.0,0.0,6.180181187865218,5.027777777777778,5.027777777777778,72.0,0,31.0,0.8504671164001966,2,13.0,0.3655915854509831,0,4.0,0.7975541208599395,7,120.0,0.0266548952964542,3,48.0,0.4500755124260964,0,4.0,0.5473347822511997,0,12.0,0.6905295647161634,1,16.0,0.5256066470375822,0,4.0,0.8021772033587611,0,0.0,1.0,1,31.0,0.2916131815084934,1,8.0,0.2964331508995146,1,31.0,0.4785293393316032,0,3.0,0.8031283008736644,1,4.0,0.1317187323894334,0,0.0,1.0,0,4.0,0.4164592315289565,0,0.0,0.9673474300778976,2,26.0,0.0,0,3.0,0.9501368285392084,0.0,0.0,1.0
536.0,29.0,171.0,0.7066115702479339,9.48542828932554,242.0,3246.0,13.413223140495868,136.0,0.5619834710743802,26.0,441.0,79.0,5.96081198165318,5.653846153846154,5.653846153846154,78.0,3,50.0,0.4024909094715278,3,23.0,0.1243058988863786,1,3.0,0.0011803341744045,3,110.0,0.0627472855286862,1,30.0,0.6140177025191123,1,2.0,0.251013166796284,0,0.0,1.0,2,28.0,0.4406249671423587,0,0.0,1.0,0,21.0,0.8920570129627499,5,59.0,0.1819585663869622,1,8.0,0.0,2,33.0,0.6100256064799865,0,6.0,0.9760848177686472,0,2.0,0.6570653291014892,0,0.0,1.0,1,5.0,0.5453259209128394,1,8.0,0.3118469638850236,2,49.0,0.4880730233876763,0,4.0,0.9075705533832034,0.0,0.0,1.0
544.0,26.0,109.0,0.4560669456066946,9.429881181851115,239.0,3214.0,13.447698744769877,0.0,0.0,25.0,334.0,0.0,5.3629290436415005,5.138461538461539,5.138461538461539,65.0,2,20.0,0.3217390903281104,3,42.0,0.3147400536950054,0,0.0,1.0,3,99.0,0.3679687641766152,2,19.0,0.5696833973039357,0,1.0,0.4685895801946738,0,0.0,1.0,3,34.0,0.2375061664709911,0,0.0,0.9816345133960078,2,32.0,0.0043076328454214,4,64.0,0.2154378549471943,0,0.0,1.0,0,0.0,1.0,0,0.0,1.0,1,0.0,0.561064613945226,0,0.0,1.0,1,5.0,0.4803065313414417,1,4.0,0.0,2,6.0,0.3048203832608292,1,8.0,1.075508996999678e-05,0.0,0.0,0.4335707788096088
552.0,26.0,132.0,0.5477178423236515,9.55114433211372,241.0,3320.0,13.775933609958509,106.0,0.4398340248962655,21.0,349.0,15.0,5.570095310714998,4.780821917808219,4.780821917808219,73.0,6,42.0,0.0614511435185678,0,6.0,0.3641438490563734,1,8.0,0.0311225014026726,1,67.0,0.5393263133706616,4,44.0,0.4091114074665056,0,0.0,0.9666901889162528,0,0.0,1.0,4,64.0,0.432952274316388,0,0.0,1.0,0,15.0,0.3104331883190137,3,83.0,0.2162929582499062,0,0.0,1.0,0,0.0,0.6482224698501354,0,0.0,0.8102459869584976,1,4.0,0.6190666893370692,0,0.0,0.5800635442576006,0,1.0,0.3482132236471306,1,15.0,0.3147984860841774,0,0.0,0.4378940377792079,0,0.0,1.0,0.0,0.0,1.0
560.0,19.0,117.0,0.4915966386554621,9.53953792313644,238.0,3149.0,13.231092436974787,0.0,0.0,15.0,324.0,0.0,5.539210692872979,4.909090909090909,4.909090909090909,66.0,2,47.0,0.2054850106252904,0,0.0,1.0,1,3.0,2.69881530885072e-05,2,91.0,0.1625322861619252,4,65.0,0.3421905565707774,0,0.0,1.0,1,11.0,0.6006006075676508,0,11.0,0.2156440692896322,0,0.0,0.9189430414720098,0,0.0,1.0,3,62.0,0.0755450455764203,0,7.0,0.4693942734992439,1,6.0,0.6382507987538095,0,0.0,1.0,0,0.0,0.7929868341411159,0,0.0,1.0,0,0.0,0.9616535186541524,1,20.0,0.6984372887378757,0,1.0,0.9965224518300428,0,0.0,1.0,0.0,0.0,1.0
568.0,27.0,126.0,0.5294117647058824,9.931688970031306,238.0,3199.0,13.441176470588236,50.0,0.2100840336134453,24.0,351.0,27.0,5.0828348379140165,5.161764705882353,5.161764705882353,68.0,1,36.0,0.2462728794994505,2,9.0,0.2216386783321464,0,0.0,1.0,7,146.0,0.1704551861717186,1,12.0,0.5232729811174416,0,0.0,0.9548592881127403,0,4.0,0.7393999589785745,3,22.0,0.164631570751798,0,0.0,1.0,0,0.0,1.0,3,92.0,0.1852122192711313,2,10.0,0.2892008080923827,1,5.0,0.6516325754001893,0,0.0,0.6745243508926376,0,0.0,0.971219880806462,0,3.0,0.0980673936228231,1,3.0,0.2529578648015853,2,5.0,0.3019960509843323,1,4.0,0.0,0,0.0,1.0,0.0,0.0,1.0
576.0,29.0,158.0,0.6638655462184874,9.671459594283291,238.0,3203.0,13.457983193277313,4.0,0.0168067226890756,26.0,370.0,19.0,5.792087240034153,5.138888888888889,5.138888888888889,72.0,2,34.0,0.5060336556366619,0,0.0,1.0,0,3.0,0.6594048548491458,1,92.0,0.6070888850078708,4,43.0,0.425679085466287,1,3.0,9.418280653161844e-06,0,0.0,0.9392530332628848,1,19.0,0.4382737938549934,0,0.0,1.0,1,5.0,0.0031717576333202,4,92.0,0.1116127660025032,3,22.0,0.2395905487754591,5,24.0,0.2543963269409451,0,0.0,0.8883784446169859,0,0.0,0.2364168156176096,0,0.0,1.0,0,0.0,1.0,4,32.0,0.2866739129340138,0,0.0,1.0,0,1.0,0.9672495456128614,0.0,0.0,1.0
584.0,33.0,184.0,0.7698744769874477,9.282335884787278,239.0,3291.0,13.769874476987448,88.0,0.3682008368200837,31.0,399.0,29.0,5.391074058439371,5.32,5.32,75.0,3,23.0,0.1739682792185885,0,0.0,0.5411136683220603,3,21.0,0.0009241401662133,5,117.0,0.3588634513888979,5,58.0,0.2804213498684197,0,0.0,1.0,0,0.0,1.0,3,26.0,0.3746580911582925,0,0.0,1.0,0,0.0,0.9134497134323186,0,42.0,0.4412050629341674,3,26.0,0.2650344322878785,0,3.0,0.7700422140230543,0,3.0,0.6561921317457636,2,12.0,0.4710521421695318,1,2.0,0.0813397544573098,0,3.0,0.8223916060338426,6,63.0,0.0029413473794187,0,0.0,0.9165584664872778,0,0.0,1.0,0.0,0.0,1.0
592.0,27.0,186.0,0.788135593220339,9.46564307335943,236.0,3334.0,14.127118644067796,43.0,0.1822033898305084,26.0,402.0,3.0,5.424454079934364,5.4324324324324325,5.4324324324324325,74.0,2,18.0,0.4026255851011429,2,2.0,0.4728232659874387,1,16.0,0.2819313756087661,4,73.0,0.0850427633133101,2,44.0,0.3998853583193358,0,0.0,0.7720611481263797,0,0.0,1.0,0,22.0,0.1402029130644365,0,0.0,1.0,0,1.0,0.927955634525136,3,60.0,0.5725969322905848,1,19.0,0.3843350505526752,0,5.0,0.9664466059668176,0,6.0,0.7744700485441349,1,2.0,0.5539844783596068,0,0.0,0.4355005974046815,1,6.0,0.0,7,119.0,0.0588111052559396,0,0.0,1.0,0,0.0,1.0,2.0,9.0,0.0041093012415916
600.0,26.0,108.0,0.4576271186440678,9.325106862424738,236.0,3313.0,14.03813559322034,0.0,0.0,23.0,372.0,0.0,4.527947743953984,5.314285714285714,5.314285714285714,70.0,1,27.0,0.4150708271546786,2,14.0,0.3188213599300659,2,11.0,0.0055727841203754,5,82.0,0.1479415092861512,4,54.0,0.1917600983744083,1,5.0,0.0048213923390198,0,0.0,0.6946264255472145,1,25.0,0.0107024322025619,0,0.0,0.7895950710987675,1,2.0,0.0050113243706687,1,40.0,0.321232597655639,2,19.0,8.165804949132577e-05,0,0.0,0.6257967646043447,0,0.0,0.9373221601443986,2,6.0,0.2763282931159448,0,0.0,1.0,0,3.0,0.914899604348098,1,84.0,0.1703011452650738,0,0.0,1.0,0,0.0,1.0,0.0,0.0,0.8943089689333977
608.0,24.0,127.0,0.5404255319148936,9.32455606968819,235.0,3191.0,13.57872340425532,0.0,0.0,22.0,368.0,0.0,4.77256250956241,5.257142857142857,5.257142857142857,70.0,4,41.0,0.3998873101121626,1,24.0,0.3100549772798835,2,19.0,0.0026246909263838,3,50.0,0.0627926330306567,3,64.0,0.3423331218057729,0,0.0,0.0138309887739111,0,2.0,0.970534459873854,0,0.0,1.0,2,7.0,0.2519172564256035,0,0.0,1.0,0,17.0,0.391864984287625,1,24.0,0.0,1,3.0,0.302664053198597,1,2.0,0.4350162629828493,0,8.0,0.4612481210974733,0,0.0,1.0,1,9.0,0.2642687776596049,3,98.0,0.0026185890430027,0,0.0,1.0,0,0.0,1.0,0.0,0.0,0.9686405324213304
616.0,21.0,115.0,0.4872881355932203,9.79091293288764,236.0,3302.0,13.991525423728811,111.0,0.4703389830508475,15.0,258.0,0.0,5.3682044528110335,5.0588235294117645,5.0588235294117645,51.0,1,22.0,0.3198563252886262,3,35.0,0.1444321828161795,1,13.0,0.0,2,33.0,0.1405991925489914,4,60.0,0.1771911179469749,0,0.0,0.9211409764718002,0,1.0,0.981237135125364,0,0.0,1.0,0,4.0,0.4969868511619104,0,0.0,1.0,1,21.0,0.4521676785619535,0,0.0,0.9926868302061008,0,3.0,0.8924038229553048,0,0.0,1.0,2,8.0,0.2932355289029216,0,0.0,1.0,1,7.0,0.1713203257138601,0,51.0,0.2491021310924001,0,0.0,1.0,0,0.0,0.5987271272289568,0.0,0.0,0.974990324996205
624.0,19.0,151.0,0.6371308016877637,10.272687746613087,237.0,3268.0,13.789029535864978,0.0,0.0,18.0,274.0,16.0,5.744236328378451,5.708333333333333,5.708333333333333,48.0,1,12.0,0.5224268276977948,2,39.0,0.0,0,3.0,0.4219305449307727,5,75.0,0.1463180555538422,4,76.0,0.1699014161698066,2,6.0,4.494447774931218e-05,0,5.0,0.4805544079083717,0,0.0,0.9197109637179116,0,0.0,1.0,0,0.0,1.0,2,23.0,0.3937375119933254,0,0.0,1.0,0,6.0,0.9081814293961294,0,3.0,0.999270063469198,0,6.0,0.2750167909901011,0,0.0,0.2765768555903049,2,20.0,0.3325082064358981,0,0.0,1.0,0,0.0,0.9047430617831118,0,0.0,1.0,0.0,0.0,1.0
632.0,13.0,128.0,0.5493562231759657,10.595635238899924,233.0,3068.0,13.167381974248928,0.0,0.0,11.0,260.0,0.0,6.2461355431469485,5.416666666666667,5.416666666666667,48.0,4,17.0,0.166544135719939,1,42.0,0.3801205978201298,0,0.0,1.0,0,46.0,0.2798258007511464,2,97.0,0.4775778356410144,0,0.0,1.0,0,3.0,0.9645471628513153,1,1.0,0.1483265611997955,0,0.0,0.953869229126162,0,0.0,1.0,2,17.0,0.2413298790691134,0,7.0,0.5447342999142595,0,6.0,0.9443950102314462,0,0.0,0.9694365060970944,0,0.0,0.2115456764206629,0,0.0,1.0,1,21.0,0.471796634046696,0,0.0,1.0,0,3.0,0.8975467648861308,0,0.0,1.0,0.0,0.0,0.9078790128481324
640.0,17.0,167.0,0.7167381974248928,10.36048786348785,233.0,3060.0,13.133047210300427,0.0,0.0,16.0,287.0,27.0,6.178854827505348,6.674418604651163,6.674418604651163,43.0,1,11.0,0.3777093704446523,1,50.0,0.0,2,11.0,0.0009303421233873,0,13.0,0.6415015103035805,5,114.0,0.3607429666405766,0,0.0,1.0,1,7.0,0.0001234288997892,0,3.0,0.9227426795343038,0,0.0,1.0,0,8.0,0.978664664864798,0,9.0,0.1210664826548156,2,15.0,0.3500487979230066,0,0.0,1.0,0,0.0,0.928298135550486,0,0.0,0.9994942142311066,0,0.0,1.0,2,32.0,0.0,0,3.0,0.8789351109161424,2,11.0,0.2877107653710216,0,0.0,0.9992594334441616,0.0,0.0,1.0
648.0,24.0,187.0,0.8538812785388128,9.97748370433809,219.0,2879.0,13.146118721461187,0.0,0.0,22.0,316.0,29.0,6.358503317174864,5.180327868852459,5.180327868852459,61.0,2,14.0,0.3314247535151928,0,0.0,1.0,2,30.0,0.2444325728287949,0,9.0,0.8028508407138234,5,120.0,0.4690237443113785,0,0.0,1.0,1,18.0,0.4963013429147087,0,14.0,0.8378539919772748,0,0.0,1.0,1,9.0,0.0011434940747321,0,6.0,0.1611833985396445,4,35.0,0.0004337451553241,0,2.0,0.6378500694525969,0,0.0,0.997929841177217,0,0.0,1.0,0,0.0,0.9491535904184006,0,6.0,0.6139070492976724,4,21.0,0.2491415842539325,3,32.0,0.0,0,0.0,1.0,0.0,0.0,1.0
656.0,25.0,181.0,0.8379629629629629,9.76997787691242,216.0,2892.0,13.38888888888889,13.0,0.0601851851851851,25.0,309.0,0.0,5.561562944577692,5.237288135593221,5.237288135593221,59.0,3,34.0,1.3742841123550837e-05,0,6.0,0.752028143290004,1,7.0,0.0502843369590282,2,16.0,0.6516728586244097,7,100.0,0.3037456978391752,0,0.0,1.0,1,7.0,3.3392442862775255e-05,3,21.0,0.2922718726904675,0,0.0,1.0,0,0.0,1.0,2,21.0,0.4114381557906335,2,49.0,0.2282602771234411,0,3.0,0.9074435817375508,0,0.0,1.0,0,0.0,1.0,0,0.0,1.0,1,8.0,0.0,2,34.0,0.3158089823273077,0,0.0,1.0,0,0.0,1.0,1.0,3.0,0.6380786044240888
664.0,29.0,236.0,1.0976744186046512,9.663074339319085,215.0,2988.0,13.897674418604652,96.0,0.4465116279069767,25.0,333.0,24.0,5.139105636122556,6.529411764705882,6.529411764705882,51.0,0,19.0,0.4043823893914597,0,0.0,1.0,2,23.0,0.3178183842172964,6,50.0,0.2344804615697729,9,165.0,0.2414260966475774,0,0.0,1.0,0,0.0,1.0,2,5.0,0.3199815064568787,0,0.0,1.0,0,0.0,1.0,2,34.0,0.3185974644318746,0,0.0,1.0,0,3.0,0.9242220584988172,0,0.0,0.9476734686890436,0,0.0,1.0,0,0.0,1.0,0,3.0,0.8845477453013292,3,27.0,0.1927235456075654,0,0.0,0.0382346049534146,0,0.0,1.0,1.0,4.0,3.105208099461066e-05
672.0,22.0,231.0,1.0744186046511628,10.234028817423756,215.0,3034.0,14.111627906976745,46.0,0.213953488372093,17.0,331.0,0.0,6.492200368044979,6.895833333333333,6.895833333333333,48.0,0,4.0,0.8163296368706757,0,0.0,0.3919035603195203,0,1.0,0.2103889672720205,5,44.0,0.4775516684236472,6,176.0,0.2543768253048145,0,0.0,1.0,0,0.0,1.0,2,23.0,0.3926989686704448,0,0.0,0.931122035746737,0,0.0,1.0,2,57.0,0.3534381997681877,0,0.0,1.0,0,3.0,0.818155657406425,0,0.0,0.7926348078965483,0,7.0,0.3653070319627673,0,0.0,1.0,1,4.0,0.4873636549169841,0,5.0,0.671223535851292,1,7.0,0.0,0,0.0,1.0,0.0,0.0,1.0
680.0,19.0,131.0,0.5981735159817352,9.82645168617596,219.0,2987.0,13.639269406392694,0.0,0.0,16.0,265.0,0.0,5.587462676973567,5.0,5.0,53.0,0,7.0,0.933632860659841,0,0.0,0.3050770864256801,1,3.0,0.000563161084296,2,33.0,0.4129555336814869,3,143.0,0.3173702038063993,0,0.0,1.0,0,7.0,0.7598397614016125,2,31.0,0.3053744837912913,0,0.0,1.0,0,0.0,1.0,2,9.0,0.3319537286589459,0,0.0,1.0,0,0.0,1.0,0,0.0,0.7245556065984399,0,0.0,0.1273208784649548,0,0.0,1.0,1,3.0,0.1953863220477467,5,29.0,0.0659386681214022,0,0.0,1.0,0,0.0,0.3868490170898516,0.0,0.0,0.8643609916728314
688.0,24.0,109.0,0.4866071428571428,9.520359716397817,224.0,2960.0,13.214285714285714,0.0,0.0,22.0,279.0,14.0,5.211677686707285,4.5,4.5,62.0,1,7.0,0.2386606319038682,2,8.0,0.3489777772725594,0,0.0,1.0,4,17.0,0.2387445108648589,6,157.0,0.2462535716975664,0,0.0,0.4880440401093774,0,0.0,0.9473201923936954,0,5.0,0.6279037923315608,0,0.0,1.0,0,0.0,1.0,2,25.0,0.4434896163745015,0,2.0,0.4920524314290972,0,3.0,0.7471738128485907,3,8.0,0.1461137574028457,2,7.0,4.42573361808859e-05,0,7.0,0.9409825104569056,1,6.0,4.283894609329828e-05,0,6.0,0.2855651097847062,0,14.0,0.3918048065882895,0,3.0,0.9276928018172644,1.0,4.0,0.4582180099993885
696.0,30.0,175.0,0.7608695652173914,9.570239880871153,230.0,3051.0,13.265217391304349,91.0,0.3956521739130434,28.0,337.0,58.0,4.435428412149025,6.2407407407407405,6.2407407407407405,54.0,0,7.0,0.9743767386035176,4,29.0,0.0049101546059813,0,0.0,1.0,3,19.0,0.2503839583453183,9,182.0,0.0952069072848435,0,0.0,1.0,1,3.0,0.4591345841194084,2,10.0,1.0581759110042187e-05,0,3.0,0.9618143876296076,0,0.0,1.0,1,4.0,0.5031125220212576,1,6.0,0.5955626357198393,1,5.0,0.6169702788956296,0,3.0,0.4991930128334806,2,23.0,0.0,2,12.0,0.0003563547670468,0,0.0,1.0,2,28.0,0.0934443656300043,0,3.0,0.4138044718626994,0,0.0,1.0,0.0,0.0,0.3438820564550834
704.0,28.0,208.0,0.9285714285714286,9.64086795110434,224.0,3012.0,13.446428571428571,0.0,0.0,25.0,342.0,5.0,4.35757061410285,6.84,6.84,50.0,1,7.0,1.383354127276916e-05,5,68.0,0.1060232337360364,0,0.0,1.0,2,17.0,0.3068967980112913,3,121.0,0.1680316109993786,0,0.0,0.8200212122999867,2,20.0,0.5834809918425523,2,26.0,0.3315558049085351,3,17.0,0.0812524322205281,0,0.0,1.0,1,12.0,0.2989190023270339,0,0.0,1.0,2,20.0,0.381521660833342,2,12.0,9.838806456904364e-06,0,0.0,1.0,0,0.0,1.0,0,0.0,1.0,2,17.0,0.0863173124317186,0,3.0,0.9594875623854504,0,2.0,0.979240956642432,0.0,0.0,0.8754627071046142
712.0,23.0,250.0,1.1261261261261262,9.829237971919776,222.0,3144.0,14.16216216216216,132.0,0.5945945945945946,21.0,321.0,0.0,4.856218061095924,6.829787234042553,6.829787234042553,47.0,1,15.0,0.158105017730304,6,112.0,0.2402756766769063,0,0.0,1.0,2,33.0,0.535946984755238,3,65.0,0.1590377018766522,2,5.0,0.0008048577292818,2,19.0,0.0920454265336429,2,46.0,0.004498904025068,0,0.0,0.5295423553854839,0,0.0,1.0,0,4.0,0.9493329810391224,0,0.0,1.0,0,6.0,0.9612786763207876,0,0.0,1.0,0,0.0,0.3504646374360796,0,0.0,1.0,0,0.0,1.0,2,10.0,0.0001340060882905,1,5.0,0.0001044669528701,0,0.0,1.0,0.0,1.0,0.7795461001922358
720.0,24.0,181.0,0.8227272727272728,9.967572152492554,220.0,3147.0,14.304545454545456,3.0,0.0136363636363636,17.0,282.0,0.0,5.53802508201781,6.558139534883721,6.558139534883721,43.0,0,0.0,1.0,1,82.0,0.1130902223212299,0,0.0,1.0,3,49.0,0.4842995391681219,4,44.0,0.2770547335388674,0,0.0,1.0,2,25.0,0.0,0,17.0,0.5459489222063589,0,0.0,1.0,0,0.0,1.0,0,3.0,0.9329931378808288,0,0.0,1.0,2,14.0,0.2107569988166744,0,6.0,0.9327566855041216,3,17.0,0.2407369246011829,0,0.0,1.0,0,0.0,1.0,0,3.0,0.8605775054097472,0,9.0,0.833845489587611,0,0.0,1.0,2.0,13.0,2.822393757588612e-05
728.0,15.0,85.0,0.3794642857142857,10.360077126398863,224.0,3130.0,13.973214285714286,0.0,0.0,10.0,239.0,0.0,7.991654094969805,5.829268292682927,5.829268292682927,41.0,0,0.0,0.7446879532673425,4,94.0,0.0531004730701501,0,0.0,1.0,0,3.0,0.889077073163548,1,39.0,0.4494693187907342,0,3.0,0.8021978338226579,2,43.0,0.1777157017092328,1,18.0,0.4583489991165898,0,0.0,0.8853039773607126,0,0.0,1.0,0,6.0,0.8201884672599342,0,3.0,0.2335565637379918,1,4.0,0.6467214430028102,0,0.0,1.0,0,8.0,0.6076159401823076,0,0.0,1.0,0,1.0,0.7349414934549541,1,17.0,0.5972346280563275,0,0.0,0.9819586763566936,0,0.0,1.0,0.0,0.0,1.0
736.0,16.0,83.0,0.3672566371681416,10.295533012842892,226.0,3091.0,13.676991150442475,0.0,0.0,14.0,226.0,0.0,6.636396811775241,4.708333333333333,4.708333333333333,48.0,0,7.0,0.507135750516106,2,50.0,0.2166487499242665,0,9.0,0.6465195225239322,2,7.0,0.5603677076759289,4,59.0,0.258248845068769,0,0.0,1.0,0,7.0,0.5421210771585742,1,3.0,0.4870383637769812,0,0.0,1.0,0,0.0,1.0,0,22.0,0.7933492731279564,1,9.0,4.496430787858032e-06,1,11.0,0.6745013507888834,0,0.0,1.0,1,13.0,0.0028177732481082,0,0.0,1.0,0,0.0,0.9547424616876716,2,26.0,0.2904240350739305,0,0.0,1.0,0,3.0,0.8657170948724904,0.0,0.0,1.0
744.0,20.0,113.0,0.518348623853211,10.409473554509104,218.0,2905.0,13.325688073394495,0.0,0.0,17.0,184.0,0.0,5.650506981682378,4.181818181818182,4.181818181818182,44.0,0,4.0,0.791781445019545,2,19.0,0.1984022685706072,1,11.0,0.0965589692070483,5,36.0,0.2760176758625921,2,40.0,0.1723745637730247,0,0.0,1.0,2,9.0,0.0673912179889048,0,6.0,0.779440531633712,0,0.0,0.9408966019400822,0,0.0,1.0,3,20.0,0.2386604114709642,1,17.0,0.4774455130864578,0,10.0,0.5627417149006206,0,0.0,0.8723012257006877,0,0.0,0.092377908033856,1,2.0,0.0027184751078611,0,7.0,0.7638032074051472,0,3.0,0.7721670176976712,0,0.0,1.0,0,0.0,0.0139270799686891,0.0,0.0,0.9580937475428694
752.0,18.0,102.0,0.4834123222748815,10.43188696209358,211.0,2682.0,12.710900473933648,0.0,0.0,16.0,177.0,0.0,7.483661055295619,3.4038461538461537,3.4038461538461537,52.0,2,8.0,0.2721996673844211,1,23.0,0.4643173112516234,0,0.0,0.9393015581913692,1,29.0,0.6463410866756856,1,8.0,0.4561135595978457,0,3.0,0.4998931020085982,3,38.0,0.4792410827982805,0,3.0,0.7203707695181089,0,0.0,1.0,0,0.0,1.0,3,39.0,0.3942821138471399,1,3.0,0.344188810046224,1,3.0,0.4198216482285138,0,0.0,0.8886953686522077,1,5.0,0.5048032732921937,0,0.0,1.0,0,0.0,0.5849892271768984,2,15.0,0.5802974382061489,0,0.0,1.0,0,0.0,1.0,0.0,0.0,1.0
760.0,22.0,145.0,0.7142857142857143,9.819631892678622,203.0,2623.0,12.921182266009852,0.0,0.0,22.0,278.0,101.0,6.041941377881752,4.633333333333334,4.633333333333334,60.0,0,6.0,0.8265626646820073,7,52.0,0.0011975240010164,0,0.0,1.0,3,33.0,0.5781149368749028,2,22.0,0.2043491403808122,0,0.0,0.8679800132886699,0,21.0,0.5788957659572356,3,19.0,4.6682705798224456e-05,0,0.0,1.0,0,0.0,1.0,5,80.0,0.3282698035705657,0,0.0,1.0,1,2.0,0.4689636065336512,0,3.0,0.733489255192476,0,0.0,0.6623780260334347,1,7.0,0.1802339460142638,0,0.0,0.9751908579215848,0,33.0,0.4892161839494452,0,0.0,0.9057232998354428,0,0.0,1.0,0.0,0.0,1.0
768.0,29.0,246.0,1.2238805970149254,9.770170687521857,201.0,2782.0,13.840796019900498,159.0,0.7910447761194029,28.0,352.0,74.0,4.673810576106689,6.285714285714286,6.285714285714286,56.0,2,21.0,0.2851315304184291,2,25.0,0.270342928213832,0,0.0,1.0,6,67.0,0.4197395280724912,1,24.0,0.482193901049137,0,0.0,0.3474783703855725,3,32.0,0.1414192581067726,0,5.0,0.6761741174006811,0,0.0,1.0,0,0.0,1.0,10,143.0,0.1242825978905612,0,0.0,1.0,0,0.0,1.0,0,3.0,0.9270955565205856,0,3.0,0.964105010381938,0,5.0,0.1919019123131609,2,13.0,0.3416648217245192,0,0.0,0.8695025052827356,1,4.0,0.0,0,0.0,1.0,1.0,7.0,1.4330287150218385e-05
776.0,21.0,172.0,0.864321608040201,9.782801577211847,199.0,2770.0,13.919597989949748,0.0,0.0,19.0,300.0,0.0,5.323371654384542,6.0,6.0,50.0,2,23.0,0.1742437874849441,2,12.0,0.3069826364991009,0,3.0,0.5924841006464947,1,52.0,0.497840135736332,1,32.0,0.5862143354231302,2,9.0,0.0003461968065207,4,73.0,0.1906336876408136,1,10.0,0.1526841751437891,0,0.0,1.0,0,0.0,0.933898457155491,0,27.0,0.4039061261556991,0,0.0,1.0,0,6.0,0.733876055080017,1,3.0,0.0004792805181429,1,6.0,0.2199625208290883,0,0.0,1.0,0,18.0,0.5523004495456713,1,4.0,0.0,3,19.0,0.3612011853189996,0,0.0,0.9788552826499488,0.0,3.0,0.923169749949209
784.0,21.0,234.0,1.1758793969849246,10.185880945369252,199.0,2830.0,14.22110552763819,60.0,0.3015075376884422,19.0,374.0,74.0,6.029051559158225,7.1923076923076925,7.1923076923076925,52.0,2,21.0,0.0008081797264639,2,28.0,0.0,0,0.0,1.0,4,82.0,0.3797859391774729,1,37.0,0.0,0,0.0,0.1196774323729256,5,117.0,0.3512764033495111,1,8.0,0.4745766089859925,0,0.0,1.0,0,0.0,0.8028426191404503,0,7.0,0.5233160514131133,0,0.0,1.0,0,31.0,0.711614913845088,0,0.0,1.0,1,12.0,0.6719881569261119,0,3.0,0.9325065412231904,0,0.0,0.2055437666001591,0,0.0,1.0,1,18.0,0.2486399802056202,0,0.0,1.0,2.0,10.0,0.3044080776310462
792.0,19.0,219.0,1.100502512562814,10.18460251681994,199.0,2789.0,14.015075376884422,0.0,0.0,17.0,300.0,0.0,5.682927994118279,7.142857142857143,7.142857142857143,42.0,1,25.0,0.4605717390155239,2,44.0,0.0863043252446867,0,0.0,1.0,2,64.0,0.2883885598568589,1,48.0,0.3184646824234897,0,0.0,1.0,1,37.0,0.4013325992813808,0,0.0,1.0,0,0.0,1.0,0,0.0,1.0,0,3.0,0.702164726845591,0,0.0,1.0,1,17.0,0.6830566953366811,0,0.0,1.0,2,19.0,0.0001864922836354,1,9.0,0.3337346363021619,1,9.0,0.5987158076089195,1,2.0,0.0001063192057809,4,23.0,0.0004619397713619,0,0.0,1.0,0.0,0.0,1.0
800.0,14.0,156.0,0.8210526315789474,10.30751436378576,190.0,2548.0,13.410526315789474,0.0,0.0,13.0,242.0,0.0,6.383654458268964,5.902439024390244,5.902439024390244,41.0,1,3.0,0.4479563299808642,3,66.0,0.0,0,0.0,0.0752098303948021,3,38.0,0.5090145752433151,1,60.0,0.4785008186173902,0,0.0,1.0,4,50.0,0.3173592717543693,0,0.0,1.0,0,0.0,1.0,0,0.0,1.0,1,4.0,0.4887423968383658,0,5.0,0.3085949053520298,0,7.0,0.6737598553747686,0,3.0,0.9257386897898708,0,0.0,0.9897857554151772,0,0.0,0.2588466393484757,0,0.0,0.5645824028468409,0,0.0,1.0,0,6.0,0.3625220828600368,0,0.0,1.0,0.0,0.0,1.0
808.0,14.0,64.0,0.3368421052631579,10.439093255653544,190.0,2449.0,12.889473684210529,0.0,0.0,13.0,133.0,0.0,6.698232771644544,3.5945945945945947,3.5945945945945947,37.0,2,16.0,0.3137692573156845,1,14.0,0.0,2,15.0,0.0,2,18.0,0.5627020734682675,0,10.0,0.7574000726794862,3,16.0,0.0021080322918155,0,9.0,0.6991401446220026,0,0.0,1.0,0,0.0,1.0,0,0.0,1.0,2,19.0,0.2327177914810418,1,9.0,0.0,0,0.0,0.4586052909087569,0,0.0,0.8255248357083499,0,0.0,1.0,0,3.0,0.9821535307153731,0,0.0,1.0,0,0.0,1.0,0,0.0,1.0,0,0.0,0.2530911867431247,0.0,4.0,0.9264981638066254
816.0,13.0,95.0,0.5191256830601093,10.278621211558749,183.0,2156.0,11.781420765027322,0.0,0.0,13.0,155.0,22.0,7.251804759995062,3.875,3.875,40.0,2,23.0,0.3228780741882432,1,28.0,0.4810249147976149,0,0.0,1.0,2,19.0,0.5329749528879025,0,3.0,0.7187540691166437,3,43.0,0.0466304408854842,3,20.0,0.000235564276643,0,0.0,0.8997429732895331,0,0.0,1.0,0,0.0,1.0,0,4.0,0.5027630067175544,0,0.0,1.0,2,6.0,0.2632456656042151,0,0.0,0.541702921549823,0,4.0,0.949695440270327,0,2.0,0.925327965620004,0,3.0,0.91347205528905,0,0.0,0.9731722364245124,0,0.0,1.0,0,0.0,0.7094017353656693,0.0,0.0,0.956491206484646
824.0,22.0,187.0,1.0053763440860215,9.720260565173938,186.0,2103.0,11.306451612903226,0.0,0.0,20.0,250.0,95.0,6.54977545067019,4.62962962962963,4.62962962962963,54.0,1,12.0,0.5435390811855256,1,30.0,0.4515101245603195,0,0.0,1.0,1,12.0,0.5387564057097288,2,7.0,0.0037114128527498,7,94.0,0.039300904626562,3,47.0,0.1807076382957394,0,0.0,1.0,0,0.0,1.0,0,0.0,1.0,0,3.0,0.7879696337270141,0,0.0,1.0,1,17.0,0.6138746805665571,1,8.0,7.550873130299538e-06,0,0.0,0.5547962828215298,2,11.0,0.0020233784317507,0,7.0,0.8355914952898127,0,0.0,0.4888026094920263,0,0.0,0.91582213355284,0,0.0,1.0,1.0,2.0,0.6403414161692885
832.0,18.0,85.0,0.4497354497354497,9.704097164202285,189.0,2161.0,11.433862433862434,58.0,0.3068783068783068,17.0,139.0,0.0,5.809058449511653,3.088888888888889,3.088888888888889,45.0,2,6.0,0.0048565173264489,0,0.0,1.0,0,3.0,0.6382415332806102,1,12.0,0.7109615495109158,0,3.0,0.6554334347113074,0,32.0,0.2997232439472068,0,4.0,0.944163909959154,1,3.0,2.0568139714733533e-05,0,0.0,1.0,0,0.0,1.0,0,0.0,1.0,0,0.0,1.0,5,41.0,0.3130571254092908,0,0.0,0.9435211500273422,0,0.0,0.9974224407500945,0,4.0,0.2887497571952253,4,13.0,0.0045989216712534,1,3.0,0.611901236968089,0,0.0,0.8702132495167437,0,0.0,1.0,3.0,15.0,0.2309366572812106
840.0,12.0,54.0,0.2903225806451613,10.233067638073042,186.0,2003.0,10.768817204301076,0.0,0.0,12.0,126.0,0.0,7.053702166328787,2.9302325581395348,2.9302325581395348,43.0,3,36.0,0.3815095871563884,0,0.0,1.0,1,1.0,0.0058633048474794,1,7.0,0.7181633307122987,0,6.0,0.8673117483708657,0,0.0,1.0,0,0.0,0.905174512826128,0,3.0,0.9280425599679244,0,0.0,1.0,0,0.0,1.0,1,4.0,0.5382320875471167,0,0.0,1.0,2,38.0,0.1346260343652854,0,0.0,0.9714162588204684,0,0.0,1.0,0,0.0,1.0,1,13.0,0.0,1,1.0,0.0251761639408531,1,3.0,0.7699328066153215,0,0.0,0.95131154697127,1.0,14.0,0.5800485060730346
848.0,9.0,46.0,0.2674418604651162,10.660308174925072,172.0,1865.0,10.843023255813954,0.0,0.0,8.0,109.0,0.0,8.09185393146585,3.0277777777777777,3.0277777777777777,36.0,0,8.0,0.5369093067858193,0,5.0,0.9523646013144248,0,0.0,1.0,1,14.0,0.6261161711610891,1,8.0,0.4113278343860294,0,0.0,1.0,0,0.0,1.0,1,3.0,0.0666086214154805,0,0.0,1.0,0,0.0,1.0,1,16.0,0.7039112500176563,0,0.0,1.0,1,17.0,0.1559368322100372,0,0.0,1.0,0,7.0,0.9240202573551546,0,0.0,1.0,0,0.0,0.6002968206216704,0,0.0,0.7894015571636326,2,12.0,0.0,0,0.0,1.0,1.0,19.0,0.7127243923265278
856.0,14.0,83.0,0.4853801169590643,10.23763331382451,171.0,1696.0,9.91812865497076,0.0,0.0,14.0,146.0,37.0,5.701680070199503,3.842105263157895,3.842105263157895,38.0,2,18.0,1.2624650431789905e-05,0,0.0,0.399957511159262,0,0.0,1.0,0,7.0,0.3261594752978172,2,9.0,0.0,0,0.0,1.0,0,3.0,0.9862162974402228,3,31.0,0.2487344277794033,0,0.0,1.0,0,0.0,1.0,2,10.0,0.3910619207772059,0,0.0,1.0,1,16.0,0.2073534691557489,0,0.0,1.0,0,0.0,0.6980545300364227,0,3.0,0.8106483890079907,0,0.0,1.0,0,3.0,0.617700430115541,2,35.0,0.3289438363025152,1,2.0,0.0029508220683094,1.0,9.0,0.5389215701786434
864.0,14.0,66.0,0.3837209302325581,10.062258652106264,172.0,1584.0,9.209302325581396,0.0,0.0,10.0,113.0,0.0,7.00965409585826,3.138888888888889,3.138888888888889,36.0,0,3.0,0.6173908657028231,0,3.0,0.6634301388848056,0,1.0,0.6200984561551585,2,18.0,4.666880149688982e-05,2,28.0,0.321060216293644,0,0.0,1.0,1,1.0,0.4038681892383303,1,4.0,0.4309529602706709,0,0.0,1.0,0,0.0,1.0,0,13.0,0.2943524297644702,0,3.0,0.1055955528194236,0,3.0,0.5500649343284918,0,3.0,0.934115649635032,0,0.0,0.9533290888846936,0,0.0,0.9758269349088278,0,0.0,1.0,2,23.0,0.3286967791520996,1,7.0,0.4880660564956773,0,0.0,1.0,1.0,3.0,0.6674365524374842
872.0,16.0,114.0,0.6666666666666666,10.213735164835544,171.0,1440.0,8.421052631578947,0.0,0.0,14.0,156.0,43.0,4.9641194369290895,4.875,4.875,32.0,1,11.0,0.2295780604984069,2,13.0,0.0966822754454492,1,3.0,8.164377158496713e-06,2,34.0,0.0,2,44.0,0.3131628338017024,0,0.0,0.9416815029650312,1,4.0,9.21518067112797e-06,0,0.0,1.0,0,0.0,0.1005656996504581,0,14.0,0.9313207095815416,0,3.0,0.6972240895695285,1,5.0,0.2035893410616992,2,5.0,0.303116222892551,0,0.0,1.0,0,0.0,0.7155227296573299,0,0.0,1.0,1,2.0,0.003512810424411,1,18.0,0.4943712261062566,0,0.0,1.0,0,0.0,1.0,0.0,0.0,0.9581030735717866
880.0,13.0,95.0,0.5523255813953488,10.08921370368282,172.0,1355.0,7.877906976744186,0.0,0.0,13.0,157.0,1.0,6.045322368116589,4.0256410256410255,4.0256410256410255,39.0,4,45.0,0.0739337584701299,3,38.0,0.4179977579551061,0,0.0,1.0,1,6.0,0.0514996067881237,0,0.0,1.0,0,0.0,0.910435631737598,0,3.0,0.9461485992251812,0,0.0,1.0,0,0.0,1.0,1,17.0,0.0,0,0.0,0.9109586481200564,0,0.0,1.0,1,13.0,0.3097742632986722,0,0.0,1.0,1,0.0,0.6537742631957576,0,0.0,1.0,0,3.0,0.2805632825146186,1,26.0,0.0,0,0.0,0.9350198986585074,0,3.0,0.5536223132807984,1.0,3.0,0.0006846944125422
888.0,12.0,95.0,0.5555555555555556,10.05852790487613,171.0,1364.0,7.976608187134503,9.0,0.0526315789473684,12.0,138.0,0.0,6.790188592777048,3.8333333333333335,3.8333333333333335,36.0,6,92.0,0.3144540062742389,1,3.0,0.1226742039705095,0,0.0,0.4096707067046164,0,7.0,0.3260680444884429,0,3.0,0.8710434071023867,1,8.0,0.3141729874571776,1,6.0,0.4662192451462058,0,0.0,1.0,0,0.0,1.0,0,0.0,1.0,0,2.0,0.6388290756041468,0,3.0,0.9434305576754628,2,3.0,0.0571349689072044,0,0.0,1.0,0,0.0,0.931081638826725,0,0.0,1.0,1,11.0,0.0,0,0.0,1.0,0,0.0,0.9942337828112936,0,0.0,1.0,0.0,0.0,0.4290995986239327
896.0,26.0,200.0,1.1363636363636365,8.964590893036753,176.0,1470.0,8.352272727272727,106.0,0.6022727272727273,16.0,212.0,74.0,4.745435170298215,6.625,6.625,32.0,7,144.0,0.2142265314056349,2,19.0,0.0,0,5.0,0.1187148611155894,0,0.0,1.0,3,17.0,0.2371735192399552,0,0.0,1.0,0,0.0,1.0,0,0.0,1.0,0,0.0,1.0,0,0.0,1.0,1,9.0,0.3545438333560621,0,0.0,1.0,1,0.0,0.3904560829966083,0,3.0,0.929344981745826,0,0.0,0.8030288338550817,0,0.0,1.0,0,3.0,0.5700784189231886,0,0.0,1.0,0,0.0,0.966581875486728,0,0.0,1.0,2.0,12.0,0.4039686256197209
904.0,20.0,287.0,1.5683060109289615,9.431938848033251,183.0,1615.0,8.825136612021858,145.0,0.7923497267759563,11.0,267.0,55.0,6.455200900052694,6.209302325581396,6.209302325581396,43.0,7,198.0,0.1884144337025065,2,7.0,0.0034541247583991,0,0.0,1.0,0,0.0,0.9366774226400688,0,16.0,0.4783453604280157,0,0.0,1.0,0,7.0,0.6410154325255781,0,0.0,1.0,0,0.0,1.0,0,0.0,1.0,1,26.0,0.6802258952330799,0,2.0,0.9747588232759922,0,6.0,0.7086529897260586,0,0.0,1.0,0,0.0,0.3141948146060822,0,0.0,0.9731141384577924,0,0.0,1.0,0,0.0,0.0131946739501826,0,0.0,1.0,0,0.0,0.9929653307211478,1.0,5.0,0.2976537034096448
912.0,22.0,201.0,1.0634920634920637,9.121519851019931,189.0,1745.0,9.232804232804233,130.0,0.6878306878306878,15.0,310.0,43.0,6.490830788935251,4.696969696969697,4.696969696969697,66.0,2,157.0,0.2000811929081867,0,4.0,0.3137139157247859,0,6.0,0.6748845623741409,0,0.0,0.3595072465985514,2,24.0,0.3063893376080073,0,3.0,0.4521002841936917,1,7.0,0.4736813912016731,1,3.0,0.4781431677948523,0,0.0,1.0,0,7.0,0.9514062053018928,3,45.0,0.5098806243103774,0,0.0,0.8362163792116973,1,14.0,0.4942700163961997,0,0.0,0.9688514453128044,0,0.0,0.5310000356572587,0,0.0,0.9366284298847776,0,0.0,1.0,1,11.0,0.3368218113555501,0,3.0,0.691580595441376,2,5.0,0.1250830504945811,2.0,21.0,0.2502193216504363
920.0,24.0,112.0,0.5863874345549738,9.11274717641322,191.0,1866.0,9.769633507853404,121.0,0.6335078534031413,21.0,267.0,0.0,6.6627783011186255,4.171875,4.171875,64.0,2,122.0,0.4779649495253738,2,15.0,0.0002870630172144,0,6.0,0.1583926358558778,1,10.0,0.7302683168164089,1,7.0,0.000122418884966,0,0.0,1.0,0,0.0,1.0,1,1.0,0.0049945815573653,0,0.0,0.9624945333217664,0,0.0,0.6637644282157507,2,17.0,0.4403678512740637,0,0.0,1.0,6,35.0,0.4523562417042907,1,3.0,4.72000569922168e-05,1,8.0,0.7028111713333043,0,0.0,1.0,0,1.0,0.8018779420549996,2,26.0,0.315220787559182,1,10.0,0.080433379831557,0,0.0,0.5562577468643206,1.0,6.0,0.0
928.0,22.0,161.0,0.8429319371727748,8.522548746170212,191.0,1915.0,10.026178010471204,49.0,0.256544502617801,17.0,346.0,79.0,5.195391210253874,5.40625,5.40625,64.0,2,154.0,0.2397729082148468,0,9.0,0.2984932436784582,0,3.0,0.7801095824407408,1,18.0,0.4397515291084681,0,0.0,1.0,0,0.0,0.980542680906948,0,3.0,0.6676647568722086,0,0.0,1.0,0,0.0,1.0,1,1.0,0.4959116297219477,2,30.0,0.2029296259394055,0,0.0,1.0,6,80.0,0.3695152189423831,0,0.0,1.0,3,21.0,0.3315292742024875,0,0.0,1.0,0,3.0,0.3066209913242408,1,18.0,0.4667638586686179,0,0.0,0.014050258293243,0,0.0,0.9705147481589166,1.0,6.0,0.348129044329432
936.0,31.0,255.0,1.3858695652173914,8.341939988766518,184.0,1857.0,10.092391304347826,0.0,0.0,30.0,439.0,93.0,2.72301776530068,7.440677966101695,7.440677966101695,59.0,6,170.0,0.0024111934076246,0,0.0,1.0,0,17.0,0.3663140115702054,1,8.0,0.0,0,0.0,1.0,1,2.0,0.4465955335431394,4,27.0,0.0010180509924315,0,3.0,0.9678593237059848,0,0.0,1.0,2,7.0,0.0771770294914063,1,20.0,0.2730839169330766,0,0.0,1.0,10,150.0,0.1215498972595719,0,0.0,0.1031792506988803,2,14.0,0.0484319941413802,0,0.0,1.0,0,0.0,1.0,1,3.0,0.5435312414682401,2,15.0,0.0,0,3.0,0.9318455471762698,0.0,0.0,1.0
944.0,22.0,332.0,1.8043478260869563,8.986614674457162,184.0,1938.0,10.532608695652174,81.0,0.4402173913043478,20.0,507.0,68.0,3.7681763515311695,10.14,10.14,50.0,2,133.0,0.09745512342272,0,0.0,1.0,0,21.0,0.1628083825787848,0,0.0,1.0,0,3.0,0.5723301547448577,0,0.0,1.0,4,63.0,0.2445530046738156,0,0.0,0.9414543694176716,0,0.0,1.0,0,5.0,0.3690147236244689,1,28.0,0.2199987167351981,0,0.0,0.9755469749480986,10,226.0,0.0871606721400894,0,0.0,1.0,1,7.0,0.0,0,0.0,1.0,0,0.0,0.974482477712622,2,13.0,0.0034111896673399,0,0.0,1.0,0,2.0,0.9110511594011496,0.0,6.0,0.9414362891851256
960.0,12.0,37.0,0.2078651685393258,9.878340949491848,178.0,2006.0,11.269662921348315,0.0,0.0,11.0,373.0,0.0,5.6229597624111545,8.108695652173912,8.108695652173912,46.0,1,91.0,0.269695921729028,1,1.0,0.0898430947384125,1,10.0,0.0083816882289242,1,8.0,0.0,0,0.0,0.9444274123418503,0,0.0,1.0,3,66.0,0.106992720191379,0,0.0,1.0,0,0.0,1.0,0,0.0,1.0,3,7.0,0.3279344838306421,0,0.0,1.0,1,171.0,0.3580132925104717,0,3.0,0.8869166100816528,0,0.0,0.3393178195624285,0,0.0,0.6665246580988388,0,0.0,1.0,0,13.0,0.2530160652973739,0,0.0,1.0,0,3.0,0.996912605072694,0.0,0.0,0.8923745931939555
968.0,16.0,54.0,0.2983425414364641,9.779742389992286,181.0,1990.0,10.994475138121548,0.0,0.0,13.0,261.0,0.0,6.638177335247513,5.019230769230769,5.019230769230769,52.0,5,117.0,0.1532408551828764,1,3.0,0.575329333054796,1,9.0,0.0463324378840189,0,0.0,1.0,0,3.0,0.8020453656743083,0,4.0,0.9042295505528646,1,38.0,0.125935184959568,0,0.0,1.0,0,18.0,0.9653694817980194,0,5.0,0.0439336532456475,1,30.0,0.4618408877855505,0,0.0,1.0,4,17.0,0.0704996690955085,0,11.0,0.7943735392011487,0,0.0,0.8089393499848212,0,0.0,1.0,0,0.0,1.0,0,3.0,0.8928605909786524,0,0.0,1.0,0,3.0,0.9476694781277144,0.0,0.0,0.9712009307845928
976.0,17.0,83.0,0.4689265536723164,9.224424465579633,177.0,1778.0,10.045197740112997,0.0,0.0,15.0,275.0,14.0,5.410517523778234,5.5,5.5,50.0,4,142.0,0.0445427300130197,2,11.0,0.3864773900623037,1,3.0,0.0055918380337368,0,0.0,1.0,1,1.0,0.4786952332475956,0,0.0,0.2739068279821677,3,49.0,0.1615745074889933,0,3.0,0.9700134312518488,0,0.0,0.929338302157266,0,0.0,1.0,1,30.0,0.4200494785735115,0,0.0,1.0,2,31.0,0.3033086833431162,0,0.0,0.7980295203256401,1,5.0,0.4724501296816742,0,0.0,1.0,0,0.0,1.0,0,0.0,0.2916525306522032,0,0.0,1.0,0,0.0,0.9254258846365324,0.0,0.0,0.9715006189573956
984.0,16.0,120.0,0.7142857142857143,9.25463793739332,168.0,1542.0,9.178571428571429,0.0,0.0,13.0,285.0,10.0,5.298542887815699,6.0638297872340425,6.0638297872340425,47.0,4,155.0,0.0,3,20.0,0.2285699051564573,0,0.0,1.0,0,0.0,1.0,1,5.0,0.0877601782744228,0,4.0,0.0520081246984425,2,40.0,0.0884963849328015,0,3.0,0.9921826364858808,0,0.0,0.9357850362122258,0,1.0,0.0531453901510581,0,18.0,0.8210591413828161,1,2.0,8.450130196570678e-05,0,22.0,0.3606569820304593,0,0.0,1.0,0,0.0,0.9946438915577818,0,0.0,1.0,0,0.0,1.0,1,8.0,0.0,0,0.0,1.0,1,7.0,0.2878605316364224,0.0,0.0,0.9291852954849148
992.0,19.0,70.0,0.4117647058823529,9.297742084239593,170.0,1637.0,9.629411764705882,95.0,0.5588235294117647,16.0,186.0,0.0,5.828480610732449,4.227272727272728,4.227272727272728,44.0,0,66.0,0.22606880560207,3,28.0,0.0714585246241764,0,0.0,1.0,0,3.0,0.9045124506975484,1,6.0,0.4745794783964688,0,0.0,1.0,1,20.0,0.4029976498980276,0,4.0,0.9257815005093292,1,5.0,0.4959556627905926,0,1.0,0.4851007028793634,2,10.0,0.4990065716699202,0,0.0,0.9902540637094376,1,6.0,0.4410246768738091,0,0.0,1.0,0,0.0,1.0,1,2.0,9.676432578114749e-05,0,0.0,1.0,0,0.0,1.0,0,0.0,1.0,4,31.0,0.0013329692469695,2.0,4.0,0.306858549308235
1000.0,16.0,100.0,0.5780346820809249,9.405456305651487,173.0,1613.0,9.323699421965316,0.0,0.0,14.0,164.0,0.0,4.9350765820239495,3.813953488372093,3.813953488372093,43.0,0,3.0,0.946845768360724,4,35.0,0.0004613180960203,0,0.0,1.0,0,6.0,0.4764165753120947,1,5.0,0.3352294941595786,0,0.0,0.9891207023299292,2,38.0,0.178715416858683,1,5.0,0.4819571369232975,0,0.0,1.0,0,0.0,1.0,2,34.0,0.3143940694985962,0,0.0,1.0,2,25.0,0.2913677796200735,1,0.0,0.2380500198105862,0,0.0,1.0,0,0.0,1.0,0,0.0,0.6089898532608813,0,0.0,0.8048447345026084,0,0.0,0.9075390029850688,1,13.0,0.3094506290439803,0.0,0.0,0.5706535403459148
1008.0,17.0,113.0,0.6174863387978142,9.10597468127381,183.0,1690.0,9.234972677595628,77.0,0.4207650273224044,17.0,173.0,9.0,5.352809848534333,3.392156862745098,3.392156862745098,51.0,0,0.0,0.7758916300477765,0,5.0,0.3437754000181168,0,3.0,0.7556392905377468,2,15.0,0.0012999311285022,2,21.0,0.4719298870008017,2,5.0,0.0174057284079138,1,38.0,0.27120866999995,1,4.0,0.1202278804036756,0,0.0,1.0,0,0.0,1.0,2,42.0,0.1974668198137803,0,0.0,1.0,1,6.0,0.5065741318862441,4,19.0,0.304658326771435,0,0.0,0.4720588512801705,0,0.0,1.0,1,10.0,0.5918174172545011,0,0.0,0.8398793025167259,0,0.0,1.0,0,0.0,1.0,1.0,5.0,0.0
1016.0,17.0,71.0,0.3858695652173913,9.67883851219442,184.0,1551.0,8.429347826086957,0.0,0.0,16.0,147.0,0.0,5.073364039585576,3.4186046511627906,3.4186046511627906,43.0,0,0.0,0.8903037038148393,0,0.0,1.0,3,19.0,0.221059030415876,2,34.0,0.2990215851655083,1,4.0,0.4982030066470992,0,0.0,0.280665692913897,3,51.0,0.1764954565451482,0,2.0,0.9189255231362516,0,0.0,1.0,0,0.0,1.0,3,14.0,0.1624077759661903,0,2.0,0.9698334800718564,1,2.0,0.2698717617073314,0,4.0,0.4568338954360684,1,0.0,0.4802277874438646,0,0.0,1.0,1,2.0,0.0067368757035995,0,0.0,1.0,0,0.0,1.0,0,0.0,1.0,1.0,13.0,0.0
1024.0,14.0,58.0,0.3169398907103825,9.614940845998124,183.0,1596.0,8.721311475409836,45.0,0.2459016393442623,14.0,186.0,39.0,5.648366472751243,3.576923076923077,3.576923076923077,52.0,1,4.0,4.652322523364215e-06,0,0.0,0.3218418690767941,5,38.0,0.0365159691379319,0,10.0,0.9447527704038284,0,3.0,0.7901618672042723,0,7.0,0.199874245590911,0,35.0,0.4834760286668293,1,6.0,0.0755226418083392,0,7.0,0.1372914954533447,0,0.0,1.0,1,34.0,0.4955679300627012,0,0.0,1.0,1,13.0,0.3370064636076314,5,26.0,0.086400764994048,0,0.0,0.6495803143028777,0,3.0,0.9853881081891552,0,0.0,0.9147589886007804,0,0.0,0.972232534770227,0,0.0,1.0,0,0.0,1.0,0.0,0.0,0.5748265519880155
1032.0,12.0,52.0,0.2780748663101604,10.135776461201202,187.0,1610.0,8.609625668449198,14.0,0.0748663101604278,10.0,147.0,0.0,6.249037314781898,3.340909090909091,3.340909090909091,44.0,0,0.0,1.0,1,0.0,0.1557229715369668,1,25.0,0.0871676896871428,0,7.0,0.6920707269724646,1,3.0,0.0002342451057258,3,23.0,0.0001936923097603,2,46.0,0.4863480033273772,0,0.0,1.0,0,0.0,1.0,0,0.0,1.0,1,24.0,0.3948074608043741,0,0.0,1.0,0,8.0,0.1803323333612542,0,4.0,0.2383717332353987,0,0.0,0.694934470473799,0,0.0,1.0,1,1.0,0.7276729290592227,0,0.0,1.0,0,1.0,0.932995299036642,0,0.0,1.0,0.0,5.0,0.9515653834361206
1040.0,14.0,86.0,0.4725274725274725,10.320299033180005,182.0,1484.0,8.153846153846153,0.0,0.0,13.0,137.0,0.0,6.9460445676462905,2.537037037037037,2.537037037037037,54.0,0,0.0,1.0,2,4.0,0.3171504767571663,2,30.0,0.0926358676371974,5,31.0,0.2055042544876064,1,11.0,0.0,0,0.0,0.0142145928028733,1,22.0,0.1924671065638986,0,3.0,0.6572152265397806,0,0.0,1.0,0,0.0,0.8269649082127354,1,17.0,0.5391633007055563,0,0.0,0.9515326045652318,0,11.0,0.8955432701501019,0,0.0,1.0,0,0.0,0.8264431708787192,0,0.0,0.929529762055744,0,0.0,0.8609280716455806,0,0.0,0.3954168440165622,1,3.0,0.0013038901685658,0,0.0,0.9292847814870856,0.0,5.0,0.7234436174333551
1048.0,17.0,117.0,0.65,9.899686112781902,180.0,1444.0,8.022222222222222,0.0,0.0,13.0,164.0,27.0,6.3770967399974365,2.981818181818182,2.981818181818182,55.0,0,0.0,0.9581196719907344,0,1.0,0.3522546527928548,2,49.0,0.3902187964451786,2,25.0,0.1238117252110417,1,1.0,0.0036472600672953,0,0.0,0.5947331309430208,1,31.0,0.4673173856892536,1,11.0,0.0549194837675367,0,0.0,1.0,0,0.0,0.8488527634763837,1,25.0,0.523941621088724,1,3.0,0.000539669746359,1,3.0,0.4155212544101326,0,0.0,1.0,0,0.0,0.9244700055705152,0,0.0,0.983137820318584,0,3.0,0.5636786141860521,2,10.0,0.3213951475808724,0,0.0,1.0,1,2.0,0.0018099005225929,0.0,0.0,0.9712358107168892
1056.0,25.0,152.0,0.8172043010752689,9.201431356764587,186.0,1540.0,8.279569892473118,96.0,0.5161290322580645,21.0,187.0,23.0,3.9727753707146953,3.6666666666666665,3.6666666666666665,51.0,0,0.0,0.0340386676738788,1,0.0,0.2481620897424009,1,21.0,0.0,7,70.0,0.0770492553013277,0,0.0,1.0,0,0.0,1.0,1,13.0,0.3924916526131342,2,29.0,0.4909801043779077,0,0.0,1.0,0,0.0,0.2899077577510036,3,11.0,0.2077186672361274,1,3.0,0.0001421328349796,3,11.0,0.0783216962204266,0,0.0,1.0,0,0.0,0.50313174314359,0,0.0,1.0,2,17.0,0.2740824158422559,0,12.0,0.4552130281982895,0,0.0,1.0,0,0.0,1.0,0.0,0.0,0.9272601095856606
1064.0,33.0,266.0,1.4456521739130437,9.42325843934688,184.0,1548.0,8.41304347826087,8.0,0.0434782608695652,32.0,363.0,176.0,4.246785824770993,6.05,6.05,60.0,0,3.0,0.8795970406206725,2,9.0,0.3517245081447084,1,31.0,0.4969333641098255,2,74.0,0.1160499045541227,0,3.0,0.7265732034417972,0,0.0,0.9768895846886336,2,15.0,0.0878652225954346,2,42.0,0.0,0,3.0,0.0161818607863144,0,0.0,1.0,10,74.0,0.0815431288178479,0,0.0,1.0,6,44.0,0.0007890824497191,0,0.0,1.0,0,0.0,0.9700899112792372,0,3.0,0.9400549191485884,3,28.0,0.2446766003018978,3,32.0,5.001270242317834e-05,0,0.0,0.6214281529563679,0,0.0,1.0,1.0,2.0,0.4707996897168635
1072.0,29.0,240.0,1.2972972972972974,9.15742415344164,185.0,1769.0,9.562162162162162,221.0,1.1945945945945946,29.0,410.0,47.0,3.88859235240016,7.321428571428571,7.321428571428571,56.0,0,6.0,0.7609051415966475,3,8.0,0.161622353328698,0,0.0,0.0475281999719783,3,44.0,0.2503017859754071,2,13.0,0.0003037522356911,1,7.0,0.4045612141260398,7,57.0,0.2183773148160624,2,58.0,0.0,1,2.0,0.0022136481446583,0,0.0,1.0,3,73.0,0.1561960975900691,0,0.0,1.0,2,61.0,0.1856091712777715,0,0.0,1.0,0,0.0,0.5646625608885711,0,0.0,1.0,3,52.0,0.0,1,17.0,0.0,1,9.0,0.6686949834877616,0,3.0,0.9235856905762836,0.0,0.0,0.8673899198331931
1080.0,18.0,64.0,0.3497267759562841,9.781888135654542,183.0,1776.0,9.704918032786884,7.0,0.0382513661202185,13.0,182.0,0.0,5.829225493693763,4.333333333333333,4.333333333333333,42.0,0,0.0,0.9584479412075316,3,11.0,0.2801505973361512,1,10.0,0.245627297659776,1,18.0,0.209446733637027,0,6.0,0.8345456615793283,1,5.0,0.0009203746111346,3,65.0,0.0953688914312215,0,0.0,1.0,0,0.0,1.0,0,0.0,1.0,0,39.0,0.5548363793012419,0,0.0,0.0075155891370856,1,18.0,0.4650583481916176,0,0.0,1.0,1,0.0,0.4800485308500964,0,0.0,1.0,0,0.0,1.0,0,3.0,0.621780986851983,2,4.0,0.0011349000319621,0,0.0,1.0,0.0,3.0,0.9449158588601798
1088.0,17.0,79.0,0.4438202247191011,10.042564981420284,178.0,1741.0,9.780898876404494,0.0,0.0,14.0,180.0,0.0,5.891287606259465,3.9130434782608696,3.9130434782608696,46.0,0,0.0,1.0,0,10.0,0.4411270206098392,0,0.0,1.0,2,30.0,0.3945952296413605,2,16.0,0.3275843623449371,0,0.0,1.0,2,48.0,0.3797763723540248,0,0.0,1.0,0,0.0,1.0,0,0.0,1.0,2,34.0,0.3959942359739789,0,0.0,0.4705896659616053,1,16.0,0.0005973382974747,0,0.0,1.0,0,0.0,0.7506117733327081,0,0.0,1.0,0,0.0,1.0,4,24.0,0.1572970041856581,0,0.0,0.9961247535737084,0,0.0,1.0,1.0,2.0,3.560235261716916e-05
1096.0,14.0,63.0,0.3442622950819672,10.070273209590168,183.0,1830.0,10.0,89.0,0.4863387978142076,13.0,173.0,0.0,5.560672290265252,3.6808510638297873,3.6808510638297873,47.0,0,3.0,0.7892159327488617,2,14.0,0.2505949803332725,0,0.0,1.0,0,15.0,0.414837256896848,0,9.0,0.8633097563396172,1,9.0,0.513871413815331,3,55.0,0.0738086226232076,0,3.0,0.7556649159170854,0,0.0,1.0,0,0.0,1.0,2,23.0,0.0853817751739103,0,0.0,1.0,0,0.0,1.0,0,3.0,0.7497430058347143,1,4.0,0.630481634732549,0,0.0,1.0,0,0.0,0.9479043501239892,4,35.0,0.0731149768337244,0,0.0,1.0,0,0.0,1.0,0.0,0.0,1.0
1104.0,15.0,71.0,0.3837837837837838,10.38790585467199,185.0,1919.0,10.372972972972972,89.0,0.4810810810810811,12.0,261.0,88.0,8.212625443739988,5.326530612244898,5.326530612244898,49.0,0,4.0,0.6175836242950179,0,0.0,1.0,0,4.0,0.6132730212542274,2,29.0,0.454539485397973,2,16.0,0.6791177205968335,0,0.0,0.6102518573064116,7,146.0,0.0002518436135082,0,10.0,0.9106893289676976,0,6.0,0.8958580493783089,0,0.0,1.0,0,20.0,0.4482443053102092,0,0.0,1.0,0,3.0,0.4603382999870685,0,0.0,1.0,0,0.0,0.8490388953976905,0,3.0,0.9444726493051258,1,2.0,0.0038746671700961,0,9.0,0.4571054698432717,0,0.0,1.0,0,0.0,1.0,0.0,9.0,0.9143496599729988
1112.0,24.0,160.0,0.8648648648648649,9.714659130134102,185.0,1955.0,10.567567567567568,36.0,0.1945945945945946,17.0,308.0,47.0,6.17493179402612,6.844444444444444,6.844444444444444,45.0,2,20.0,0.4497919436878982,0,0.0,1.0,0,0.0,1.0,2,45.0,0.5542353963308042,3,35.0,0.5508607548619476,3,18.0,4.506533949190316e-05,2,136.0,0.1055338239429057,0,0.0,0.8992010379469628,1,6.0,1.0289986458070008e-05,0,0.0,1.0,0,5.0,0.2073347328029045,0,0.0,1.0,0,0.0,0.7721831089082015,0,0.0,0.603394965944476,0,3.0,0.8630872892124448,1,7.0,2.165052016864149e-05,0,0.0,0.0250332228225473,2,28.0,0.137972075753686,0,0.0,1.0,0,0.0,0.9354558638854666,1.0,5.0,0.0
1120.0,15.0,81.0,0.4285714285714285,10.193550743822277,189.0,2052.0,10.857142857142858,97.0,0.5132275132275133,10.0,270.0,0.0,5.929204639293429,7.5,7.5,36.0,2,39.0,0.2398213527598519,1,0.0,0.0,0,0.0,1.0,2,18.0,0.4298209985531558,2,20.0,0.2905302668495438,0,0.0,1.0,3,157.0,0.1791568228959435,0,0.0,1.0,0,0.0,1.0,0,0.0,1.0,0,9.0,0.7366523210434089,0,0.0,0.9945120601235772,0,0.0,0.758426526843886,0,0.0,1.0,0,0.0,0.34609156371252,0,0.0,1.0,0,6.0,0.9613103142260566,0,18.0,0.6421888262472815,0,0.0,1.0,0,0.0,1.0,0.0,3.0,0.0637888714232502
1128.0,13.0,28.0,0.1497326203208556,10.317426273916087,187.0,2020.0,10.802139037433156,0.0,0.0,8.0,199.0,0.0,8.495676160314007,4.326086956521739,4.326086956521739,46.0,0,3.0,0.7165896283626612,0,3.0,0.6852203328223394,0,0.0,0.979181004283318,1,8.0,0.6712965229441642,2,20.0,0.3183302836414007,0,4.0,0.6106381080238014,2,128.0,0.1798925564331853,0,0.0,1.0,0,0.0,1.0,0,0.0,1.0,0,0.0,0.7897361548186397,0,0.0,0.9500282568080096,1,18.0,0.6646555060587842,0,0.0,1.0,1,0.0,0.5391634074030328,0,0.0,0.659129299297144,1,9.0,0.2939023541141902,0,5.0,0.9236798550403492,0,0.0,1.0,0,0.0,1.0,0.0,1.0,0.8498603917447168
1136.0,12.0,62.0,0.3246073298429319,10.504505218516748,191.0,2065.0,10.811518324607327,45.0,0.2356020942408377,7.0,73.0,0.0,8.090062541253285,1.921052631578948,1.921052631578948,38.0,1,2.0,0.6199090071489968,1,7.0,0.4928197956651863,0,0.0,1.0,1,10.0,0.3169707987417421,1,18.0,0.6540913889452291,1,10.0,0.0055608854837567,1,14.0,0.4245511787527098,0,0.0,1.0,0,0.0,1.0,0,0.0,1.0,0,3.0,0.7027062882931546,0,0.0,1.0,0,3.0,0.7423725121836338,0,0.0,1.0,0,0.0,0.8837287279297744,0,0.0,0.935581783024248,1,6.0,0.1440165829796882,0,0.0,1.0,0,0.0,1.0,0,0.0,1.0,0.0,0.0,1.0
1144.0,23.0,165.0,0.8967391304347826,9.969348395737516,184.0,1889.0,10.266304347826088,0.0,0.0,16.0,158.0,85.0,5.924212269359691,3.4347826086956523,3.4347826086956523,46.0,0,1.0,0.7678622107446357,1,15.0,0.6239794028089549,0,0.0,0.3131660274294521,3,30.0,0.3306234864668539,1,26.0,0.5027431871683334,2,33.0,0.1705508872968826,2,17.0,0.3374032706212855,0,0.0,1.0,0,0.0,1.0,0,0.0,1.0,2,9.0,0.2269431411680003,0,0.0,1.0,0,3.0,0.9636709562174556,0,2.0,0.8617967212145512,1,0.0,0.421016975460994,0,0.0,1.0,1,9.0,0.4808588854485529,2,11.0,0.0070926233572783,0,0.0,1.0,1,2.0,0.2352307993864603,0.0,0.0,1.0
1152.0,17.0,168.0,0.8795811518324608,9.788023404353542,191.0,2015.0,10.549738219895287,126.0,0.6596858638743456,14.0,225.0,67.0,5.61842126323279,5.357142857142857,5.357142857142857,42.0,0,0.0,1.0,2,23.0,0.1600723586961395,0,0.0,1.0,3,52.0,0.0,1,35.0,0.5183831818811901,5,64.0,0.2509533422455262,1,17.0,0.1155427216607486,0,0.0,1.0,0,0.0,1.0,0,0.0,1.0,0,15.0,0.5639437433084292,0,0.0,0.7871763332832745,0,0.0,0.8978330187730698,0,2.0,0.9299772728874728,0,0.0,0.7566964167074801,0,0.0,1.0,1,6.0,0.2812463484086757,1,11.0,0.0,0,0.0,0.7569060164760764,0,0.0,1.0,0.0,0.0,1.0
1160.0,15.0,82.0,0.4248704663212435,10.326921552284626,193.0,1983.0,10.27461139896373,0.0,0.0,13.0,144.0,0.0,5.588720345035144,4.0,4.0,36.0,0,0.0,1.0,1,31.0,0.5826729677170897,0,0.0,1.0,0,17.0,0.300390006281328,3,14.0,0.1430231343149421,1,16.0,0.1582811272152733,1,20.0,0.4515904288169915,1,1.0,0.4494073176448226,0,0.0,1.0,0,0.0,1.0,2,17.0,0.0006113843800927,0,0.0,1.0,0,0.0,0.9450598564609152,1,7.0,0.0,1,1.0,0.4450629901168912,0,3.0,0.9446133797293104,2,17.0,0.1507656833873456,0,0.0,0.3557648570844038,0,0.0,0.9338466410398006,0,0.0,0.6861139546160566,0.0,0.0,1.0
1168.0,16.0,123.0,0.6473684210526316,10.46057164564223,190.0,1911.0,10.057894736842105,0.0,0.0,14.0,176.0,32.0,8.045646310472224,4.512820512820513,4.512820512820513,39.0,0,0.0,0.9321485971285034,2,46.0,0.5055881789607802,0,0.0,1.0,1,21.0,0.6548063318958951,2,16.0,0.3074746292333761,1,10.0,0.4706971366485477,2,21.0,0.0021033540336031,0,0.0,0.8320173662076108,0,0.0,1.0,0,0.0,0.8124543063501704,0,0.0,1.0,0,0.0,1.0,0,0.0,0.7494549623141948,1,15.0,0.0,0,7.0,0.8250419661830604,0,2.0,0.8996572066896994,2,24.0,3.852981050217968e-06,2,8.0,5.635881014341189e-05,0,0.0,0.7924035156005547,1,6.0,0.3892678925611595,0.0,0.0,0.8842020520161389
1176.0,10.0,68.0,0.3617021276595745,11.132157155922153,188.0,1895.0,10.079787234042554,0.0,0.0,8.0,136.0,0.0,8.759498915331829,4.0,4.0,34.0,0,0.0,1.0,1,1.0,0.0038041018621459,1,8.0,0.4613259425498776,1,29.0,0.56785933227497,1,15.0,0.6077884507620261,1,4.0,0.0001657602544347,0,13.0,0.2321182721451193,0,0.0,0.9736941439040626,0,0.0,1.0,0,0.0,1.0,0,0.0,1.0,0,0.0,1.0,0,31.0,0.9627908948422728,0,0.0,1.0,1,0.0,0.6415113181446587,0,3.0,0.9422284151861262,0,3.0,0.581213491136138,0,0.0,0.988200012286356,0,0.0,0.9369083635069566,1,17.0,0.4781617192352833,1.0,12.0,0.7005499579394217
1184.0,12.0,68.0,0.3655913978494624,10.9747960748231,186.0,1750.0,9.408602150537634,0.0,0.0,9.0,186.0,50.0,8.40994681698291,4.325581395348837,4.325581395348837,43.0,0,0.0,1.0,0,0.0,1.0,1,9.0,0.3346906646038389,3,55.0,0.4069986686388428,0,2.0,0.9278143383240616,1,12.0,0.0,0,9.0,0.7412696742832577,1,10.0,0.7126982857202794,0,0.0,1.0,0,0.0,1.0,0,39.0,0.7238586503914948,0,0.0,1.0,0,31.0,0.8470155413500298,0,0.0,1.0,0,0.0,0.7369147682881853,0,0.0,0.9513721054098236,0,0.0,0.352426278389979,1,2.0,0.3553146767312001,0,0.0,1.0,1,9.0,0.3068707354762544,1.0,8.0,0.6285053180078946
1192.0,11.0,47.0,0.2596685082872928,10.74687282775832,181.0,1718.0,9.49171270718232,0.0,0.0,10.0,116.0,0.0,6.964333586435748,2.636363636363636,2.636363636363636,44.0,0,7.0,0.0322450684310266,0,0.0,1.0,0,0.0,1.0,3,20.0,0.2188156509679824,0,2.0,0.7116662580813834,0,7.0,0.4323462113398617,1,17.0,0.4469358377572551,1,3.0,0.0681223011459999,0,0.0,0.8977519487929021,0,0.0,1.0,0,0.0,1.0,0,0.0,1.0,0,29.0,0.8963545707468255,0,0.0,1.0,0,0.0,0.8886077374599881,0,0.0,0.9963055219045438,0,2.0,0.974771225481169,2,16.0,0.2289017381634555,0,0.0,0.9058865496080442,1,6.0,0.3380222062839348,2.0,7.0,0.3105350132122313
1200.0,22.0,133.0,0.7687861271676301,10.140084735804386,173.0,1641.0,9.485549132947977,0.0,0.0,22.0,180.0,64.0,5.751203596429495,4.090909090909091,4.090909090909091,44.0,0,7.0,0.9701825392078146,0,0.0,1.0,0,0.0,0.886606405559452,6,46.0,0.0710670974131041,2,15.0,0.4623573648528184,0,0.0,0.5348582858605896,0,7.0,0.2840349415826697,2,25.0,0.46669568595891,2,6.0,0.0022596739539342,1,6.0,0.458530554642397,0,0.0,1.0,0,0.0,1.0,0,2.0,0.9323683045026128,0,0.0,0.8009182893831907,0,0.0,0.959317630991106,0,0.0,1.0,1,5.0,0.2375506975440623,4,19.0,0.0387349471903437,0,0.0,1.0,2,19.0,2.0942242798600304e-05,2.0,23.0,0.3039388219555224
1208.0,15.0,130.0,0.7926829268292683,10.33010745337544,164.0,1674.0,10.207317073170731,33.0,0.2012195121951219,13.0,195.0,15.0,5.277461918453122,5.131578947368421,5.131578947368421,38.0,0,0.0,0.328521174745664,0,0.0,1.0,1,4.0,0.2174883720009653,4,66.0,0.0837434236644594,0,6.0,0.7352948077668336,1,6.0,0.0,2,23.0,0.0400052317644771,2,35.0,0.3311701656184068,0,0.0,1.0,0,0.0,0.5593709615051841,0,4.0,0.5812430147744428,0,6.0,0.9941416475084258,0,2.0,0.962925936528922,0,0.0,0.2277817327466534,0,0.0,0.945422589647388,0,0.0,1.0,1,13.0,0.2279289522117136,1,12.0,0.490134169798418,0,0.0,1.0,0,0.0,1.0,1.0,18.0,0.1861185764076122
1216.0,15.0,196.0,1.187878787878788,10.19377300647141,165.0,1783.0,10.806060606060608,109.0,0.6606060606060606,14.0,249.0,54.0,5.785180887660206,5.928571428571429,5.928571428571429,42.0,0,0.0,0.9918249282988588,0,1.0,0.6670225853019174,0,0.0,1.0,4,81.0,0.0,1,10.0,0.4048334691802104,1,6.0,0.4547659980871083,0,19.0,0.4716984072584769,2,50.0,0.0,0,0.0,1.0,1,4.0,9.916124680802325e-05,1,8.0,0.6347600427400187,0,3.0,0.8532797540843907,0,0.0,0.979805197659802,0,0.0,0.89074680550161,0,0.0,0.3324026093610196,0,0.0,1.0,1,21.0,0.3122056881871854,2,20.0,0.1151124720315135,0,0.0,1.0,0,0.0,0.4885116404235626,1.0,26.0,0.4585160015818524
1224.0,15.0,90.0,0.5625,10.198263168127507,160.0,1680.0,10.5,0.0,0.0,12.0,146.0,0.0,6.488155664356784,4.171428571428572,4.171428571428572,35.0,0,3.0,0.6824158381157853,0,0.0,1.0,0,0.0,0.9504112599056488,0,29.0,0.5707088657184642,4,25.0,0.0011658757867399,1,2.0,0.4146900584271395,0,0.0,0.3796315392461701,0,3.0,0.936712829777685,0,0.0,1.0,0,0.0,1.0,2,14.0,0.2530475490190459,0,0.0,1.0,0,0.0,1.0,0,0.0,1.0,0,0.0,0.7673054422286295,0,0.0,0.7744535217906344,4,42.0,0.0012336892006367,0,23.0,0.3228913822909355,0,0.0,1.0,0,0.0,0.9972961071017956,1.0,5.0,8.529782568643766e-05
1232.0,15.0,103.0,0.6280487804878049,10.087873712482882,164.0,1770.0,10.792682926829269,90.0,0.5487804878048781,14.0,197.0,51.0,5.739583065076375,4.020408163265306,4.020408163265306,49.0,2,17.0,0.2591829808974193,1,4.0,0.2323203674763707,0,0.0,1.0,1,27.0,0.3026753799225265,0,12.0,0.571672228475731,1,10.0,0.2070551196979522,2,16.0,0.2695184831923587,1,9.0,0.5340368311427648,0,3.0,0.0069129471405591,0,0.0,1.0,0,15.0,0.1985802580240723,0,0.0,1.0,0,3.0,0.4784894136710441,0,0.0,0.6373117182690085,1,3.0,0.4677429771835393,0,0.0,1.0,3,65.0,0.0,0,2.0,0.7783729956252698,0,0.0,1.0,2,5.0,0.0006687777493894,0.0,6.0,0.9444563320268302
1240.0,22.0,192.0,1.1294117647058823,9.784012724086027,170.0,1866.0,10.976470588235294,96.0,0.5647058823529412,21.0,228.0,31.0,5.847219242941318,4.384615384615385,4.384615384615385,52.0,2,16.0,0.002234153726217,1,12.0,0.3925800424722704,0,0.0,1.0,1,7.0,2.1696157216341403e-05,2,11.0,0.4834068149388825,0,0.0,0.3366348263273769,2,32.0,0.3115430045018348,1,14.0,0.2809972548135251,0,0.0,1.0,0,0.0,1.0,0,0.0,1.0,0,0.0,1.0,0,7.0,0.8696162232385511,2,4.0,0.2536356245500799,1,11.0,0.5349907209705096,0,0.0,0.8902182841639805,4,90.0,0.1453474397215204,5,21.0,0.1466642091134461,0,0.0,0.922051895735972,0,3.0,0.7557576962376245,0.0,0.0,0.8833892863141889
1248.0,21.0,208.0,1.1954022988505748,9.416850467528212,174.0,1902.0,10.93103448275862,36.0,0.2068965517241379,20.0,245.0,17.0,4.795035761738408,4.9,4.9,50.0,3,47.0,0.064879838939114,4,36.0,0.142679515229725,0,3.0,0.3760386247284839,0,0.0,1.0,1,11.0,0.2417671620084674,0,0.0,0.9539803119914616,0,8.0,0.910574236309678,1,22.0,0.0,1,7.0,0.0076295556320088,0,0.0,1.0,0,0.0,1.0,0,0.0,1.0,0,0.0,0.7799919116331465,0,0.0,0.7171329873593192,0,0.0,0.7586307731482977,0,0.0,0.9504512514777022,6,82.0,0.0786704360589226,3,25.0,0.1144386655529123,1,4.0,0.0002737110418061,0,0.0,1.0,0.0,0.0,1.0
1256.0,14.0,192.0,1.1294117647058823,10.520482088149956,170.0,1873.0,11.01764705882353,0.0,0.0,14.0,246.0,1.0,6.463518714952197,6.648648648648648,6.648648648648648,37.0,0,16.0,0.5924272147164071,6,79.0,0.0545615119900989,1,8.0,1.555155409125101e-05,0,0.0,1.0,1,19.0,0.4133913484605827,0,0.0,0.9412508833869522,1,7.0,2.0189527697881075e-05,0,0.0,1.0,0,0.0,1.0,0,0.0,1.0,0,0.0,1.0,0,0.0,0.4023679847066799,0,0.0,0.9872787067868252,0,0.0,0.9489841093129504,0,0.0,0.7888970521523728,0,0.0,1.0,4,100.0,0.3028185837646767,1,17.0,0.0827601059672129,0,0.0,1.0,0,0.0,1.0,0.0,0.0,0.9955923009594908
1264.0,17.0,224.0,1.382716049382716,10.724206785118,162.0,1753.0,10.820987654320987,0.0,0.0,16.0,323.0,77.0,5.307086464691703,9.228571428571428,9.228571428571428,35.0,1,19.0,0.3008162604070676,3,90.0,0.0886709874949062,1,7.0,0.0,1,4.0,0.4759530625097884,2,33.0,0.3258810408390123,1,5.0,0.4132388406953903,0,0.0,1.0,0,3.0,0.9471479004220374,0,0.0,0.9458129561069952,0,0.0,1.0,0,6.0,0.9597139088244488,0,0.0,1.0,0,3.0,0.9644814748163916,0,0.0,1.0,0,0.0,1.0,0,3.0,0.9919901484155488,5,135.0,0.1022034510267212,1,14.0,0.4788539092757048,0,0.0,1.0,1,1.0,0.2414963032851634,0.0,0.0,1.0
1272.0,14.0,40.0,0.2409638554216867,10.42781922462226,166.0,1749.0,10.536144578313252,0.0,0.0,12.0,144.0,0.0,7.816470042442538,3.2,3.2,45.0,0,2.0,0.984205779895351,2,60.0,0.2449044097357478,0,6.0,0.6874334525157908,0,0.0,0.8087296317545345,1,21.0,0.628605787762225,0,0.0,1.0,0,3.0,0.8520612340998215,2,10.0,0.0019801139989315,0,4.0,0.0869726863452517,0,0.0,1.0,2,10.0,0.3100147330485885,0,0.0,0.9649774125747416,0,6.0,0.9393919605322674,1,0.0,0.0,1,3.0,0.3618455219533721,1,6.0,0.0273771887096056,2,8.0,0.2649478654402549,0,3.0,0.9013534823378676,0,0.0,1.0,0,0.0,0.8282040556247801,0.0,2.0,0.9596079138951322
1280.0,14.0,67.0,0.4135802469135802,10.403151000382506,162.0,1777.0,10.969135802469136,28.0,0.1728395061728395,11.0,130.0,0.0,8.20499908506152,2.6,2.6,50.0,0,6.0,0.8521674989337935,2,47.0,0.2017468741564708,0,0.0,1.0,0,3.0,0.6883137738576192,1,1.0,0.1606060648702932,0,0.0,1.0,2,6.0,0.0356804575826676,2,32.0,0.3315142060333317,1,1.0,0.4342014039724657,0,0.0,1.0,0,0.0,0.8984025211139463,0,0.0,0.8534298741253316,0,3.0,0.7360036514393073,0,0.0,0.9311200947326128,1,11.0,0.6958315600311452,0,5.0,0.2014945998981316,1,10.0,0.4556104620183185,1,5.0,0.0004802577051045,0,0.0,1.0,0,0.0,1.0,0.0,0.0,0.918732510391286
1288.0,21.0,149.0,0.9430379746835444,9.90223856189757,158.0,1772.0,11.21518987341772,0.0,0.0,18.0,159.0,29.0,6.244821155202295,3.697674418604651,3.697674418604651,43.0,1,9.0,0.1527704092850622,4,38.0,0.0,2,9.0,0.0022561282180577,2,8.0,0.4816593438250774,2,14.0,0.2212783231409196,0,0.0,1.0,0,0.0,1.0,3,53.0,0.1465978396112031,0,0.0,1.0,0,3.0,0.9856883807770218,0,0.0,1.0,1,2.0,0.0003331384579204,0,7.0,0.828358797607459,1,3.0,0.0731008292643851,1,3.0,0.604183625428766,0,3.0,0.867881125775916,1,4.0,0.3896236208555986,0,3.0,0.7131266742139996,0,0.0,1.0,0,0.0,0.9707545738560284,0.0,0.0,1.0
1296.0,21.0,217.0,1.35625,10.314280409480704,160.0,1856.0,11.6,84.0,0.525,14.0,197.0,38.0,7.265355108818296,5.051282051282051,5.051282051282051,39.0,2,28.0,0.1513800693992251,1,22.0,0.6313920500980017,0,6.0,0.7218439811275129,2,10.0,0.5890473520637737,1,17.0,0.0,0,0.0,1.0,0,0.0,1.0,3,77.0,0.0141821091571076,0,0.0,1.0,0,0.0,1.0,0,3.0,0.9399383722619292,0,0.0,1.0,0,0.0,0.8237338977825404,0,0.0,0.8796608461108464,1,13.0,0.6693921896989012,0,0.0,1.0,1,6.0,3.757037910928353e-05,3,11.0,0.3212543619689509,0,0.0,0.8433832391314726,0,0.0,1.0,0.0,4.0,0.9776103446463872
1304.0,12.0,79.0,0.5031847133757962,10.268567585361446,157.0,1844.0,11.745222929936306,0.0,0.0,10.0,127.0,0.0,7.21426512796068,2.953488372093023,2.953488372093023,43.0,0,11.0,0.4587358429784132,4,41.0,0.0015765887063578,0,0.0,1.0,1,8.0,0.3044918886192076,0,2.0,0.0295158249927871,0,0.0,1.0,0,0.0,0.4785551524951663,0,37.0,0.7969363101337748,0,0.0,1.0,0,0.0,1.0,0,0.0,0.8103772504706724,0,0.0,1.0,1,2.0,0.7277705288947246,0,0.0,0.8309540525826179,1,11.0,0.4333236278532307,0,0.0,1.0,1,4.0,0.1855641598478539,1,7.0,0.0703958335746458,1,1.0,0.0059151171257085,0,0.0,1.0,0.0,3.0,0.9233851999743088
1312.0,19.0,109.0,0.6987179487179487,9.739684293346526,156.0,1713.0,10.98076923076923,0.0,0.0,17.0,210.0,83.0,5.469055948987902,5.526315789473684,5.526315789473684,38.0,2,18.0,0.3704094174010549,1,35.0,0.0,1,7.0,0.440262848785132,2,24.0,0.261422263632603,0,0.0,1.0,0,0.0,1.0,1,8.0,0.0,2,66.0,0.0001175143405656,0,0.0,0.9900593260693256,0,0.0,1.0,0,0.0,0.9373994156087404,0,0.0,0.8291209526552319,0,0.0,0.973006309653058,0,3.0,0.8292396657661634,1,6.0,0.1818197644949402,0,0.0,1.0,0,0.0,1.0,2,21.0,0.0,0,0.0,1.0,0,0.0,1.0,5.0,22.0,0.0043027926675007
1320.0,12.0,93.0,0.6038961038961039,10.156527579226651,154.0,1604.0,10.415584415584416,0.0,0.0,10.0,149.0,0.0,7.634832090264024,3.8205128205128207,3.8205128205128207,39.0,1,0.0,0.3999170154858537,1,43.0,0.4690677485147333,2,11.0,0.0020786318513544,1,13.0,0.0,0,0.0,1.0,0,0.0,0.9327332158476744,0,7.0,0.8639283230527145,0,31.0,0.2120261498051501,0,0.0,1.0,0,1.0,0.9381178528773726,0,3.0,0.8302881451392591,1,2.0,0.0004555227015338,2,6.0,0.0140225376566468,0,3.0,0.9415115691832584,0,0.0,0.81123886759201,0,0.0,1.0,1,3.0,0.0004839154748679,1,17.0,0.0,0,0.0,1.0,0,0.0,1.0,0.0,9.0,0.8082000167412021
1328.0,16.0,92.0,0.5974025974025974,10.21479600745815,154.0,1603.0,10.409090909090908,0.0,0.0,12.0,155.0,6.0,5.797283720986287,5.961538461538462,5.961538461538462,26.0,0,0.0,0.9150172298565188,3,10.0,0.1717754245661633,0,0.0,1.0,0,0.0,1.0,0,6.0,0.96399658647736,1,4.0,1.1217109700240544e-05,1,6.0,0.4519856013526848,2,60.0,1.3427731729806064e-05,1,7.0,0.3322537800870491,0,0.0,1.0,0,7.0,0.6737719924173584,0,0.0,1.0,3,30.0,0.2403850935848974,0,0.0,1.0,0,0.0,0.9550470030925016,0,0.0,1.0,0,0.0,0.9686060753129518,1,25.0,0.0,0,0.0,1.0,0,0.0,1.0,0.0,0.0,1.0
1336.0,10.0,93.0,0.6078431372549019,10.793878403228112,153.0,1564.0,10.22222222222222,0.0,0.0,5.0,138.0,0.0,9.218239285465955,4.758620689655173,4.758620689655173,29.0,0,3.0,0.9621830145515208,2,17.0,0.2021880127777109,0,6.0,0.7445323583695316,0,0.0,1.0,0,14.0,0.9009359220153114,0,0.0,1.0,0,7.0,0.932546743471532,2,79.0,0.329266704766641,0,0.0,1.0,0,0.0,1.0,0,7.0,0.7693042322762759,0,0.0,1.0,0,0.0,0.9487047282847746,0,0.0,1.0,0,0.0,1.0,0,0.0,1.0,1,2.0,0.0005933874574781,0,3.0,0.2954735130963773,0,0.0,1.0,0,0.0,1.0,0.0,0.0,0.9866675503806585
1344.0,13.0,80.0,0.5095541401273885,10.74318033173242,157.0,1641.0,10.452229299363058,77.0,0.4904458598726114,11.0,150.0,12.0,7.965585469691685,4.166666666666667,4.166666666666667,36.0,0,0.0,0.8798457729283157,4,45.0,3.215088576171191e-06,1,11.0,0.3278506959929724,0,0.0,0.9216864179451784,1,15.0,0.697999245104325,0,0.0,0.92172590911595,1,4.0,0.3492673227894676,1,41.0,0.4073160237046975,0,0.0,1.0,0,3.0,0.8825043766374506,0,10.0,0.9566852512714462,0,0.0,1.0,0,0.0,0.930413059436082,0,3.0,0.9775475783640514,0,0.0,0.420114694661902,0,0.0,1.0,1,10.0,0.0,1,5.0,0.0,1,3.0,0.0001410620718167,0,0.0,1.0,0.0,0.0,1.0
1352.0,14.0,59.0,0.3641975308641975,10.248736348609167,162.0,1671.0,10.314814814814817,30.0,0.1851851851851851,9.0,154.0,4.0,7.810803438451487,4.529411764705882,4.529411764705882,34.0,1,8.0,0.5908811655015858,0,23.0,0.2583218782617475,1,11.0,0.0,0,0.0,0.9566544069254378,3,18.0,0.1933412248006852,0,0.0,0.481405448026201,0,0.0,1.0,2,63.0,0.3285722658719461,0,0.0,1.0,0,3.0,0.7074059553280786,0,4.0,0.0137567184531648,0,0.0,1.0,0,3.0,0.9380117401853456,1,3.0,0.6920005210282081,0,0.0,0.6492622071652914,0,0.0,1.0,1,18.0,0.4776150853861716,0,0.0,0.984021977956246,0,0.0,1.0,0,0.0,1.0,0.0,0.0,1.0
1360.0,15.0,79.0,0.4906832298136646,10.38240129646827,161.0,1683.0,10.453416149068325,12.0,0.0745341614906832,15.0,161.0,7.0,7.3642764104046785,3.744186046511628,3.744186046511628,43.0,3,20.0,0.2394285446007058,2,31.0,0.0003236170594208,0,7.0,0.9313669636650606,1,4.0,0.7155586456347214,4,49.0,0.3039643415645792,1,3.0,0.006496162892393,0,10.0,0.8194696431921932,1,27.0,0.4452979798159837,0,0.0,1.0,0,0.0,0.9454462259202712,0,0.0,1.0,0,0.0,1.0,0,3.0,0.9279879460476688,0,0.0,1.0,1,1.0,0.4958078559966926,0,0.0,1.0,1,3.0,0.5502787438941523,1,3.0,0.6417720865889516,0,0.0,1.0,0,0.0,1.0,0.0,0.0,1.0
1368.0,17.0,101.0,0.6644736842105263,9.504855421982157,152.0,1641.0,10.796052631578949,0.0,0.0,16.0,183.0,22.0,5.977640242416481,4.066666666666666,4.066666666666666,45.0,2,40.0,0.3871847218222585,2,13.0,2.2788762247395847e-05,1,9.0,0.0,3,19.0,0.3249351899086415,4,45.0,0.2171415094684613,0,0.0,1.0,2,16.0,0.4143946365762086,1,27.0,0.583737109006901,0,0.0,0.0735484002988682,0,0.0,1.0,0,5.0,0.6308800251842458,0,0.0,1.0,0,0.0,1.0,0,0.0,0.919823280213511,0,0.0,0.9534203290529192,0,3.0,0.2506440787224045,0,3.0,0.9686354266264858,1,3.0,0.0626454490664667,0,0.0,1.0,0,0.0,0.9300013912718004,0.0,0.0,0.8673891005498737
1376.0,22.0,154.0,1.0620689655172413,9.379336355723083,145.0,1589.0,10.958620689655172,0.0,0.0,17.0,185.0,2.0,3.8083002546639313,5.967741935483871,5.967741935483871,31.0,0,9.0,0.2076930075810143,3,33.0,7.049975527116348e-06,0,0.0,1.0,2,26.0,0.520844459512234,3,46.0,0.2485219854908711,0,0.0,1.0,3,30.0,0.3675003239885488,0,0.0,1.0,0,0.0,1.0,0,0.0,1.0,2,10.0,0.1190583087944291,0,0.0,1.0,0,0.0,1.0,0,0.0,1.0,0,0.0,1.0,0,0.0,1.0,1,9.0,0.4837794683781013,2,18.0,0.0,0,0.0,1.0,0,0.0,0.916888751877038,1.0,4.0,0.0
1384.0,10.0,46.0,0.3026315789473684,10.341757797387244,152.0,1681.0,11.05921052631579,92.0,0.6052631578947368,10.0,132.0,0.0,6.217215489342169,4.125,4.125,32.0,1,7.0,0.3154112627296224,0,14.0,0.3352797443772217,1,10.0,0.4966088529551962,2,21.0,0.5991760848785601,1,35.0,0.3895980915301366,0,0.0,1.0,2,20.0,0.264807274523135,2,4.0,0.0010910841284551,0,0.0,1.0,0,3.0,0.9378432159397307,0,8.0,0.6936939002831349,0,0.0,1.0,0,3.0,0.9238256504574028,0,0.0,1.0,0,0.0,0.4662522176028051,0,0.0,1.0,1,7.0,0.0,0,0.0,1.0,0,0.0,1.0,0,0.0,1.0,0.0,0.0,1.0
1392.0,9.0,62.0,0.4052287581699346,10.414944103787366,153.0,1559.0,10.18954248366013,0.0,0.0,9.0,180.0,48.0,7.851532195515107,4.5,4.5,40.0,1,18.0,0.44057424532629,0,3.0,0.8922038323296392,2,24.0,0.1494636845506164,2,31.0,0.3811325489558019,3,51.0,0.0704327134671705,0,0.0,1.0,0,3.0,0.7258477036349767,0,6.0,0.9646878555550265,0,0.0,1.0,0,25.0,0.948045398134557,0,0.0,1.0,0,0.0,1.0,0,7.0,0.9029553765119966,0,0.0,1.0,0,1.0,0.8424888622029716,0,0.0,1.0,0,0.0,0.4188098913720473,1,4.0,0.0010785298817923,0,0.0,0.7933161211710927,0,0.0,0.6331844968573118,0.0,7.0,0.2757481877889938
1400.0,13.0,102.0,0.6580645161290323,10.5429050596199,155.0,1630.0,10.516129032258064,71.0,0.4580645161290322,12.0,163.0,0.0,6.877669587960938,5.09375,5.09375,32.0,0,0.0,0.8447090653310112,0,0.0,1.0,2,21.0,0.0,4,44.0,0.0755695961808429,2,55.0,0.2741328246850529,1,6.0,0.451372048668728,1,2.0,0.000969898554151,0,0.0,1.0,0,0.0,1.0,0,1.0,0.955036363875702,0,4.0,0.9326061145323998,0,0.0,1.0,0,3.0,0.9259317547424032,0,0.0,1.0,0,0.0,0.4961700067720818,1,11.0,0.3432092442452484,0,0.0,1.0,1,12.0,0.7145525981900732,0,0.0,1.0,0,0.0,1.0,0.0,4.0,0.9650290143465424
1408.0,16.0,75.0,0.46875,10.038674927984978,160.0,1606.0,10.0375,0.0,0.0,14.0,112.0,0.0,5.632365684877376,3.294117647058824,3.294117647058824,34.0,0,0.0,1.0,0,0.0,0.4718676985395089,0,0.0,1.0,3,38.0,0.0001350651162061,2,12.0,0.0083752796863769,4,28.0,0.2479251354415685,0,7.0,0.9528887540327866,0,3.0,0.5306002334666727,0,0.0,1.0,0,0.0,1.0,2,20.0,0.225508749641881,0,0.0,1.0,0,0.0,1.0,0,0.0,0.8924405447263604,1,1.0,0.4951586734860292,0,0.0,0.744885541027055,0,0.0,1.0,2,3.0,0.2804545945086549,0,0.0,1.0,0,0.0,1.0,0.0,0.0,0.9726424532355974
1416.0,11.0,78.0,0.4785276073619632,10.24661312011826,163.0,1604.0,9.840490797546012,0.0,0.0,10.0,123.0,11.0,4.769301382006839,4.1,4.1,30.0,0,0.0,1.0,0,0.0,0.1178104845543032,0,0.0,1.0,1,38.0,0.0,1,11.0,0.3166310737907108,2,22.0,0.1706656747328719,1,7.0,0.4660130708853474,0,5.0,0.5735323504108328,0,0.0,1.0,0,0.0,1.0,0,7.0,0.3719408857718891,0,0.0,0.5837055567946382,0,6.0,0.7942934043662291,3,8.0,0.0936476555717258,1,9.0,0.0,0,0.0,1.0,0,0.0,0.9493553989791756,1,10.0,0.2020872031198675,0,0.0,1.0,0,0.0,1.0,0.0,0.0,1.0
1424.0,16.0,68.0,0.422360248447205,10.050492767364393,161.0,1576.0,9.788819875776396,0.0,0.0,16.0,131.0,8.0,4.78778363253629,3.5405405405405403,3.5405405405405403,37.0,0,0.0,1.0,1,7.0,0.474775843525493,0,4.0,0.032356875951143,1,4.0,0.3591287189656582,2,15.0,1.9848730759340003e-05,2,20.0,0.2337945634228179,2,13.0,0.3653256296257542,2,16.0,6.051214829310282e-05,1,1.0,0.0503615485118975,0,3.0,0.9034793999937514,4,19.0,0.0028564952287547,0,0.0,1.0,0,8.0,0.9254610318722584,0,0.0,0.0085314763770228,0,3.0,0.9763097689773624,0,0.0,1.0,0,0.0,1.0,1,18.0,0.4771750692892784,0,0.0,1.0,0,0.0,1.0,0.0,0.0,0.9211055507972816
1432.0,11.0,88.0,0.5534591194968553,10.139968093732715,159.0,1549.0,9.742138364779874,0.0,0.0,10.0,156.0,25.0,6.067129500202731,4.0,4.0,39.0,0,3.0,0.6425045666531147,1,3.0,0.000870124755551,0,0.0,1.0,2,10.0,0.0,2,39.0,0.5289267494899381,0,0.0,0.3481903910860777,1,14.0,0.5151515675966897,2,32.0,0.0,0,3.0,0.2906242578760052,0,0.0,1.0,0,16.0,0.2577667182892411,0,0.0,1.0,0,6.0,0.7164283510447772,0,0.0,0.9281925359872985,1,4.0,0.0415809630687136,0,0.0,0.9734195834531864,0,0.0,1.0,1,26.0,0.0118820411577074,0,0.0,1.0,0,0.0,0.0203494305944732,0.0,0.0,0.9782850207472784
1440.0,9.0,93.0,0.5961538461538461,10.696398184509244,156.0,1434.0,9.192307692307692,0.0,0.0,8.0,134.0,0.0,8.491924849368212,3.35,3.35,40.0,1,11.0,0.2995980241072994,1,11.0,0.0,0,7.0,0.049378599588255,2,26.0,0.6387071499239123,0,11.0,0.7700007111777946,0,0.0,1.0,0,2.0,0.92457765968273,0,0.0,1.0,0,0.0,1.0,1,5.0,0.0007078751715819,0,0.0,1.0,0,0.0,1.0,0,14.0,0.802495954213223,0,0.0,1.0,0,0.0,0.6417578161574788,0,0.0,1.0,0,0.0,1.0,1,34.0,0.0,0,0.0,0.9277153995426948,1,8.0,8.022260282357403e-06,1.0,5.0,0.48785539678763
1448.0,6.0,61.0,0.4039735099337748,10.865956688947383,151.0,1340.0,8.874172185430464,0.0,0.0,6.0,108.0,0.0,8.878173439399914,2.918918918918919,2.918918918918919,37.0,0,0.0,1.0,0,0.0,1.0,0,0.0,1.0,2,42.0,0.4928380563071962,1,16.0,0.6464555954930721,0,0.0,1.0,0,0.0,0.8672453387469385,0,4.0,0.9661884180601756,0,0.0,1.0,0,0.0,1.0,0,3.0,0.9233752199256784,0,0.0,1.0,2,11.0,0.5790515020059808,0,0.0,0.9437997505789988,0,0.0,0.975423230009003,0,0.0,1.0,0,0.0,0.4804154076178143,0,19.0,0.2535988712226586,0,0.0,1.0,0,0.0,1.0,1.0,13.0,0.0
1456.0,12.0,109.0,0.7517241379310344,10.466222079562073,145.0,1271.0,8.76551724137931,0.0,0.0,11.0,165.0,57.0,6.403782791271524,4.583333333333333,4.583333333333333,36.0,0,3.0,0.4887871979454881,0,0.0,1.0,0,0.0,1.0,2,61.0,0.5908887700319531,2,22.0,0.0129185908340893,0,0.0,1.0,0,7.0,0.9392993698434626,0,8.0,0.7815531234167662,0,0.0,0.946217729101012,0,0.0,1.0,0,0.0,1.0,0,0.0,1.0,3,25.0,0.3163748004559035,0,0.0,0.8646100931780948,1,0.0,0.3325145157744238,0,0.0,1.0,1,8.0,0.0590863929835519,2,31.0,0.3208674219186246,0,0.0,1.0,0,0.0,1.0,0.0,0.0,1.0
1464.0,15.0,135.0,0.944055944055944,9.953925160726635,143.0,1265.0,8.846153846153847,0.0,0.0,15.0,217.0,52.0,5.231351729359474,5.864864864864865,5.864864864864865,37.0,0,0.0,0.9224705612622878,0,0.0,1.0,2,10.0,0.0004558030229277,5,92.0,0.2339483863084107,1,10.0,0.3115433285902901,0,0.0,1.0,1,10.0,0.0045500742935077,1,20.0,0.5252755526906285,0,0.0,1.0,0,0.0,1.0,0,3.0,0.612762170575253,0,3.0,0.9555669768998136,2,21.0,0.1492881666273172,0,0.0,1.0,0,0.0,0.5082326831024276,0,0.0,1.0,0,0.0,0.9503953824738158,3,48.0,0.0605150437480355,0,0.0,1.0,0,0.0,1.0,0.0,0.0,1.0
1472.0,10.0,51.0,0.3566433566433566,10.868275896900482,143.0,1302.0,9.104895104895103,37.0,0.2587412587412587,9.0,89.0,0.0,8.221639336256615,2.617647058823529,2.617647058823529,34.0,0,0.0,1.0,0,0.0,1.0,2,7.0,0.181987128256668,4,56.0,0.3100561953530222,1,6.0,0.4671627414576027,0,0.0,1.0,0,0.0,1.0,1,1.0,0.3664049296806485,0,0.0,0.9785840055751698,0,0.0,1.0,0,10.0,0.8611112068642042,0,0.0,1.0,1,6.0,0.7233392724724484,0,0.0,1.0,0,0.0,0.9162151940225444,0,0.0,1.0,0,0.0,1.0,0,3.0,0.6906863741202223,0,0.0,1.0,0,0.0,0.9033789539130284,0.0,0.0,1.0
1480.0,12.0,47.0,0.3241379310344827,10.463713459208105,145.0,1326.0,9.144827586206896,24.0,0.1655172413793103,11.0,116.0,27.0,7.225543153788367,2.697674418604651,2.697674418604651,43.0,0,0.0,0.7857582732699042,0,0.0,0.5570132755095978,3,18.0,0.0927145490210597,2,53.0,0.4658250516775644,0,0.0,0.9547824227496928,0,0.0,1.0,0,0.0,0.9995965198660351,1,8.0,0.0,0,0.0,1.0,0,0.0,1.0,0,0.0,0.7481378108962687,0,0.0,0.9127215243872102,0,9.0,0.6021966046371835,0,0.0,1.0,1,6.0,0.2251021693710434,0,0.0,1.0,0,6.0,0.8713256992790925,4,16.0,0.0055998403168243,0,0.0,1.0,0,0.0,1.0,0.0,0.0,1.0
1488.0,18.0,70.0,0.4895104895104895,9.774456131382925,143.0,1355.0,9.475524475524477,29.0,0.2027972027972027,16.0,165.0,49.0,5.979193473123255,3.5869565217391304,3.5869565217391304,46.0,0,0.0,0.9278404997976016,2,17.0,0.4282983646170469,1,7.0,5.027986395686123e-05,4,57.0,0.2271929045404201,0,1.0,0.6999415454404114,1,9.0,0.5379275074228835,1,9.0,0.6282499297323338,0,0.0,1.0,0,0.0,1.0,0,3.0,0.9694641304203276,0,3.0,0.5309097002697895,0,0.0,1.0,4,31.0,0.1558850738979817,0,0.0,1.0,2,20.0,0.0,0,0.0,1.0,0,0.0,0.9257020779658144,0,4.0,0.3618685795700404,1,1.0,0.0044817220538392,0,0.0,0.3791021412486063,0.0,3.0,0.963392441332912
1496.0,21.0,93.0,0.6326530612244898,9.503227399327676,147.0,1507.0,10.251700680272108,152.0,1.034013605442177,19.0,152.0,0.0,4.592405423283692,3.8,3.8,40.0,1,0.0,0.0,6,48.0,0.0001158824176363,0,0.0,1.0,0,36.0,0.2075750382407116,2,12.0,0.3787374615738122,4,14.0,0.0008354747107082,1,7.0,0.0263231059753517,0,0.0,1.0,1,2.0,0.0013834563636692,0,0.0,1.0,4,18.0,0.3761449493573029,0,0.0,1.0,0,5.0,0.7497719115680992,0,3.0,0.8270144217114097,0,1.0,0.2411449905953602,0,0.0,1.0,0,6.0,0.705163510778847,0,0.0,1.0,0,0.0,0.9814097484211776,0,0.0,1.0,0.0,0.0,1.0
1504.0,18.0,161.0,1.087837837837838,10.00047525539156,148.0,1400.0,9.45945945945946,0.0,0.0,16.0,215.0,63.0,7.039497816217764,5.243902439024391,5.243902439024391,41.0,0,0.0,0.9355813551888468,6,96.0,0.0,2,5.0,0.000659580407724,0,1.0,0.6603018791780052,3,31.0,0.0002688645046763,0,7.0,0.2460811280220014,2,24.0,0.2621391119653951,0,0.0,1.0,0,0.0,1.0,0,0.0,1.0,2,32.0,0.0606921811672441,0,0.0,0.6888003772250756,0,0.0,0.8964213066306822,0,6.0,0.8032912193100235,0,0.0,1.0,0,0.0,1.0,1,10.0,0.6044122111541586,0,0.0,1.0,0,0.0,1.0,0,0.0,1.0,0.0,3.0,0.4953450066423805
1512.0,10.0,128.0,0.8888888888888888,10.298076325450854,144.0,1330.0,9.23611111111111,0.0,0.0,8.0,127.0,0.0,5.281846402636018,5.291666666666667,5.291666666666667,24.0,0,1.0,0.2532210146650684,2,56.0,0.2105940747669774,0,0.0,1.0,0,0.0,0.9956461735062762,1,15.0,0.5226965361985242,0,0.0,0.8465604476835293,0,4.0,0.3826273110685298,0,0.0,0.3972172114878508,0,3.0,0.0351470052195771,0,0.0,1.0,2,39.0,0.3102990903251073,0,0.0,1.0,1,5.0,0.3280280164450875,0,0.0,0.94724159984635,0,0.0,1.0,0,0.0,1.0,1,2.0,0.0127366118653819,0,0.0,1.0,0,0.0,1.0,1,2.0,0.0097499791456601,0.0,0.0,1.0
1520.0,10.0,128.0,0.9696969696969696,10.7784461808103,132.0,1234.0,9.348484848484848,0.0,0.0,9.0,152.0,25.0,7.646688172710003,5.428571428571429,5.428571428571429,28.0,2,12.0,0.3182473232332511,2,72.0,0.0,0,0.0,1.0,0,0.0,0.9000236259609476,3,32.0,0.5947019521494392,0,0.0,1.0,0,10.0,0.4316721308952843,1,5.0,0.0,0,0.0,1.0,0,0.0,1.0,1,15.0,0.5763485190786545,0,0.0,1.0,0,0.0,1.0,0,0.0,1.0,0,0.0,1.0,0,3.0,0.6850006266270389,0,0.0,1.0,0,0.0,1.0,0,0.0,1.0,0,0.0,1.0,0.0,3.0,0.934035746446854
1528.0,10.0,45.0,0.3333333333333333,10.345789602981425,135.0,1224.0,9.066666666666666,0.0,0.0,8.0,111.0,0.0,8.277061550404161,3.46875,3.46875,32.0,1,15.0,0.0,0,0.0,1.0,0,3.0,0.7780206795826926,1,2.0,0.4805924859133935,2,27.0,0.7044192907149879,1,9.0,0.1167601101619633,0,0.0,0.9441125077752516,0,0.0,1.0,0,4.0,0.9382847487084772,0,0.0,1.0,2,48.0,0.4184965088787398,0,0.0,1.0,1,3.0,0.4497597927818257,0,0.0,0.730252841421559,0,0.0,0.7032825765560983,0,0.0,1.0,0,0.0,1.0,0,0.0,0.9334705684627272,0,0.0,1.0,0,0.0,1.0,0.0,0.0,0.9544816240142092
1536.0,16.0,62.0,0.4428571428571428,10.20059974800236,140.0,1225.0,8.75,1.0,0.0071428571428571,15.0,108.0,0.0,5.595991762676024,2.918918918918919,2.918918918918919,37.0,0,0.0,0.3148095507105374,0,0.0,0.0124374156778827,0,0.0,1.0,2,12.0,0.3051078916959512,2,11.0,0.4072646646114291,0,0.0,1.0,2,6.0,0.0003898460115136,0,0.0,1.0,0,0.0,1.0,0,0.0,1.0,2,52.0,0.3203113677100242,0,0.0,1.0,4,13.0,0.4189821474212649,1,5.0,1.929660894933633e-05,1,0.0,0.4400697780580652,0,0.0,1.0,1,6.0,0.4484325156243904,0,0.0,0.6973810184938815,0,3.0,0.9735388820780232,0,0.0,1.0,0.0,0.0,0.9651454194763054
1544.0,7.0,62.0,0.4661654135338345,10.889356460903825,133.0,1181.0,8.8796992481203,0.0,0.0,7.0,117.0,9.0,8.450853508976476,3.0789473684210527,3.0789473684210527,38.0,0,0.0,0.9781493586043726,0,0.0,1.0,0,3.0,0.8771385007044404,1,25.0,0.6577908069413909,1,15.0,0.5257189790771345,0,0.0,1.0,1,15.0,0.3566857894389638,0,6.0,0.9160194428212352,0,0.0,1.0,0,0.0,1.0,1,7.0,0.4706729276154377,0,0.0,1.0,0,15.0,0.5249918312880331,0,0.0,1.0,0,0.0,0.8341689233525571,0,0.0,1.0,2,18.0,0.3029657415123231,0,0.0,0.3874505454991644,0,3.0,0.7290684844863732,0,0.0,1.0,1.0,10.0,0.6329604583206953
1552.0,13.0,93.0,0.7045454545454546,10.42194453031079,132.0,1103.0,8.356060606060606,0.0,0.0,12.0,131.0,14.0,7.734730968762681,3.5405405405405403,3.5405405405405403,37.0,1,13.0,0.4770377755535964,0,0.0,1.0,0,0.0,1.0,1,29.0,0.6953448525909525,3,28.0,0.4815337200433534,0,0.0,1.0,0,0.0,1.0,0,4.0,0.418235047716857,0,0.0,1.0,0,0.0,1.0,3,30.0,0.5206090030063645,0,0.0,0.8627619254951487,2,12.0,0.2719592338470268,0,0.0,1.0,0,0.0,0.6138063677743271,0,0.0,1.0,0,0.0,0.911878725096118,1,7.0,0.4567627637965863,1,5.0,0.0005472750360528,0,0.0,1.0,0.0,3.0,0.9491246949512894
1560.0,10.0,80.0,0.5797101449275363,10.135925694401648,138.0,1122.0,8.130434782608695,19.0,0.1376811594202898,10.0,116.0,0.0,7.828234724476214,2.761904761904762,2.761904761904762,42.0,3,29.0,0.072074027451418,0,0.0,0.9379718248081206,0,0.0,1.0,1,10.0,0.6519063664476348,1,28.0,0.8167646173285859,0,0.0,1.0,0,4.0,0.4714821251732851,0,6.0,0.8137335218218494,0,0.0,1.0,0,0.0,1.0,1,14.0,0.1587347483277995,1,2.0,0.0010164249620594,0,3.0,0.4987274456162183,0,1.0,0.7343523690822558,1,3.0,0.6974678581533653,0,0.0,1.0,0,0.0,0.9858345785699298,2,16.0,0.2202936087781589,0,0.0,1.0,0,0.0,1.0,0.0,0.0,1.0
1568.0,12.0,91.0,0.6546762589928058,10.230995769275582,139.0,1196.0,8.60431654676259,74.0,0.5323741007194245,12.0,145.0,29.0,7.140971755643131,3.625,3.625,40.0,1,33.0,0.2511684869470277,2,3.0,0.0042938314846376,0,0.0,0.7177278347633026,3,28.0,0.168407709419837,0,0.0,0.9448409872142788,0,2.0,0.5148979100986892,0,0.0,1.0,2,12.0,0.0001505639070854,0,0.0,1.0,0,0.0,1.0,1,23.0,0.506195375837481,0,3.0,0.8684631368593416,0,7.0,0.947251632150085,0,0.0,1.0,1,6.0,0.5089939584726079,0,0.0,1.0,1,5.0,0.6018308924610548,1,23.0,0.0,0,0.0,1.0,0,0.0,1.0,0.0,0.0,1.0
1576.0,12.0,108.0,0.7659574468085106,10.778595451397004,141.0,1264.0,8.964539007092199,68.0,0.4822695035460992,12.0,168.0,23.0,6.968925216507723,4.666666666666667,4.666666666666667,36.0,2,43.0,0.4330544155303739,2,19.0,0.2175549820898055,1,6.0,1.1975123102268455e-05,1,14.0,0.1513069985346312,3,14.0,0.507083172539093,0,0.0,0.4131239669848267,0,0.0,1.0,0,4.0,0.9347296837582372,0,0.0,1.0,0,0.0,1.0,1,31.0,0.4592960416056048,0,0.0,1.0,0,0.0,1.0,0,0.0,1.0,0,0.0,0.8431809353524317,0,0.0,1.0,0,3.0,0.9851738005449706,2,34.0,5.3968399234194216e-05,0,0.0,1.0,0,0.0,1.0,0.0,0.0,1.0
1584.0,22.0,131.0,0.9562043795620438,9.721313835358604,137.0,1283.0,9.364963503649635,19.0,0.1386861313868613,21.0,192.0,24.0,5.460033686996074,3.918367346938776,3.918367346938776,49.0,6,76.0,0.2306497223147389,1,2.0,0.0846640816442917,0,0.0,1.0,5,37.0,0.0314558314643789,5,48.0,0.2354767900765089,2,7.0,0.1514938310730944,0,4.0,0.7792935835529254,1,10.0,0.371541793965978,0,0.0,0.0436091176462122,0,0.0,1.0,1,5.0,0.00014103094104,0,0.0,0.8534499705697552,0,0.0,0.3632382188585009,0,0.0,1.0,0,0.0,0.9101211049193196,0,0.0,1.0,0,0.0,0.9029151539557324,0,0.0,0.9300522011647664,0,0.0,0.3187727324214662,0,3.0,0.94144096693653,0.0,0.0,1.0
1592.0,13.0,61.0,0.4485294117647059,9.60275415932013,136.0,1311.0,9.639705882352942,28.0,0.2058823529411764,12.0,168.0,0.0,5.499701996495467,4.0,4.0,42.0,4,71.0,0.2364740315787893,2,15.0,0.3021530366012752,0,3.0,0.7438929566446116,0,26.0,0.1700081962861429,0,22.0,0.5439564225801459,0,0.0,1.0,2,22.0,0.5099846718568962,0,0.0,1.0,0,0.0,1.0,0,0.0,1.0,0,0.0,0.7205280297746774,2,4.0,0.086504276618376,0,0.0,1.0,0,0.0,1.0,2,2.0,0.289902063547073,0,3.0,0.9943756031444362,0,0.0,0.0237166796604473,0,0.0,0.9422029210426414,0,0.0,1.0,0,0.0,1.0,0.0,0.0,1.0
1600.0,17.0,89.0,0.6691729323308271,9.34385349993802,133.0,1300.0,9.774436090225564,0.0,0.0,17.0,195.0,27.0,3.533196945653528,5.131578947368421,5.131578947368421,38.0,3,87.0,0.2124642547801201,1,13.0,0.1891152115245772,2,9.0,0.0009963893690956,0,7.0,0.0357120367448835,3,16.0,0.0076915513698836,0,0.0,1.0,4,39.0,0.0001673823486362,0,0.0,1.0,0,0.0,1.0,1,1.0,0.0024724874569916,0,0.0,0.9395663117862754,0,1.0,0.1261866280304986,0,0.0,1.0,0,0.0,1.0,2,19.0,0.447749224668307,0,0.0,1.0,0,0.0,1.0,1,3.0,0.4277560608057552,0,0.0,1.0,0,0.0,1.0,0.0,0.0,1.0
1608.0,14.0,80.0,0.583941605839416,9.886652675684962,137.0,1416.0,10.335766423357663,116.0,0.8467153284671532,12.0,201.0,6.0,6.577024907290421,5.583333333333333,5.583333333333333,36.0,3,66.0,0.2964433075404377,1,21.0,0.0,0,0.0,1.0,1,14.0,0.4784779346599733,4,48.0,0.3947500738659141,0,0.0,0.788752637647335,0,29.0,0.3947323566735866,0,0.0,1.0,0,0.0,1.0,0,0.0,1.0,1,5.0,0.0005614927532662,0,4.0,0.6849949502880698,0,0.0,1.0,1,0.0,0.0,1,12.0,0.4492107769670627,0,2.0,0.9911733860064016,0,0.0,1.0,0,0.0,1.0,0,0.0,1.0,0,0.0,1.0,0.0,0.0,1.0
1616.0,10.0,41.0,0.2867132867132867,10.584542708006502,143.0,1489.0,10.412587412587412,73.0,0.5104895104895105,9.0,124.0,0.0,7.752143070079595,3.757575757575758,3.757575757575758,33.0,1,29.0,0.5837332002539556,0,0.0,1.0,0,0.0,1.0,1,7.0,0.3933558482988286,2,33.0,0.2874452107577206,1,3.0,0.4773979798649277,3,34.0,0.1482672736281176,0,3.0,0.9355344983921268,0,0.0,1.0,0,0.0,1.0,0,0.0,1.0,0,0.0,1.0,0,0.0,1.0,0,0.0,0.5237301392750938,1,15.0,0.330753921198428,0,0.0,1.0,0,0.0,1.0,0,0.0,1.0,0,0.0,1.0,0,0.0,1.0,0.0,0.0,1.0
1624.0,17.0,82.0,0.5540540540540541,9.88903885689323,148.0,1546.0,10.445945945945946,57.0,0.3851351351351351,17.0,166.0,42.0,5.646702174144181,3.5319148936170213,3.5319148936170213,47.0,4,37.0,0.0739086839122616,0,0.0,1.0,0,0.0,1.0,3,30.0,0.4500773127964943,3,48.0,0.5508895302762056,3,20.0,0.3093034875629309,0,14.0,0.5265639092276581,0,0.0,1.0,0,0.0,1.0,0,0.0,1.0,0,0.0,1.0,0,4.0,0.7111932872224256,0,0.0,0.5750239126963653,1,3.0,0.0052104698399917,2,8.0,0.3432265727008919,0,0.0,1.0,0,0.0,1.0,1,2.0,0.0006816103501741,0,0.0,0.9121604936759804,0,0.0,1.0,0.0,0.0,0.9092575257683784
1632.0,15.0,106.0,0.7162162162162162,10.132464228654984,148.0,1621.0,10.952702702702704,75.0,0.5067567567567568,15.0,176.0,10.0,6.981896964252464,3.3846153846153846,3.3846153846153846,52.0,3,50.0,0.0421904499299031,0,0.0,1.0,0,0.0,0.8436439800213097,1,26.0,0.8043371811935148,2,30.0,0.5317528841529688,2,9.0,0.009536827941707,1,6.0,0.7279246792929215,0,3.0,0.94379935854903,0,0.0,1.0,0,3.0,0.9462854870918888,0,3.0,0.7411399454598143,0,5.0,0.5223571998247571,1,3.0,4.3091543691955285e-05,0,0.0,1.0,3,29.0,0.3398844481007174,0,0.0,1.0,0,3.0,0.9644413712933104,0,0.0,1.0,1,3.0,9.41102735196773e-06,0,0.0,0.7257712462325328,1.0,3.0,0.0002754228887565
1640.0,17.0,97.0,0.6783216783216783,9.021740291300716,143.0,1598.0,11.174825174825177,0.0,0.0,17.0,210.0,34.0,5.007314939076636,4.117647058823529,4.117647058823529,51.0,3,41.0,0.3339538814254928,0,0.0,1.0,0,0.0,1.0,3,36.0,0.4326644941207423,5,46.0,0.2944131927526645,1,10.0,0.4596827334140372,1,11.0,0.2792056192403853,0,0.0,1.0,0,0.0,1.0,1,7.0,2.4741484989675498e-05,0,0.0,0.9396148217933088,0,0.0,0.1495402054512244,1,22.0,0.5252561330321784,0,0.0,1.0,1,30.0,0.1001038288509866,0,0.0,1.0,1,7.0,0.4784141055065029,0,0.0,1.0,0,0.0,1.0,0,0.0,1.0,0.0,0.0,0.8551014763591195
1648.0,22.0,165.0,1.1870503597122302,9.273496460035558,139.0,1557.0,11.201438848920864,0.0,0.0,20.0,272.0,62.0,4.720007319213454,6.325581395348837,6.325581395348837,43.0,2,45.0,0.2876292782614588,0,0.0,1.0,0,0.0,1.0,3,47.0,0.229485446062161,4,51.0,0.2167696680615705,0,0.0,1.0,2,27.0,0.0,0,0.0,1.0,0,0.0,1.0,0,0.0,1.0,0,0.0,0.9704941937541834,0,0.0,1.0,3,40.0,0.455305784750141,0,0.0,1.0,4,38.0,0.2200409229785021,0,0.0,1.0,1,21.0,0.3856872361387749,0,0.0,0.899096158935277,0,0.0,1.0,0,0.0,1.0,1.0,3.0,6.780503140624064e-05
1656.0,8.0,83.0,0.5971223021582733,10.08200755919537,139.0,1601.0,11.517985611510792,44.0,0.316546762589928,8.0,164.0,0.0,7.028168114704265,4.555555555555555,4.555555555555555,36.0,2,34.0,0.3930599225506276,0,0.0,1.0,0,0.0,1.0,3,56.0,0.2610943712361494,2,22.0,0.2494890473297167,0,0.0,1.0,0,3.0,0.468174833769524,0,3.0,0.9958398679758108,0,0.0,0.9402478558100864,1,1.0,0.2213147476444535,0,7.0,0.6951568993016698,0,5.0,0.8136872485676173,0,0.0,0.6536679997487658,0,0.0,0.5758285240932219,0,33.0,0.3348283184039634,0,0.0,1.0,0,0.0,0.9038287564620704,0,0.0,1.0,0,0.0,1.0,0,0.0,1.0,0.0,0.0,1.0
1664.0,27.0,113.0,0.8188405797101449,8.744518840179028,138.0,1533.0,11.108695652173912,0.0,0.0,24.0,186.0,22.0,3.867880943809319,4.536585365853658,4.536585365853658,41.0,3,22.0,0.0980995477668113,0,0.0,0.1473910273781201,0,0.0,1.0,5,45.0,0.239077440849417,4,43.0,5.332099041992949e-05,0,0.0,1.0,2,13.0,0.0019360621337524,0,8.0,0.9216634660177851,1,3.0,0.0002069934946321,0,0.0,1.0,0,7.0,0.9550328248053456,0,5.0,0.0086867079535762,1,3.0,0.4974258116476668,0,0.0,1.0,4,17.0,0.1777284645162064,0,0.0,1.0,3,13.0,0.0235382678384818,1,5.0,0.0007499341159603,0,0.0,1.0,0,0.0,1.0,0.0,2.0,0.9551510050021246
1672.0,12.0,101.0,0.7214285714285714,9.865659225104473,140.0,1676.0,11.971428571428572,143.0,1.0214285714285714,12.0,183.0,0.0,5.837976387591453,5.228571428571429,5.228571428571429,35.0,1,18.0,0.3979795772509886,0,0.0,0.6297760021604444,0,0.0,1.0,4,45.0,0.2338956930810762,1,24.0,0.1673022486736729,0,4.0,0.2447391932888489,1,16.0,0.456670642733531,0,0.0,1.0,0,0.0,0.9382644386784535,0,0.0,1.0,0,0.0,0.8155279824616174,1,17.0,0.3718562855279548,1,11.0,0.4622607670167856,0,0.0,1.0,1,18.0,0.1916271010766557,0,0.0,1.0,1,17.0,0.2101369164909419,1,13.0,0.0,0,0.0,1.0,0,0.0,1.0,0.0,0.0,1.0
1680.0,11.0,109.0,0.7956204379562044,10.283112829131468,137.0,1681.0,12.27007299270073,5.0,0.0364963503649635,11.0,183.0,0.0,5.383331792970933,5.71875,5.71875,32.0,2,21.0,0.2325991255084457,2,7.0,0.0482942619461862,0,5.0,0.7121229654225214,0,20.0,0.3638107397365365,2,41.0,0.2033263220931893,0,0.0,1.0,1,21.0,0.3278443445515967,0,0.0,1.0,0,0.0,1.0,0,0.0,1.0,0,3.0,0.9294941299321028,0,4.0,0.3483171994072824,1,19.0,0.6458081645272272,0,0.0,1.0,2,18.0,0.0292065011255485,0,0.0,1.0,0,0.0,1.0,1,24.0,0.5396162523471276,0,0.0,0.9151817370770398,0,0.0,1.0,0.0,0.0,1.0
1688.0,11.0,93.0,0.6838235294117647,10.418361629010644,136.0,1540.0,11.323529411764708,0.0,0.0,10.0,135.0,0.0,6.296921065373769,3.9705882352941178,3.9705882352941178,34.0,0,4.0,0.7268896316218724,1,15.0,0.5671626847548124,0,3.0,0.933349279343158,1,18.0,0.369172870237086,1,32.0,0.2132395851808818,0,0.0,1.0,1,5.0,0.0001358035845953,0,0.0,0.9579985367613846,0,0.0,0.9310315471961372,0,0.0,0.9783929420502634,1,6.0,0.3207057245426182,0,0.0,1.0,2,4.0,0.0012739711908222,0,0.0,1.0,0,0.0,0.9298529605165072,0,3.0,0.9740617297203412,0,0.0,0.0326084398424072,3,45.0,0.0069420512016337,0,0.0,0.9571141581409388,0,0.0,1.0,0.0,0.0,1.0
1696.0,10.0,77.0,0.5620437956204379,10.702805386610036,137.0,1361.0,9.934306569343066,0.0,0.0,8.0,102.0,0.0,8.091276286165034,3.0,3.0,34.0,2,13.0,0.5955323154213719,1,23.0,0.5057237224941699,0,0.0,1.0,3,18.0,0.0006392575308542,1,36.0,0.0,0,0.0,0.4629689230229177,0,3.0,0.975554045555711,0,1.0,0.8359698429985097,0,0.0,1.0,1,2.0,0.4096506326902071,0,3.0,0.6889608294848094,0,0.0,1.0,0,0.0,0.2725477813898312,0,0.0,1.0,0,3.0,0.3463787678769419,0,0.0,1.0,0,0.0,1.0,0,0.0,0.9358563687748228,0,0.0,0.1364364947268914,0,0.0,1.0,0.0,0.0,1.0
1704.0,9.0,73.0,0.5289855072463768,10.190158946526974,138.0,1337.0,9.68840579710145,0.0,0.0,8.0,120.0,18.0,6.696547437446864,3.2432432432432434,3.2432432432432434,37.0,2,12.0,0.3840725780029996,2,9.0,0.2272904052483074,0,0.0,0.4496683240943364,0,21.0,0.3393808808021111,1,47.0,0.5321471752773171,1,5.0,0.2634452024927752,0,0.0,1.0,0,8.0,0.96389809387325,0,0.0,1.0,0,0.0,1.0,0,0.0,1.0,0,7.0,0.9105723120103832,0,0.0,0.0179891652804692,0,0.0,1.0,0,1.0,0.9288926400087216,0,0.0,1.0,0,0.0,1.0,1,4.0,3.694176057375616e-05,1,6.0,0.0,0,0.0,1.0,0.0,0.0,1.0
1712.0,12.0,42.0,0.3043478260869565,9.515039464472355,138.0,1388.0,10.057971014492754,51.0,0.3695652173913043,11.0,104.0,0.0,4.886705898124505,2.6666666666666665,2.6666666666666665,39.0,1,22.0,0.0705652077670644,1,1.0,0.1346710512729988,1,5.0,0.000851042278867,0,7.0,0.4739199849873008,3,17.0,0.34388151509241,0,4.0,0.6120149057499132,0,0.0,1.0,1,12.0,0.2454190552678859,0,0.0,1.0,0,0.0,1.0,0,0.0,1.0,1,7.0,0.625964565226481,1,10.0,0.5365271997348166,0,0.0,1.0,0,0.0,1.0,1,5.0,0.0010929812207714,0,0.0,1.0,0,0.0,1.0,1,14.0,0.0,0,0.0,1.0,0.0,0.0,1.0
1720.0,15.0,72.0,0.5294117647058824,9.396172453454184,136.0,1414.0,10.397058823529411,26.0,0.1911764705882352,14.0,120.0,16.0,5.024156042867467,3.4285714285714284,3.4285714285714284,35.0,0,8.0,0.2151534619408303,2,17.0,0.0,1,13.0,0.0,5,32.0,0.0139659568954802,3,28.0,0.1936727430321585,0,0.0,1.0,1,6.0,0.680249896805803,1,5.0,0.4827395793371754,0,0.0,1.0,0,0.0,1.0,0,3.0,0.7856545389463174,0,0.0,1.0,0,3.0,0.4315542989416844,0,0.0,1.0,0,0.0,0.4478169700987753,0,0.0,1.0,0,3.0,0.709750639606085,0,0.0,1.0,1,2.0,0.0004685098312453,0,0.0,0.9596135675765484,0.0,0.0,0.9502729550490672
1728.0,15.0,100.0,0.7407407407407407,10.010357281954738,135.0,1403.0,10.392592592592592,0.0,0.0,15.0,160.0,40.0,6.123020624147171,5.0,5.0,32.0,0,7.0,0.9424264380266204,0,0.0,1.0,1,7.0,0.4435828589846806,5,78.0,0.1580931533779968,3,31.0,0.3714099314550057,0,0.0,1.0,2,9.0,0.4728461140314555,0,3.0,0.9436132995950748,0,0.0,1.0,0,0.0,1.0,0,3.0,0.9801911269801176,0,0.0,1.0,0,0.0,0.7313933983095281,0,0.0,1.0,1,4.0,0.3473925738465136,0,0.0,1.0,2,15.0,0.0001338639740135,0,0.0,1.0,0,0.0,1.0,0,0.0,1.0,1.0,3.0,0.4975709766994349
1736.0,10.0,60.0,0.4615384615384615,9.986271492933716,130.0,1363.0,10.484615384615385,0.0,0.0,10.0,159.0,0.0,6.1795844336352586,4.818181818181818,4.818181818181818,33.0,1,11.0,0.4653984206143782,0,0.0,1.0,1,8.0,0.060656874636312,3,78.0,0.3397430929476479,3,42.0,0.5328540377294397,1,2.0,0.0002903961527501,0,0.0,1.0,0,0.0,1.0,0,0.0,0.3849542254405051,0,0.0,1.0,0,1.0,0.6473183696229782,0,0.0,1.0,0,0.0,0.682759656377511,0,0.0,1.0,0,3.0,0.634913856328313,0,0.0,1.0,0,3.0,0.0868221465941773,0,0.0,1.0,0,0.0,1.0,0,0.0,1.0,1.0,11.0,0.4967109259811254
1744.0,11.0,81.0,0.6230769230769231,10.66250372112516,130.0,1413.0,10.86923076923077,50.0,0.3846153846153846,10.0,182.0,23.0,6.786347311130422,5.6875,5.6875,32.0,2,21.0,0.0006508590249787,0,0.0,1.0,2,7.0,0.0032925821563152,2,71.0,0.3412248862526436,3,57.0,0.5308637607819627,0,0.0,1.0,0,3.0,0.9451406753636776,0,0.0,1.0,0,0.0,1.0,0,0.0,1.0,0,1.0,0.8493186526285683,0,0.0,1.0,0,0.0,1.0,0,0.0,1.0,1,7.0,0.3190729354778341,0,3.0,0.992307697468017,0,6.0,0.9261880200268152,0,3.0,0.2425622146875702,0,0.0,1.0,0,0.0,1.0,0.0,3.0,0.8748928225064251
1752.0,8.0,30.0,0.2290076335877862,10.428447580418672,131.0,1315.0,10.0381679389313,0.0,0.0,7.0,107.0,0.0,7.353409387070767,2.675,2.675,40.0,0,6.0,0.9001484585523016,0,0.0,1.0,0,3.0,0.352997618336789,2,49.0,0.4216272534951442,1,30.0,0.6592539671820518,0,0.0,1.0,1,6.0,0.4639991801080062,0,0.0,0.7652799462638737,0,0.0,1.0,0,0.0,1.0,0,2.0,0.946088946008144,0,2.0,0.0086375960326054,1,1.0,0.002600275310505,1,0.0,0.0,0,0.0,0.337466646308387,0,0.0,1.0,1,5.0,0.0001492509339599,0,0.0,1.0,0,0.0,1.0,0,0.0,1.0,0.0,3.0,0.95557147349421
1760.0,10.0,45.0,0.3435114503816794,10.535598888793928,131.0,1315.0,10.0381679389313,0.0,0.0,10.0,118.0,11.0,7.362007670638886,2.8095238095238093,2.8095238095238093,42.0,1,7.0,3.970284954469198e-05,1,1.0,0.3185304715034424,0,7.0,0.5724833439033623,3,52.0,0.4724484496766358,2,13.0,0.1053196621407248,0,0.0,0.9919272115003646,1,14.0,0.1928256254674938,1,7.0,0.436958836347607,0,0.0,0.9337715806216742,0,0.0,1.0,0,0.0,1.0,0,0.0,1.0,0,0.0,0.9936959190086126,0,0.0,0.9620614402608112,0,4.0,0.8518997575478612,0,0.0,1.0,1,13.0,0.0,0,0.0,1.0,0,0.0,1.0,0,0.0,0.8247254157044597,0.0,0.0,0.949871535720856
1768.0,16.0,81.0,0.6328125,9.890493338469597,128.0,1271.0,9.9296875,0.0,0.0,16.0,124.0,6.0,5.868486444839795,3.17948717948718,3.17948717948718,39.0,1,15.0,0.0,2,5.0,0.3950198498768726,1,3.0,0.0001214517153477,4,30.0,0.1611875273838873,4,46.0,0.0605702424018504,1,4.0,0.3725989583936694,0,0.0,1.0,2,10.0,0.000142626343238,0,0.0,1.0,0,0.0,1.0,0,3.0,0.988308493441868,0,3.0,0.9606811577831156,0,0.0,0.9823866514533152,0,0.0,1.0,1,5.0,0.5793798112689104,0,0.0,1.0,0,0.0,1.0,0,0.0,0.9235477764690468,0,0.0,1.0,0,0.0,0.9898721721920228,0.0,0.0,0.981196433627008
1776.0,15.0,98.0,0.7716535433070866,9.945922840261108,127.0,1340.0,10.551181102362206,69.0,0.5433070866141733,14.0,154.0,30.0,5.325822210002191,4.666666666666667,4.666666666666667,33.0,0,5.0,0.9737315291752032,3,31.0,0.2987687234877382,0,0.0,0.408003996089157,6,62.0,0.15311467563965,2,45.0,0.1276281016300766,0,0.0,1.0,0,0.0,1.0,0,0.0,1.0,0,0.0,1.0,0,0.0,1.0,0,0.0,0.9659439852219076,0,0.0,0.8400344960900474,0,0.0,1.0,0,0.0,1.0,0,2.0,0.0748604836281561,0,0.0,1.0,0,0.0,1.0,3,6.0,0.2308626402758225,0,0.0,0.975002139884636,0,3.0,0.9679990726663138,0.0,0.0,1.0
1784.0,15.0,164.0,1.251908396946565,9.457337019614323,131.0,1430.0,10.916030534351146,90.0,0.6870229007633588,15.0,216.0,62.0,4.574995828001874,5.538461538461538,5.538461538461538,39.0,0,5.0,0.4701985998983453,5,61.0,0.259823403379208,0,0.0,1.0,4,62.0,0.1784298949988688,4,70.0,0.210799323957413,0,3.0,0.7564415654063572,0,3.0,0.9358279988913568,0,0.0,1.0,0,0.0,1.0,0,0.0,1.0,0,0.0,1.0,0,0.0,1.0,0,0.0,0.1784557501675455,0,0.0,0.1331393649950133,1,5.0,0.3964113741782769,0,0.0,1.0,0,0.0,1.0,1,4.0,0.1956661171984815,0,0.0,1.0,0,0.0,0.9074380530704488,0.0,3.0,0.0104198555203781
1792.0,25.0,176.0,1.3858267716535433,9.263222307763575,127.0,1352.0,10.645669291338583,0.0,0.0,22.0,227.0,11.0,3.951446328754768,5.82051282051282,5.82051282051282,39.0,2,18.0,0.1946267086436705,3,37.0,0.3136514715795663,0,3.0,0.3500831908331158,7,89.0,0.057378980233847,4,49.0,0.1837962984026644,2,4.0,0.0005132675183894,0,6.0,0.9513896093148198,1,3.0,0.0003537018281215,1,2.0,0.0017185624036322,0,0.0,1.0,0,0.0,1.0,0,2.0,0.8498866961673665,1,8.0,0.0,0,0.0,1.0,0,0.0,0.931864981877417,0,0.0,1.0,0,0.0,1.0,1,6.0,0.0,0,0.0,1.0,0,0.0,1.0,0.0,0.0,0.9604859292882626
1800.0,24.0,285.0,2.2440944881889764,9.26536858490638,127.0,1430.0,11.25984251968504,78.0,0.6141732283464567,24.0,325.0,98.0,4.451227813138756,8.333333333333334,8.333333333333334,39.0,0,1.0,0.7118061827263139,8,81.0,0.1549799761273591,1,1.0,0.4792961322649328,8,139.0,0.0006146297677439,4,81.0,0.2820753051346883,0,0.0,0.9532921677044772,1,4.0,0.0064224663058029,1,11.0,0.4734742523830187,0,0.0,1.0,0,0.0,1.0,0,3.0,0.8594462658216327,0,0.0,1.0,0,0.0,1.0,0,0.0,1.0,0,0.0,1.0,0,0.0,1.0,0,0.0,1.0,1,4.0,0.0014819126406521,0,0.0,0.9851939263024214,0,0.0,1.0,0.0,0.0,0.861542851772473
1808.0,16.0,249.0,1.9761904761904765,9.360488034367998,126.0,1577.0,12.515873015873016,147.0,1.1666666666666667,16.0,342.0,17.0,2.864677193545786,11.03225806451613,11.03225806451613,31.0,0,0.0,0.6236048144298719,4,89.0,0.11024098097351,2,11.0,3.656753157112276e-05,7,177.0,0.0,1,46.0,0.1264947159111656,1,2.0,0.0509234997977364,0,4.0,0.5178023009787296,0,0.0,0.0641245768406156,0,0.0,1.0,0,0.0,1.0,0,3.0,0.9678820993570816,0,3.0,0.9514287417586298,0,0.0,1.0,0,0.0,1.0,0,0.0,1.0,0,0.0,1.0,0,3.0,0.5013187831265661,0,0.0,0.0107330473066157,0,0.0,1.0,0,0.0,1.0,1.0,4.0,0.0002520219790559
1816.0,14.0,263.0,2.173553719008265,10.167484096087309,121.0,1648.0,13.619834710743802,71.0,0.5867768595041323,14.0,390.0,48.0,4.268487228382613,13.0,13.0,30.0,0,3.0,0.9548425611268327,3,75.0,0.0,2,23.0,0.0,4,192.0,0.3135963547305669,3,68.0,0.2488348156042174,0,0.0,1.0,1,14.0,0.4816912836168597,0,0.0,1.0,0,0.0,1.0,0,0.0,1.0,0,0.0,1.0,0,0.0,1.0,0,0.0,1.0,0,0.0,1.0,0,0.0,0.7339889231918146,0,0.0,1.0,0,7.0,0.3142842095653803,1,8.0,0.0,0,0.0,1.0,0,0.0,1.0,0.0,0.0,0.9638173900564806
1824.0,16.0,151.0,1.227642276422764,9.357937630702017,123.0,1738.0,14.130081300813009,90.0,0.7317073170731707,16.0,296.0,0.0,4.175573113712858,9.548387096774194,9.548387096774194,31.0,0,0.0,0.9661205832280152,1,62.0,0.2361123684505416,0,3.0,0.7014824589823033,3,121.0,0.2235275063161681,4,44.0,0.0519072547879703,0,0.0,1.0,2,29.0,0.4863156177196593,0,0.0,1.0,0,0.0,1.0,0,0.0,1.0,1,6.0,0.0003370455231754,0,0.0,1.0,0,0.0,1.0,0,0.0,0.7714823705002879,0,0.0,0.9381277944367904,0,0.0,1.0,3,26.0,0.232750564760805,0,0.0,1.0,0,0.0,1.0,0,0.0,1.0,2.0,5.0,0.0175300249947966
1832.0,13.0,187.0,1.496,10.043804397178906,125.0,1755.0,14.04,17.0,0.136,13.0,345.0,49.0,6.174220642290974,11.89655172413793,11.89655172413793,29.0,0,7.0,0.8558683427359497,3,79.0,0.193335963818961,0,0.0,1.0,4,157.0,0.3157405319817064,3,56.0,0.07260218598544,0,0.0,1.0,2,30.0,0.3035138299093624,0,0.0,1.0,0,0.0,1.0,0,0.0,1.0,0,0.0,0.9509162303852652,0,0.0,1.0,0,0.0,0.9640362370499682,0,0.0,1.0,0,0.0,0.8361770464182144,0,0.0,1.0,1,13.0,0.0,0,0.0,1.0,0,0.0,0.935103649752002,0,0.0,1.0,0.0,3.0,0.6350366375371801
1840.0,14.0,163.0,1.3583333333333334,10.345764525283114,120.0,1647.0,13.725,0.0,0.0,14.0,264.0,0.0,4.503206086550017,10.56,10.56,25.0,1,9.0,0.4424584505059074,2,27.0,0.0,1,6.0,0.0007683764999205,3,121.0,0.2049525344636512,3,47.0,5.82925565293687e-06,0,0.0,1.0,2,38.0,0.0,0,0.0,0.9225485025692028,0,0.0,1.0,0,0.0,1.0,0,0.0,0.9408796519274626,0,0.0,1.0,0,0.0,1.0,0,0.0,1.0,0,0.0,0.554059890072634,0,0.0,1.0,0,3.0,0.6178078420963168,0,0.0,1.0,0,0.0,1.0,0,0.0,1.0,2.0,13.0,0.0001228918137048
1848.0,10.0,126.0,0.9921259842519684,10.779852521089872,127.0,1729.0,13.614173228346456,82.0,0.6456692913385826,8.0,196.0,0.0,7.327100871981315,7.84,7.84,25.0,1,9.0,0.4698408605631648,0,2.0,0.2230431094911825,0,3.0,0.978509295839182,3,146.0,0.5460911492189956,1,17.0,0.0,0,0.0,0.6610635593996064,0,0.0,1.0,0,0.0,0.903785599742276,0,0.0,1.0,0,0.0,1.0,1,2.0,2.354524028788472e-05,0,0.0,1.0,0,0.0,1.0,0,0.0,1.0,0,0.0,0.7063899667751319,0,0.0,0.9777131621838692,2,12.0,0.0001164433878226,0,0.0,0.9677764728396654,0,5.0,0.8662040264921655,0,0.0,1.0,0.0,0.0,1.0
1856.0,3.0,24.0,0.1875,11.423408083356628,128.0,1643.0,12.8359375,0.0,0.0,3.0,101.0,0.0,8.990740006706652,3.8846153846153846,3.8846153846153846,26.0,1,17.0,0.4744359699159574,0,0.0,1.0,0,0.0,0.4678205773996564,0,58.0,0.6100783466878195,0,3.0,0.6823630272722342,1,6.0,0.0,0,4.0,0.915782206332202,1,4.0,1.3978592341955216e-05,0,0.0,1.0,0,0.0,1.0,0,0.0,1.0,0,4.0,0.8854736599123091,0,0.0,1.0,0,0.0,1.0,0,0.0,0.8258092076820688,0,0.0,1.0,0,0.0,1.0,0,0.0,1.0,0,5.0,0.0650398828842676,0,0.0,0.9605261455537027,0.0,0.0,0.9390218176462102
1864.0,11.0,48.0,0.3609022556390977,10.200449244937785,133.0,1529.0,11.49624060150376,0.0,0.0,10.0,144.0,43.0,5.124156839659291,4.965517241379311,4.965517241379311,29.0,1,22.0,0.5707025188350592,0,0.0,0.1636560228670661,0,6.0,0.1746537074625954,3,65.0,0.0892348281460787,2,12.0,0.0001348901959308,0,0.0,1.0,0,0.0,1.0,0,13.0,0.7333099455039066,0,3.0,0.0553586150808871,0,0.0,1.0,0,0.0,1.0,0,3.0,0.8373749644776998,0,0.0,1.0,0,0.0,1.0,0,0.0,0.6786749120714263,0,0.0,1.0,0,3.0,0.3492253221676554,0,0.0,0.9662075181820712,0,0.0,1.0,4,17.0,0.0254496604779393,0.0,0.0,1.0
1872.0,14.0,82.0,0.6074074074074074,10.410855064343014,135.0,1508.0,11.170370370370373,0.0,0.0,13.0,108.0,0.0,5.859373240844996,4.153846153846154,4.153846153846154,26.0,0,0.0,0.8219190620979533,0,0.0,0.5355665443678913,2,15.0,4.781239514995498e-06,1,8.0,0.4899442248265457,2,31.0,0.3372184558151397,0,0.0,0.4969853447646133,0,4.0,0.9476935586424112,1,12.0,0.4972030475925468,1,1.0,0.0007873316867264,0,0.0,1.0,0,0.0,1.0,1,1.0,0.4774303890449974,0,0.0,1.0,0,0.0,1.0,1,4.0,0.4157716228851558,0,0.0,1.0,1,4.0,0.0066763886515656,0,0.0,1.0,0,0.0,1.0,3,28.0,0.0,0.0,0.0,1.0
1880.0,11.0,62.0,0.4460431654676259,10.015997020574252,139.0,1473.0,10.597122302158274,0.0,0.0,10.0,120.0,12.0,7.695601652868998,2.857142857142857,2.857142857142857,42.0,0,0.0,0.4959595771680689,1,12.0,0.5340299264032029,0,3.0,0.0261067997286085,2,17.0,0.5367145700938869,0,12.0,0.5020736361146805,1,6.0,0.4791830233469598,1,20.0,0.6590122905689769,0,0.0,0.6328957784370494,0,4.0,0.7651520182171344,0,0.0,1.0,0,0.0,1.0,1,9.0,0.4846459772458895,0,0.0,0.6476421217778108,0,0.0,1.0,3,19.0,0.0403852700724011,0,0.0,1.0,1,8.0,0.0,0,0.0,0.9547661312530612,0,0.0,0.6164412327620689,0,10.0,0.9174617252170846,0.0,0.0,0.981401613256357
1888.0,13.0,42.0,0.3,10.068209624757362,140.0,1452.0,10.371428571428572,0.0,0.0,13.0,103.0,0.0,6.260760687494242,2.942857142857143,2.942857142857143,35.0,0,0.0,0.9995786108671142,0,0.0,1.0,2,19.0,0.2502075933971883,1,3.0,0.5003876520357253,4,21.0,0.1991038378279673,1,5.0,0.458918583225715,1,19.0,0.634981895610635,0,0.0,1.0,1,4.0,0.0001137934909867,0,0.0,1.0,0,3.0,0.8381025465366894,0,0.0,1.0,0,0.0,0.9637942770204584,0,0.0,1.0,1,23.0,0.0811076945018265,0,0.0,1.0,0,0.0,1.0,0,0.0,0.9484880137994596,0,0.0,0.3356513471011956,0,0.0,0.4375316798406983,2.0,6.0,0.297568990976132
1896.0,10.0,64.0,0.4848484848484848,10.801917270429444,132.0,1462.0,11.075757575757576,10.0,0.0757575757575757,9.0,122.0,19.0,8.132442241823522,3.696969696969697,3.696969696969697,33.0,0,3.0,0.9579070718236268,0,0.0,1.0,1,8.0,0.0,1,6.0,0.4895515632419004,3,50.0,0.3381902272351043,1,4.0,8.989835356124336e-05,3,36.0,0.2363921412098252,0,5.0,0.955390751045649,0,0.0,1.0,0,0.0,1.0,0,0.0,1.0,0,0.0,1.0,0,0.0,0.9720641334613024,0,0.0,0.8410896536728352,0,4.0,0.2686327776514376,0,3.0,0.960890889624502,0,3.0,0.8136368835824237,0,0.0,1.0,0,0.0,1.0,0,0.0,1.0,0.0,0.0,0.8442938314638636
1904.0,8.0,84.0,0.631578947368421,10.73154006051397,133.0,1365.0,10.263157894736842,0.0,0.0,8.0,118.0,0.0,7.294415386578212,4.068965517241379,4.068965517241379,29.0,0,0.0,0.2349453670526717,0,0.0,0.1066934202358319,0,0.0,1.0,3,19.0,0.5102357508245929,4,82.0,0.3265539207388067,0,0.0,1.0,0,0.0,1.0,0,0.0,0.9232453266006152,0,0.0,1.0,0,0.0,1.0,0,0.0,1.0,0,0.0,1.0,0,0.0,0.9259118067865282,0,0.0,0.6809970291957939,0,0.0,0.5692251964719323,0,0.0,1.0,1,10.0,0.5160244236542768,0,0.0,1.0,0,0.0,1.0,0,0.0,1.0,0.0,7.0,0.973419593578349
1912.0,9.0,51.0,0.3863636363636363,10.815476406121412,132.0,1242.0,9.409090909090908,0.0,0.0,8.0,105.0,0.0,7.971846296864838,3.1818181818181817,3.1818181818181817,33.0,1,10.0,0.6380669197153773,1,8.0,0.0,0,0.0,1.0,4,34.0,0.4630568094262687,1,43.0,0.36337680514604,1,2.0,0.0006210925803085,0,2.0,0.424762516338085,0,3.0,0.9307974210309006,0,0.0,1.0,0,0.0,1.0,0,0.0,1.0,0,0.0,1.0,0,0.0,0.9074824028246696,0,0.0,0.479939946411511,0,0.0,0.8744315718894343,0,0.0,1.0,0,0.0,1.0,0,0.0,1.0,0,0.0,1.0,0,0.0,1.0,0.0,3.0,0.8892022768793243
1920.0,13.0,47.0,0.3700787401574803,10.472106707888647,127.0,1238.0,9.748031496062993,0.0,0.0,12.0,139.0,34.0,6.873607604563978,4.088235294117647,4.088235294117647,34.0,2,17.0,0.3011078392277891,0,0.0,1.0,0,3.0,0.7222368141262947,3,44.0,0.4893541405557127,3,54.0,0.0010465290870146,0,4.0,0.7979471969679273,0,0.0,0.9316029741359002,1,6.0,0.0793545963326675,0,0.0,1.0,0,0.0,1.0,0,0.0,0.981909706920696,0,0.0,0.9843810869641808,1,4.0,1.1568713726115764e-05,0,0.0,0.9194937479749484,2,5.0,0.3187544117167388,0,0.0,1.0,0,0.0,0.7041836103140505,0,0.0,1.0,0,0.0,0.0092101958162156,0,0.0,1.0,0.0,2.0,0.9777189809009432
1928.0,17.0,130.0,1.0236220472440944,10.04537977582698,127.0,1304.0,10.26771653543307,66.0,0.5196850393700787,17.0,216.0,77.0,4.607485255982397,6.75,6.75,32.0,3,34.0,0.0789922112756317,0,0.0,1.0,1,7.0,4.589448271332894e-05,6,78.0,0.2742970395139693,4,81.0,6.079878152397196e-06,1,4.0,0.0,0,0.0,0.9574956452517872,0,0.0,1.0,0,0.0,1.0,0,0.0,1.0,1,4.0,0.3811337442984486,0,0.0,0.9523623002057924,0,0.0,0.9503622420144906,0,0.0,1.0,0,0.0,1.0,0,0.0,1.0,0,0.0,0.9172897076823135,0,0.0,0.9193266481283052,1,8.0,0.1439646629207011,0,0.0,1.0,0.0,0.0,0.6065264319532847
1936.0,13.0,112.0,0.875,9.859017371172976,128.0,1218.0,9.515625,0.0,0.0,10.0,203.0,0.0,6.0451254937944015,5.970588235294118,5.970588235294118,34.0,0,10.0,0.6505257164367292,0,0.0,0.9556121963886856,0,3.0,0.9856029850654322,5,116.0,0.1403811477381703,0,30.0,0.2881519259381018,1,12.0,0.0,1,5.0,0.0018955180700788,0,3.0,0.9625517317320016,0,0.0,0.9405546792908046,0,0.0,1.0,1,12.0,0.4545110223528436,0,0.0,0.0043684366802522,0,0.0,0.9441495799458816,0,0.0,1.0,0,0.0,0.4917697853813219,0,0.0,1.0,0,0.0,0.9659736598495836,1,5.0,0.462081058533634,0,0.0,1.0,0,0.0,0.8957163270020229,1.0,7.0,0.0
1944.0,16.0,133.0,0.9925373134328358,10.597372050154402,134.0,1237.0,9.23134328358209,19.0,0.1417910447761194,14.0,225.0,22.0,7.273835988766035,6.428571428571429,6.428571428571429,35.0,2,22.0,0.4768852960530785,1,3.0,0.5793161737583724,1,1.0,0.007373241512565,4,125.0,0.0,2,39.0,0.0001750920048073,0,0.0,0.8755579143261111,0,3.0,0.9683067065241364,0,0.0,1.0,0,0.0,1.0,0,0.0,1.0,1,9.0,0.4740180662430171,1,8.0,0.4778944669639217,0,0.0,1.0,0,0.0,0.9485009989988316,0,0.0,0.8147452095115295,0,0.0,1.0,0,0.0,0.975260583879757,2,15.0,0.0001098879890858,0,0.0,0.6351200706201866,0,0.0,0.9756604252080856,0.0,0.0,1.0
1952.0,15.0,66.0,0.4852941176470588,10.155881472775006,136.0,1245.0,9.154411764705882,8.0,0.0588235294117647,13.0,142.0,0.0,5.977898027247196,4.580645161290323,4.580645161290323,31.0,4,46.0,0.2916598516560423,5,19.0,0.2195305978984744,0,7.0,0.3230627700894211,0,41.0,0.2743341123419731,0,6.0,0.741146364492513,1,5.0,0.0,0,0.0,0.9134411804649742,0,3.0,0.9407434757388368,0,0.0,1.0,0,0.0,1.0,1,10.0,0.4605508878656489,0,0.0,0.9819238078127792,0,0.0,1.0,0,0.0,1.0,0,0.0,0.9812063865493544,0,0.0,1.0,0,0.0,1.0,0,0.0,1.0,2,5.0,0.0032968200973887,0,0.0,0.97068795316486,0.0,0.0,1.0
1960.0,12.0,71.0,0.5144927536231884,10.227059207915028,138.0,1235.0,8.94927536231884,0.0,0.0,11.0,114.0,0.0,5.496323508753912,4.384615384615385,4.384615384615385,26.0,2,29.0,0.3889745172912163,4,51.0,0.1579657244411904,0,0.0,1.0,0,0.0,1.0,2,13.0,0.0186463900152862,0,0.0,1.0,0,0.0,0.9707470044604056,0,0.0,1.0,0,0.0,1.0,0,0.0,1.0,1,18.0,0.0,1,1.0,0.363043056730776,0,0.0,0.9366092156793144,0,0.0,1.0,1,0.0,0.365587073644074,0,0.0,1.0,0,0.0,1.0,0,0.0,1.0,0,2.0,0.9098318705497722,0,0.0,0.9118278462671936,0.0,0.0,1.0
1968.0,15.0,113.0,0.8014184397163121,10.30726309288135,141.0,1192.0,8.453900709219859,0.0,0.0,15.0,152.0,38.0,5.337490287213129,4.606060606060606,4.606060606060606,33.0,2,34.0,0.4081522199098832,4,49.0,0.05280323186657,2,11.0,2.9042260966253192e-05,0,0.0,0.6200886373263724,4,44.0,7.745195410979308e-06,0,0.0,0.5524707176414551,1,1.0,0.0005084066703206,0,0.0,1.0,0,0.0,1.0,0,0.0,1.0,1,4.0,0.0039782422772945,1,9.0,0.0,0,0.0,1.0,0,0.0,0.9505400797548216,0,0.0,0.8526126201471395,0,0.0,0.98090720989362,0,0.0,0.9347696030026816,0,0.0,1.0,0,0.0,0.8810902362740363,0,0.0,1.0,0.0,0.0,1.0
1976.0,12.0,90.0,0.6338028169014085,10.342818558568045,142.0,1217.0,8.570422535211268,25.0,0.176056338028169,10.0,138.0,0.0,7.012769527986811,4.758620689655173,4.758620689655173,29.0,1,7.0,0.4697480875196052,4,77.0,0.0,0,0.0,1.0,0,0.0,0.9852545989918824,1,30.0,0.2008094593978387,1,1.0,0.2857907657792511,0,0.0,1.0,0,3.0,0.9553536816907656,0,0.0,1.0,0,0.0,1.0,0,0.0,1.0,0,7.0,0.94659978566818,0,3.0,0.8030349455723221,0,0.0,1.0,0,0.0,0.9429500648561,0,0.0,1.0,1,2.0,0.0009486752415007,0,0.0,1.0,1,4.0,0.322049543435691,1,4.0,0.4800278050587066,0.0,0.0,0.9970461261999504
1984.0,10.0,48.0,0.3356643356643357,10.834332662815736,143.0,1218.0,8.517482517482517,1.0,0.0069930069930069,9.0,100.0,0.0,6.539763346484378,3.125,3.125,32.0,2,18.0,0.2285131858289708,0,0.0,1.0,0,9.0,0.4918626464447106,0,3.0,0.8835940330076703,3,42.0,0.00228822408142,0,0.0,0.0773778584514884,1,1.0,0.5465609073550434,0,0.0,1.0,0,0.0,1.0,0,0.0,1.0,0,0.0,1.0,0,0.0,0.6512111705355348,0,3.0,0.9609907279182234,0,0.0,1.0,0,0.0,0.3267752637154978,0,0.0,1.0,1,10.0,0.2383582273257599,0,0.0,0.9692292291819956,1,5.0,0.182587553358574,1,9.0,0.0,0.0,0.0,0.947929074916974
1992.0,14.0,79.0,0.5486111111111112,10.867287871510072,144.0,1234.0,8.569444444444445,16.0,0.1111111111111111,13.0,113.0,13.0,7.11562110626642,3.53125,3.53125,32.0,3,38.0,0.2348799120630584,0,0.0,1.0,1,17.0,0.3357742040124598,1,3.0,0.7097518180921313,0,11.0,0.3605998139220614,0,0.0,1.0,0,3.0,0.7102471200914132,0,7.0,0.2901231532572778,0,0.0,1.0,0,0.0,1.0,0,0.0,0.9315143013136375,1,9.0,0.6241882563551829,1,5.0,0.0,0,0.0,1.0,1,0.0,0.5479627624995749,0,0.0,0.9595859206040274,2,9.0,0.0009445123694343,1,2.0,0.000906493725862,1,5.0,3.14665184884441e-05,1,4.0,9.218978136812556e-05,0.0,0.0,1.0
2000.0,10.0,51.0,0.3642857142857142,10.76426258193082,140.0,1219.0,8.707142857142857,0.0,0.0,10.0,88.0,0.0,8.172437707234641,2.2,2.2,40.0,0,3.0,0.8936927549100717,0,0.0,1.0,1,8.0,5.553958367010955e-05,3,21.0,0.4484003546122838,1,19.0,0.6995967369616287,0,0.0,1.0,0,5.0,0.9002316629949129,0,3.0,0.9259545415580468,0,1.0,0.9053995309689342,0,0.0,1.0,1,3.0,0.000562948648928,1,1.0,0.292917962983953,1,14.0,0.487661426866821,0,0.0,1.0,2,7.0,0.4362322514036293,0,3.0,0.8796127325835592,0,0.0,0.8328310094316749,0,0.0,0.9573046987312548,0,0.0,0.9658087686724676,0,0.0,1.0,0.0,0.0,0.9859147390232372
2008.0,14.0,70.0,0.4929577464788732,10.00685039434556,142.0,1235.0,8.69718309859155,16.0,0.1126760563380281,13.0,122.0,34.0,7.323194927823299,2.489795918367347,2.489795918367347,49.0,0,0.0,1.0,0,0.0,1.0,2,24.0,0.0,4,33.0,0.0951250160717757,1,27.0,0.7816872501392144,0,0.0,0.8943312824438434,2,10.0,0.5571048079290601,0,7.0,0.7362049575584643,0,0.0,1.0,0,0.0,1.0,0,0.0,1.0,0,0.0,1.0,0,0.0,0.3292730669659057,0,3.0,0.7549115961297669,0,3.0,0.4993488705227184,1,6.0,1.4013274905390104e-05,2,4.0,0.3240549099125346,0,0.0,0.9650190886816148,0,0.0,0.9076877080438912,0,0.0,1.0,1.0,5.0,0.48596057525089
2016.0,14.0,72.0,0.5034965034965035,9.834652089007678,143.0,1273.0,8.902097902097902,38.0,0.2657342657342657,13.0,136.0,14.0,5.968477790491743,3.238095238095238,3.238095238095238,42.0,0,0.0,1.0,0,0.0,1.0,1,28.0,0.453444247490424,3,21.0,0.0763002882974557,1,38.0,0.7895040938471996,1,1.0,0.0046765653871831,2,7.0,0.001587903334865,1,7.0,0.3253428607368399,0,3.0,0.0321827165507417,0,0.0,1.0,0,0.0,0.7941005606199862,0,7.0,0.4716356249981807,1,5.0,0.0,0,3.0,0.9540186612818692,0,0.0,0.5361716354039142,0,0.0,0.096599220067897,0,0.0,0.9140598468089224,2,5.0,0.0437915216020399,1,5.0,0.0,0,3.0,0.6975289195305315,0.0,3.0,0.0331962413305873
2024.0,17.0,94.0,0.6308724832214765,9.782875587877612,149.0,1365.0,9.161073825503356,92.0,0.6174496644295302,16.0,170.0,34.0,5.455456065395269,3.863636363636364,3.863636363636364,44.0,0,0.0,1.0,0,3.0,0.6155372220146881,2,14.0,0.289833146659297,1,28.0,0.1559168284482317,6,63.0,0.2937395444972526,0,0.0,1.0,1,10.0,0.4899631321125003,0,0.0,1.0,0,0.0,1.0,0,0.0,1.0,0,3.0,0.5892840811124977,0,3.0,0.5661975001173055,0,0.0,0.6413481108089379,0,0.0,1.0,1,5.0,0.3723165269749712,0,0.0,1.0,3,9.0,0.2082505878978069,0,3.0,0.6819305251604028,1,17.0,0.4573012314584104,1,9.0,0.0,0.0,3.0,0.985782697625894
2032.0,19.0,124.0,0.8211920529801324,9.78635417389594,151.0,1222.0,8.092715231788079,0.0,0.0,16.0,178.0,8.0,5.815217141458186,4.1395348837209305,4.1395348837209305,43.0,0,0.0,1.0,0,0.0,0.0824702371955774,1,4.0,0.0,2,20.0,0.3153047479134254,6,64.0,0.1494873835639403,0,0.0,0.5689126337410909,0,2.0,0.9758082681245008,0,3.0,0.8783957470732291,1,1.0,0.0009095227610548,0,0.0,1.0,0,4.0,0.9322933148731642,0,0.0,1.0,1,2.0,0.5752589475967329,0,0.0,1.0,0,0.0,0.4355694755199027,0,0.0,1.0,3,32.0,0.359063444992132,0,4.0,0.4680283876712077,1,25.0,0.4490434942591675,1,17.0,0.0,0.0,0.0,1.0
2040.0,11.0,30.0,0.189873417721519,9.79368213175758,158.0,1253.0,7.930379746835443,31.0,0.1962025316455696,10.0,97.0,0.0,5.450437129639384,2.4871794871794872,2.4871794871794872,39.0,0,2.0,0.8023136325929627,0,0.0,0.1781146828938669,0,0.0,1.0,0,3.0,0.1970990039702139,3,48.0,0.2621996970580902,0,2.0,0.093349476505778,0,3.0,0.9558979317373888,3,15.0,0.1052230904779234,0,0.0,1.0,0,0.0,1.0,0,3.0,0.8028587185601235,0,0.0,1.0,0,3.0,0.7620301839831782,0,0.0,0.3473793787790016,0,0.0,0.7541437223844772,0,0.0,0.8902650443258424,2,8.0,1.3409079872117145e-05,0,1.0,0.0693534752418876,0,0.0,1.0,2,9.0,0.0004877568772381,0.0,0.0,1.0
2048.0,13.0,56.0,0.35,10.363127231758966,160.0,1171.0,7.31875,0.0,0.0,12.0,117.0,20.0,6.179719347648329,3.342857142857143,3.342857142857143,35.0,0,4.0,0.4232240170342161,1,10.0,0.4650008801584428,0,0.0,1.0,2,17.0,0.0,4,48.0,0.2345142370039461,1,10.0,0.2725772524891077,0,0.0,1.0,0,2.0,0.9273260854703744,0,3.0,0.0950481493099693,0,0.0,1.0,0,7.0,0.9464370614344444,0,0.0,1.0,0,3.0,0.9876633215369758,1,3.0,0.0148433528230186,2,5.0,0.3992292763882421,0,0.0,0.960674762888626,0,2.0,0.4142100244909661,0,1.0,0.3089614038627188,0,0.0,1.0,1,2.0,0.0005021210461872,0.0,0.0,0.7279929299897685
2056.0,14.0,100.0,0.6060606060606061,10.595310144110323,165.0,1141.0,6.915151515151515,0.0,0.0,11.0,139.0,22.0,7.138345787147266,4.964285714285714,4.964285714285714,28.0,0,2.0,0.9486633708260716,1,15.0,0.0,0,0.0,1.0,0,0.0,0.5136869763827085,5,89.0,0.160731549932681,1,1.0,0.3978776565020927,0,0.0,1.0,0,0.0,1.0,2,11.0,0.2913741472665492,0,0.0,1.0,0,0.0,1.0,0,0.0,0.9842028880672096,0,0.0,1.0,0,0.0,1.0,2,21.0,0.5398753168234757,0,0.0,0.2129323491825183,0,0.0,0.809425348408933,0,0.0,1.0,0,0.0,1.0,0,0.0,1.0,0.0,0.0,0.9325250026070906
2064.0,10.0,104.0,0.611764705882353,10.97433312246412,170.0,1177.0,6.923529411764706,36.0,0.2117647058823529,9.0,164.0,25.0,8.221900767418356,4.315789473684211,4.315789473684211,38.0,0,7.0,0.930578273975412,0,0.0,1.0,0,3.0,0.8045105232574694,0,0.0,0.9235662508547444,5,119.0,0.1911842930585886,2,13.0,0.2721745281951754,0,5.0,0.9522687433423112,0,0.0,0.9235667678965832,0,0.0,1.0,0,0.0,1.0,0,0.0,1.0,0,0.0,1.0,0,6.0,0.819096727148699,0,0.0,1.0,0,0.0,0.7190899593809478,1,4.0,0.1655833158153249,0,0.0,1.0,0,0.0,0.8170304191461366,0,0.0,1.0,0,0.0,0.9389241333977798,1.0,7.0,0.6291867958977555
2072.0,8.0,22.0,0.1271676300578034,10.736170481104663,173.0,1130.0,6.531791907514451,0.0,0.0,8.0,79.0,0.0,8.499434788837705,1.6458333333333333,1.6458333333333333,48.0,2,14.0,0.0002677019465925,0,0.0,1.0,0,0.0,1.0,0,0.0,0.9585480497283796,3,23.0,0.3679960233406726,1,4.0,0.1094560366981675,0,6.0,0.7871231875896783,0,5.0,0.9664299216076196,0,2.0,0.8225424033944466,0,0.0,0.8594018154053288,0,6.0,0.8897702083753538,0,0.0,1.0,0,0.0,0.9900444212810138,0,0.0,0.8139958810792314,1,0.0,0.572469500925331,1,6.0,0.0970531077675652,0,0.0,1.0,0,7.0,0.672519148240857,0,0.0,0.949515137704032,0,3.0,0.6577730050167017,0.0,3.0,0.6794847017916099
2080.0,14.0,39.0,0.217877094972067,10.172181876574664,179.0,1175.0,6.564245810055866,45.0,0.2513966480446927,13.0,101.0,22.0,7.503742028662961,2.061224489795918,2.061224489795918,49.0,0,6.0,0.7674814803507781,0,0.0,0.2681240007245097,0,0.0,1.0,0,0.0,0.9570025783878476,2,35.0,0.5931100374183415,0,2.0,0.3108326943691343,1,4.0,0.3280210926547229,0,5.0,0.7013461752556654,1,4.0,0.631748059639967,0,0.0,0.9666903818594412,0,7.0,0.7825524421863863,0,0.0,1.0,1,0.0,0.4767998121697505,2,5.0,0.0891496909815306,0,0.0,0.7587595713023365,0,0.0,0.984188912741502,1,3.0,0.4853491449354994,4,19.0,0.2067458201054014,0,0.0,1.0,1,8.0,0.0,0.0,3.0,0.9951877836572478
2088.0,21.0,85.0,0.480225988700565,9.83616992119277,177.0,1192.0,6.734463276836158,17.0,0.096045197740113,21.0,164.0,63.0,5.280074628054432,3.28,3.28,50.0,3,19.0,0.0016879549350418,2,3.0,0.2798369068018226,0,6.0,0.7253873853025401,1,6.0,0.7356376137393961,3,45.0,0.3882742914179827,2,10.0,3.991381769361977e-05,0,3.0,0.2802706136725056,0,3.0,0.8714078114543251,0,0.0,1.0,1,4.0,5.102822153512623e-05,2,13.0,0.1516329498777532,0,0.0,1.0,0,0.0,1.0,0,0.0,1.0,0,0.0,0.9414913003607844,0,0.0,0.9070646843010745,1,2.0,0.5826190984868785,5,48.0,0.1199109852642349,0,0.0,1.0,1,2.0,0.0506494319088224,0.0,0.0,0.9602892255320556
2096.0,10.0,79.0,0.4438202247191011,10.168757724272762,178.0,1217.0,6.837078651685394,25.0,0.1404494382022472,10.0,137.0,0.0,7.750570671997843,3.6052631578947367,3.6052631578947367,38.0,0,10.0,0.2632247017771688,0,0.0,1.0,0,3.0,0.7655765101822616,1,6.0,0.4810461272626162,1,23.0,0.7027976258545636,0,0.0,1.0,0,1.0,0.968240424707628,0,0.0,0.9902822018587596,0,0.0,1.0,0,0.0,1.0,0,8.0,0.7484815643406483,0,0.0,1.0,0,6.0,0.7785250366583087,0,0.0,0.6269463924592154,0,3.0,0.6091377976072045,0,0.0,0.9854889122075378,3,20.0,0.3410415492955411,4,55.0,0.1989599867846064,0,0.0,1.0,0,0.0,0.971262213633358,1.0,2.0,0.6050495658466302
2104.0,12.0,103.0,0.5786516853932584,10.704485599033912,178.0,1268.0,7.123595505617978,51.0,0.2865168539325842,12.0,176.0,39.0,7.448077663841371,3.911111111111111,3.911111111111111,45.0,0,0.0,0.973311870470202,0,0.0,1.0,1,1.0,0.0018698613001056,1,14.0,0.567056407125983,1,35.0,0.5818244627994278,0,0.0,0.0243020251882493,0,0.0,1.0,0,7.0,0.9393016121203864,0,0.0,1.0,0,0.0,1.0,0,6.0,0.7256834643016289,0,0.0,1.0,1,15.0,0.720879280996851,0,0.0,0.5787141415558505,0,3.0,0.6125795447566594,0,0.0,0.9162975499569408,6,59.0,0.1295437035168183,2,36.0,0.2784577398897484,0,0.0,1.0,0,0.0,1.0,0.0,0.0,0.9712527918588278
2112.0,16.0,147.0,0.8546511627906976,10.57551898046581,172.0,1271.0,7.38953488372093,3.0,0.0174418604651162,16.0,221.0,45.0,8.13185754955219,4.510204081632653,4.510204081632653,49.0,0,0.0,0.3685657734050835,0,3.0,0.7213164944280485,1,7.0,0.4825110170308313,0,0.0,0.865993740624855,2,26.0,0.6661003053083369,1,8.0,0.0,0,0.0,0.9488110632193564,0,5.0,0.8840072624728936,0,0.0,0.6241790828329387,0,0.0,1.0,0,0.0,0.6889681773020265,0,7.0,0.9412019108328256,0,3.0,0.7052945408071799,0,0.0,0.9701368990134092,1,8.0,0.4819592990947649,0,0.0,1.0,6,90.0,3.857951146506188e-06,5,64.0,0.1603999916524639,0,0.0,1.0,0,0.0,1.0,0.0,0.0,0.9370143350285816
2120.0,23.0,252.0,1.4566473988439306,9.969473123843285,173.0,1359.0,7.855491329479769,88.0,0.5086705202312138,22.0,293.0,72.0,5.985285165795999,5.745098039215686,5.745098039215686,51.0,1,6.0,0.4994179154995815,0,0.0,0.939636867062064,2,6.0,0.0004514617563749,1,1.0,0.0201173006926359,1,22.0,0.6630837717359065,1,16.0,0.0184724573284355,1,3.0,0.0005768565846588,0,0.0,1.0,0,0.0,1.0,0,0.0,1.0,2,10.0,0.470179377047292,0,4.0,0.9568299246230236,1,5.0,0.5529811244359908,0,0.0,0.8602749350349158,1,2.0,0.2723101828078171,0,0.0,1.0,6,138.0,0.284739633291349,5,74.0,0.0023893890880528,0,0.0,1.0,0,0.0,1.0,0.0,6.0,0.9421652430245542
2128.0,16.0,79.0,0.4514285714285714,9.720860571599896,175.0,1333.0,7.617142857142857,0.0,0.0,13.0,104.0,0.0,6.3978846743279,2.4761904761904763,2.4761904761904763,42.0,0,0.0,0.9685744322736828,1,9.0,0.4725666952061115,0,0.0,0.6623101227424844,0,0.0,1.0,4,26.0,0.243991509193698,0,0.0,1.0,0,0.0,0.9547149338895654,0,0.0,1.0,0,0.0,1.0,0,0.0,1.0,1,5.0,0.3367444171757718,0,0.0,0.4125144793964151,1,4.0,0.2966019900710304,0,0.0,0.849422176449129,0,0.0,0.5537064040179377,0,0.0,1.0,3,11.0,0.0824241414120318,2,40.0,0.1447841294515056,0,0.0,0.9149265049970424,0,0.0,1.0,1.0,9.0,0.7041791950896652
2136.0,20.0,109.0,0.615819209039548,9.476999804866926,177.0,1390.0,7.853107344632768,57.0,0.3220338983050847,19.0,143.0,39.0,3.8317873411747954,3.575,3.575,40.0,0,0.0,0.5860542221555024,3,22.0,0.2798778911270958,2,10.0,0.0012187756559008,0,0.0,1.0,4,47.0,0.3567883541181038,0,0.0,1.0,1,3.0,0.0273378975234347,0,0.0,1.0,0,0.0,1.0,0,0.0,1.0,0,9.0,0.578116375854219,0,0.0,1.0,0,3.0,0.4194660377503514,0,0.0,1.0,4,18.0,0.1515596551355124,0,0.0,1.0,1,4.0,2.783636545451926e-05,1,12.0,1.4257091109330596e-05,1,3.0,9.622604276163632e-05,0,3.0,0.9505147652042844,2.0,9.0,2.4135842059529725e-05
2144.0,13.0,59.0,0.3333333333333333,9.857954871758809,177.0,1470.0,8.305084745762711,80.0,0.4519774011299435,11.0,118.0,0.0,6.42318840941561,2.6222222222222222,2.6222222222222222,45.0,0,0.0,0.9807991831988556,3,12.0,0.2523477404559179,1,13.0,0.0,0,0.0,1.0,3,20.0,0.4787202341890149,0,0.0,0.978981869437244,0,3.0,0.966184681220558,0,3.0,0.015693834846605,0,0.0,1.0,0,0.0,0.9314059251571764,0,10.0,0.4505385889012654,0,0.0,0.9165140276285536,0,5.0,0.8902256610498852,0,0.0,1.0,0,23.0,0.368372667415763,0,4.0,0.3607590091390697,3,19.0,1.084107926011237e-05,1,6.0,0.0,0,0.0,1.0,0,0.0,0.648008559164995,0.0,0.0,0.1282017490114938
2152.0,14.0,68.0,0.3820224719101123,10.118581117280304,178.0,1465.0,8.230337078651685,0.0,0.0,10.0,144.0,26.0,7.846084906035955,3.5121951219512195,3.5121951219512195,41.0,0,7.0,0.7687832958604055,3,23.0,0.0975712305378525,0,0.0,1.0,0,3.0,0.939564393299928,2,27.0,0.5791810576057294,0,0.0,0.3771896490696625,0,0.0,0.9739795105064052,1,11.0,0.0,0,0.0,1.0,0,0.0,1.0,0,21.0,0.52112633481508,0,0.0,1.0,0,2.0,0.8920525497437037,0,0.0,0.9174284881766211,3,30.0,0.3407039143285855,0,0.0,1.0,1,20.0,0.4664467933120143,0,0.0,1.0,0,0.0,1.0,0,0.0,1.0,0.0,0.0,0.5338786492575107
2160.0,7.0,47.0,0.2640449438202247,11.177641192032846,178.0,1427.0,8.01685393258427,0.0,0.0,6.0,127.0,0.0,8.85481592153572,3.097560975609756,3.097560975609756,41.0,0,0.0,0.302757336558312,1,15.0,0.3683368383509684,0,0.0,1.0,1,11.0,0.0040246058473053,2,33.0,0.709747902663625,0,0.0,1.0,0,0.0,0.8826920949340595,1,30.0,0.7184601211210294,0,0.0,1.0,0,3.0,0.9229184611569816,1,22.0,0.0016503158823372,0,0.0,1.0,0,0.0,0.8619493350624837,0,0.0,0.9750157421361444,0,12.0,0.5842964780107076,0,0.0,1.0,0,0.0,1.0,0,0.0,0.9405799383862892,0,0.0,0.7557939369355868,0,0.0,1.0,0.0,1.0,0.4190990359993437
2168.0,17.0,97.0,0.5418994413407822,9.990638031362876,179.0,1471.0,8.217877094972067,44.0,0.2458100558659217,16.0,161.0,34.0,6.357188687240302,3.425531914893617,3.425531914893617,47.0,3,18.0,0.2763007969409105,2,14.0,1.974801254488637e-05,0,4.0,0.8101337396582923,0,3.0,0.936071643259538,7,50.0,0.2546481556555265,0,0.0,0.3853868234890218,0,0.0,0.4082405503921614,1,28.0,0.1785354843127641,0,0.0,1.0,1,7.0,7.594314846929904e-06,0,0.0,0.9632281787500382,0,3.0,0.7340320898505317,0,3.0,0.8096086712332471,0,0.0,0.9242864069771256,1,17.0,0.3151480721837789,0,0.0,1.0,0,3.0,0.5193622212447961,0,3.0,0.0103964311344929,0,0.0,1.0,0,0.0,0.837263844639619,1.0,8.0,0.0
2176.0,16.0,135.0,0.7670454545454546,9.99652530411072,176.0,1529.0,8.6875,58.0,0.3295454545454545,15.0,187.0,26.0,5.923498076045797,4.560975609756097,4.560975609756097,41.0,0,18.0,0.4671437766130196,2,10.0,0.0032612811873067,1,10.0,0.000119371002295,0,4.0,0.9725537838022666,5,82.0,0.2672063253011251,0,0.0,1.0,0,3.0,0.8906760423594062,1,35.0,0.0,0,0.0,1.0,0,0.0,1.0,0,0.0,0.9923855351416804,2,8.0,0.0016635226088741,0,3.0,0.934634195527792,3,11.0,0.0502178690922471,0,0.0,0.9750125610876276,0,0.0,1.0,0,0.0,1.0,0,0.0,0.948753229006331,1,3.0,0.0006561683527784,0,0.0,1.0,0.0,0.0,0.9691908941209106
2184.0,16.0,74.0,0.4277456647398844,10.131624430930628,173.0,1592.0,9.202312138728324,63.0,0.3641618497109826,14.0,158.0,0.0,6.703294822467354,3.761904761904762,3.761904761904762,42.0,3,29.0,0.2941339955659933,0,6.0,0.5280514527390008,0,3.0,0.8481210170159583,1,17.0,0.7868808387784265,4,72.0,0.2771856323616986,0,0.0,1.0,2,11.0,0.0001047582487801,0,0.0,0.9834236230294549,1,1.0,0.119020690821278,0,0.0,1.0,0,0.0,0.9166166417536836,1,1.0,0.0023611246900014,0,0.0,0.261572143701737,0,3.0,0.5798618947936309,0,0.0,0.6921905214468367,0,0.0,1.0,0,0.0,0.917326640316296,1,4.0,0.0002221207541237,1,11.0,0.0,0,0.0,1.0,0.0,0.0,1.0
2192.0,10.0,36.0,0.2236024844720497,10.284110533819849,161.0,1480.0,9.192546583850932,0.0,0.0,10.0,169.0,11.0,7.348934396647847,4.023809523809524,4.023809523809524,42.0,0,25.0,0.6564766970576884,2,15.0,1.5097217706717137e-05,0,0.0,1.0,1,15.0,0.5953503664771657,4,95.0,0.3946736345660111,0,0.0,0.2048097501112888,0,1.0,0.4575138739559286,0,0.0,1.0,0,0.0,1.0,0,0.0,1.0,0,0.0,1.0,0,4.0,0.975229567145808,1,1.0,0.5048057401940664,0,0.0,1.0,0,0.0,0.936431941345482,0,0.0,1.0,1,1.0,0.3171662424869615,1,12.0,0.0,0,0.0,1.0,0,0.0,1.0,0.0,0.0,1.0
2200.0,14.0,66.0,0.4099378881987577,10.180570882707483,161.0,1517.0,9.422360248447204,37.0,0.2298136645962732,13.0,195.0,26.0,7.221355183341495,4.534883720930233,4.534883720930233,43.0,2,37.0,0.3962043321152204,1,0.0,0.4978007662279298,0,3.0,0.6889138781606993,2,17.0,0.5850169710497674,3,96.0,0.5041729373910625,0,0.0,1.0,0,5.0,0.6808566122409095,0,0.0,1.0,0,0.0,1.0,0,0.0,1.0,0,3.0,0.9109058298290618,0,0.0,1.0,4,14.0,0.0729328242645945,0,0.0,1.0,0,0.0,1.0,0,0.0,1.0,0,0.0,0.9239256934756224,1,20.0,0.473666876723095,0,0.0,1.0,0,0.0,1.0,0.0,0.0,1.0
2208.0,19.0,158.0,0.9937106918238994,9.8298246548573,159.0,1580.0,9.937106918238994,63.0,0.3962264150943396,19.0,287.0,92.0,5.9014789361429,6.239130434782608,6.239130434782608,46.0,2,46.0,0.2722830518468536,2,6.0,0.4157319653841399,0,0.0,0.2657201682073166,1,13.0,0.4628124364940582,5,116.0,0.5312517126114716,0,0.0,1.0,2,11.0,1.5153745905664771e-05,0,0.0,1.0,0,0.0,1.0,0,0.0,1.0,0,0.0,0.7736774168454756,0,7.0,0.7141088220739961,6,54.0,1.8192895147718063e-05,0,0.0,1.0,0,3.0,0.1802010217878396,0,0.0,1.0,0,0.0,1.0,1,28.0,0.487389129497336,0,3.0,0.962540031706304,0,0.0,1.0,0.0,0.0,1.0
2216.0,20.0,157.0,0.9691358024691358,9.334786158454577,162.0,1650.0,10.185185185185183,70.0,0.4320987654320987,20.0,294.0,7.0,4.280080496928898,6.391304347826087,6.391304347826087,46.0,2,59.0,0.0,2,6.0,0.4093266312642944,1,9.0,0.5941637876240558,5,43.0,0.2193325590695991,6,102.0,0.2769571109138387,0,0.0,0.6315090800756387,0,5.0,0.189738991955843,0,2.0,0.9411808163636856,1,2.0,8.573613342216799e-05,0,0.0,0.9769394238764086,0,3.0,0.6305923946461643,1,8.0,0.0,1,51.0,0.1070627269026003,0,0.0,1.0,0,0.0,0.6988198319165199,0,0.0,1.0,0,0.0,1.0,1,1.0,0.3045425911588372,0,3.0,0.0907931345021337,0,0.0,1.0,0.0,0.0,1.0
2224.0,10.0,51.0,0.3072289156626506,9.919811890617162,166.0,1658.0,9.987951807228916,8.0,0.0481927710843373,8.0,153.0,0.0,6.578785377604587,4.5,4.5,34.0,0,0.0,0.8817882063332887,1,2.0,0.3036685806931188,1,4.0,1.6059194458466077e-05,2,29.0,0.2990840633971539,2,68.0,0.3276309434103065,0,0.0,1.0,0,0.0,1.0,0,0.0,1.0,0,0.0,1.0,0,0.0,1.0,0,7.0,0.9065111926158678,1,16.0,0.0,0,11.0,0.537643609538646,0,0.0,1.0,0,0.0,0.9098533620633412,0,0.0,1.0,0,0.0,1.0,0,3.0,0.6126179037907005,1,13.0,0.459428352821615,0,0.0,0.0128653150474099,0.0,0.0,1.0
2232.0,14.0,78.0,0.4785276073619632,10.137383620370429,163.0,1645.0,10.0920245398773,0.0,0.0,13.0,148.0,0.0,6.342279227402212,4.111111111111111,4.111111111111111,36.0,0,0.0,1.0,1,10.0,0.5574085537874912,1,12.0,0.4643155047031009,1,10.0,0.4047574843766282,7,78.0,0.2075160954181252,0,4.0,0.6984234147697381,0,0.0,0.0119306979959383,0,0.0,1.0,0,0.0,1.0,0,0.0,0.9483368247237752,0,0.0,0.8851367406157273,0,0.0,1.0,0,0.0,1.0,0,0.0,1.0,1,3.0,0.0002163697001961,0,0.0,1.0,0,0.0,1.0,1,10.0,0.0,1,21.0,0.5784991052244526,0,0.0,1.0,0.0,0.0,0.9556244393002596
2240.0,21.0,112.0,0.7,9.734733034645766,160.0,1726.0,10.7875,81.0,0.50625,17.0,148.0,0.0,3.7898457970384136,4.484848484848484,4.484848484848484,33.0,0,0.0,0.6718156253322008,2,7.0,0.0167407218871453,1,12.0,0.3955354537287667,2,21.0,0.0002580319146224,3,52.0,0.3238535694693615,2,3.0,0.2227541279174719,0,0.0,1.0,0,0.0,1.0,0,0.0,1.0,0,0.0,1.0,2,3.0,0.0221251996735575,0,4.0,0.822383912091009,0,0.0,1.0,0,0.0,1.0,1,11.0,0.0,0,0.0,1.0,0,0.0,0.9614014332564912,0,3.0,0.2903738727214702,2,30.0,0.2907460727392292,1,1.0,0.0053685032612766,1.0,1.0,0.0013168936666596
2248.0,18.0,188.0,1.1823899371069182,9.66669961672348,159.0,1812.0,11.39622641509434,86.0,0.5408805031446541,13.0,207.0,59.0,3.689819668439935,7.392857142857143,7.392857142857143,28.0,1,5.0,0.2897347432699756,0,5.0,0.3977376129645069,2,25.0,0.0840206068361901,1,26.0,0.352896153450787,4,72.0,0.0829669681182202,0,2.0,0.0116012180871018,0,0.0,1.0,0,3.0,0.9568285848149096,0,0.0,1.0,0,0.0,1.0,0,11.0,0.6123726588731216,0,0.0,1.0,0,0.0,0.459091999133403,0,0.0,0.4341541891827983,0,0.0,1.0,0,0.0,1.0,0,0.0,1.0,1,8.0,0.4667122953402043,3,47.0,0.0042353320426434,0,0.0,1.0,1.0,3.0,0.0004636815853561
2256.0,12.0,115.0,0.732484076433121,9.86300420711799,157.0,1828.0,11.643312101910828,16.0,0.1019108280254777,11.0,166.0,0.0,7.9370716751412305,4.256410256410256,4.256410256410256,39.0,0,6.0,0.8654488512475111,0,0.0,1.0,2,30.0,0.0,2,39.0,0.4785119814578795,4,55.0,0.4154882084510661,0,0.0,1.0,0,0.0,1.0,0,0.0,1.0,0,0.0,1.0,0,0.0,1.0,0,0.0,0.6596174816642209,0,0.0,1.0,0,0.0,0.7918655998503454,1,1.0,0.327087947609185,0,0.0,0.4616648024429899,0,3.0,0.8687756405056918,0,0.0,1.0,1,19.0,0.510340733970677,1,7.0,0.2749893920874789,0,0.0,1.0,0.0,6.0,0.9301576080333152
2264.0,16.0,73.0,0.453416149068323,9.969862400588644,161.0,1849.0,11.48447204968944,21.0,0.1304347826086956,11.0,112.0,0.0,7.736398423944107,2.382978723404255,2.382978723404255,47.0,3,25.0,0.5087698733545735,0,6.0,0.8561369417377811,0,0.0,1.0,1,13.0,0.6915569726955488,1,19.0,0.7634314967673276,0,0.0,1.0,0,5.0,0.9546603426120992,0,0.0,0.0520933067715255,0,0.0,1.0,0,0.0,1.0,0,7.0,0.8161235630047788,0,0.0,1.0,1,5.0,0.7375959219185176,1,4.0,0.1340631182550541,1,4.0,0.0459182482657873,0,0.0,1.0,2,6.0,0.0031136369285786,0,0.0,0.3281058732758988,1,15.0,0.48840009077081,0,3.0,0.9831859910889098,0.0,0.0,0.8520036034028233
2272.0,16.0,72.0,0.4337349397590361,9.325887572773292,166.0,1872.0,11.27710843373494,23.0,0.1385542168674698,12.0,127.0,15.0,6.441555654733535,2.760869565217391,2.760869565217391,46.0,1,7.0,0.1284819732083058,3,18.0,0.1045675883641193,0,0.0,1.0,1,24.0,0.3002183829620918,2,11.0,0.5861883293179357,0,0.0,1.0,0,0.0,0.719921014778558,0,0.0,0.544292250596016,0,0.0,1.0,0,0.0,1.0,0,11.0,0.8387262890889206,0,0.0,1.0,2,12.0,0.5265530326431934,0,0.0,0.5241992052936497,1,12.0,0.53816556124747,0,0.0,1.0,0,3.0,0.0077767280972762,0,0.0,1.0,1,20.0,0.0,0,0.0,1.0,1.0,9.0,0.4717729433207662
2280.0,13.0,86.0,0.5149700598802395,10.202410521580433,167.0,1869.0,11.191616766467066,0.0,0.0,13.0,149.0,22.0,5.540327178811932,4.138888888888889,4.138888888888889,36.0,2,19.0,0.3322555803060674,0,0.0,1.0,0,1.0,0.6397884573619773,3,19.0,0.0021557941028303,0,3.0,0.9258881571988355,0,0.0,0.5365116841786343,0,3.0,0.2974447111126403,1,4.0,7.220324437665604e-05,0,0.0,1.0,0,20.0,0.9868659714113628,5,28.0,0.2070938785941899,0,0.0,1.0,0,7.0,0.6529375300612072,0,3.0,0.7988157518187193,0,0.0,0.5917387215634701,0,0.0,1.0,0,0.0,1.0,0,0.0,1.0,1,28.0,0.4868022016359164,0,0.0,1.0,1.0,14.0,0.0
2288.0,10.0,131.0,0.7987804878048781,10.724405646080928,164.0,1833.0,11.176829268292684,0.0,0.0,8.0,184.0,35.0,8.795424216392167,4.088888888888889,4.088888888888889,45.0,3,44.0,0.2335411274170798,0,0.0,1.0,0,0.0,1.0,4,58.0,0.4213953185098619,0,3.0,0.8900456977710861,0,0.0,0.3383459064528427,0,0.0,1.0,0,0.0,1.0,0,0.0,1.0,0,0.0,1.0,0,20.0,0.7524096052725173,0,0.0,0.9876000083499724,0,9.0,0.6887948976605514,0,5.0,0.8691634673822274,0,0.0,1.0,0,3.0,0.947102825835836,0,3.0,0.8679037606490823,0,0.0,1.0,1,36.0,0.5309744961722404,0,3.0,0.9755000676891912,0.0,0.0,1.0
2304.0,23.0,93.0,0.5568862275449101,8.585255611299457,167.0,1737.0,10.401197604790418,16.0,0.0958083832335329,21.0,177.0,0.0,4.705107609098789,2.8095238095238093,2.8095238095238093,63.0,0,0.0,0.6038222155474253,2,11.0,0.051493537607901,1,3.0,0.0913189349844577,4,52.0,0.0551098274513754,1,18.0,0.6470741871323445,1,8.0,0.0,0,0.0,0.7063005000726614,0,0.0,0.9611659687644024,2,10.0,0.112972397052149,0,0.0,1.0,0,10.0,0.1249127214732183,1,1.0,0.3438342087700328,7,38.0,0.3162542334826012,0,6.0,0.4896668243823093,0,0.0,0.5299652070205105,0,0.0,0.9756755226090056,2,13.0,0.3098806986074808,0,0.0,0.9408760330926188,0,7.0,0.1895537830906548,0,0.0,0.8466089338503446,0.0,0.0,1.0
2312.0,26.0,152.0,0.9101796407185628,8.738358615900028,167.0,1588.0,9.508982035928144,0.0,0.0,24.0,210.0,33.0,4.356512017736103,4.038461538461538,4.038461538461538,52.0,1,4.0,0.4742623059073049,2,33.0,0.4178619542414687,0,0.0,1.0,4,32.0,0.0737581780988658,3,17.0,0.2313079809287662,0,0.0,1.0,0,0.0,0.6682958651890314,1,1.0,0.0062588357567096,0,0.0,1.0,0,0.0,1.0,0,2.0,0.3362090804776385,2,20.0,0.2788703052083996,10,91.0,0.0922491246019601,0,0.0,1.0,0,0.0,0.5973178212615816,0,0.0,1.0,0,0.0,1.0,0,0.0,1.0,1,10.0,0.4697328054600346,0,0.0,1.0,0.0,0.0,0.9661590557171535
2320.0,20.0,89.0,0.5174418604651163,9.610129851698098,172.0,1533.0,8.912790697674419,0.0,0.0,17.0,174.0,0.0,5.275479369097996,3.866666666666666,3.866666666666666,45.0,0,0.0,0.2605894565686102,6,46.0,0.2077117577962101,0,0.0,1.0,2,39.0,0.1277963973440903,2,29.0,0.317020586984416,1,1.0,0.0011966619856321,3,16.0,4.912562472057653e-05,0,0.0,0.9692428799147588,0,0.0,1.0,0,0.0,1.0,0,3.0,0.8104760406591716,0,0.0,1.0,0,22.0,0.2141768990895032,0,0.0,0.6364414660996571,1,10.0,0.794480721363416,0,0.0,1.0,0,0.0,1.0,0,0.0,1.0,1,4.0,3.472517610727683e-05,0,0.0,1.0,1.0,4.0,0.5895796054520938
2328.0,17.0,100.0,0.5586592178770949,9.703850247757575,179.0,1636.0,9.139664804469271,103.0,0.5754189944134078,16.0,227.0,53.0,6.271086509475601,4.283018867924528,4.283018867924528,53.0,0,7.0,0.9294781606411552,3,73.0,0.2587662374701055,0,0.0,1.0,2,22.0,0.0002505935239815,1,21.0,0.2637606625246979,0,0.0,0.9929135427489166,0,0.0,0.9899938745211516,0,0.0,1.0,0,0.0,1.0,0,0.0,1.0,1,28.0,0.6701638940749125,0,0.0,1.0,5,40.0,0.0109835698267556,1,15.0,0.715037041324954,1,12.0,0.3608473541461023,0,0.0,1.0,0,0.0,1.0,0,0.0,1.0,0,0.0,1.0,1,3.0,0.0007778403745898,1.0,6.0,4.173707524720938e-05
2336.0,18.0,150.0,0.819672131147541,9.48787450928547,183.0,1661.0,9.076502732240437,25.0,0.1366120218579235,16.0,238.0,11.0,5.939036125751428,4.25,4.25,56.0,1,10.0,0.3657614658641477,9,120.0,0.1641831238878523,0,0.0,1.0,0,0.0,0.2864716155726239,3,34.0,0.3322718389717772,0,0.0,0.5325496302173685,0,3.0,0.8906430184580767,0,3.0,0.8537307022040417,0,0.0,0.9085036450582972,0,0.0,1.0,0,9.0,0.6305273839399869,0,0.0,0.8590469955925641,0,25.0,0.3409510393282412,1,12.0,0.3346746330166034,2,22.0,0.2169928193724204,0,0.0,1.0,0,0.0,0.8604949791306675,0,0.0,1.0,0,0.0,1.0,0,0.0,1.0,0.0,0.0,0.9514294485012036
2344.0,20.0,168.0,0.8936170212765957,9.16148089553726,188.0,1713.0,9.111702127659576,52.0,0.2765957446808511,19.0,267.0,29.0,5.113439045276247,4.767857142857143,4.767857142857143,56.0,4,18.0,5.268733715241515e-05,6,145.0,0.0742097694373049,0,0.0,1.0,0,3.0,0.8675451687591405,3,37.0,0.1947762805031509,0,0.0,0.1600117234218185,0,0.0,0.9423843167664722,0,4.0,0.5525808529671311,2,4.0,0.0153256813480755,0,0.0,1.0,0,7.0,0.931309009511372,1,2.0,0.0745964782494,0,10.0,0.8734028304577266,0,6.0,0.5362075175951975,1,24.0,0.3890169693027513,0,0.0,0.4565126020183387,2,3.0,0.00188339904145,0,0.0,0.9134745547363244,0,0.0,1.0,0,4.0,0.676293808204905,0.0,0.0,0.9794336831270816
2352.0,20.0,217.0,1.1302083333333333,9.64989296431303,192.0,1712.0,8.916666666666666,0.0,0.0,18.0,304.0,37.0,5.000764282921586,5.735849056603773,5.735849056603773,53.0,0,8.0,0.580986953830416,7,193.0,0.0528323994568424,1,2.0,0.0009964111516165,0,0.0,0.0250959184135687,1,36.0,0.1002954133624173,0,0.0,0.7613304061394186,0,0.0,0.5700415667550716,0,0.0,0.9621734892348164,0,0.0,1.0,0,0.0,1.0,1,9.0,0.6783548424314575,0,3.0,0.2804864154194711,0,0.0,1.0,4,25.0,0.3265850587557715,1,10.0,0.4537551002241374,1,4.0,0.0001921435094306,0,3.0,0.7546277030617881,0,0.0,0.9942810975759024,0,0.0,1.0,1,6.0,0.3953278874698758,1.0,5.0,0.3899508557523009
2360.0,19.0,247.0,1.2538071065989849,10.180934460742684,197.0,1792.0,9.096446700507617,80.0,0.4060913705583756,15.0,346.0,42.0,7.377192209687676,6.407407407407407,6.407407407407407,54.0,0,13.0,0.73657999591122,7,223.0,0.0595494319890215,2,18.0,0.0,1,14.0,0.6356778187351678,2,20.0,0.0,0,0.0,1.0,0,1.0,0.8573903244192177,0,3.0,0.8678771231970511,0,0.0,1.0,0,0.0,1.0,1,20.0,0.409929846786571,0,6.0,0.308974993622081,0,0.0,0.7068617284301076,0,0.0,0.5955817390081178,1,18.0,0.6535485892044961,0,3.0,0.9320294552172228,0,0.0,0.9067775233263656,1,4.0,0.3472767960264051,0,0.0,0.989992968609186,0,3.0,0.6008912393138279,0.0,0.0,0.9839146340074054
2368.0,21.0,342.0,1.809523809523809,10.031170392710177,189.0,1713.0,9.063492063492063,0.0,0.0,18.0,385.0,39.0,6.51500807028317,8.75,8.75,44.0,1,11.0,0.5219121521626291,5,225.0,0.2933135809634131,1,18.0,0.0,1,25.0,0.6311916143886471,1,17.0,0.0,0,0.0,1.0,0,0.0,0.9937787472279228,0,6.0,0.6027905676577009,0,0.0,1.0,0,0.0,1.0,1,20.0,0.0,0,0.0,1.0,1,5.0,0.6441172979522838,4,15.0,0.0030179162707464,1,26.0,0.6814918334399854,0,0.0,1.0,2,7.0,0.2415623808370139,0,0.0,0.6491271691561742,0,0.0,1.0,0,7.0,0.966677087101573,0.0,3.0,0.9765773811352192
2376.0,27.0,410.0,2.1465968586387434,9.610702048514966,191.0,1824.0,9.549738219895287,111.0,0.581151832460733,26.0,448.0,63.0,4.501634978303336,8.784313725490197,8.784313725490197,51.0,2,1.0,0.0870959250256809,6,257.0,0.1107880747663047,1,33.0,0.5306895935238983,1,15.0,0.6160474219208822,1,25.0,0.0,0,0.0,1.0,1,3.0,0.004148910515028,0,7.0,0.848613900291988,0,0.0,1.0,0,0.0,1.0,0,5.0,0.9585717552962386,0,0.0,0.6344758023345082,1,13.0,0.0,7,59.0,0.0272841451034109,0,0.0,0.1297978796487537,0,0.0,1.0,1,6.0,0.4929677955055602,1,5.0,4.129949097419489e-05,0,0.0,1.0,2,15.0,0.0001017771910731,2.0,4.0,0.0042753033172595
2384.0,10.0,345.0,1.796875,10.446702853570557,192.0,1957.0,10.192708333333334,133.0,0.6927083333333334,9.0,390.0,0.0,7.548180859553481,9.75,9.75,40.0,1,13.0,0.6081821896000912,4,271.0,0.2269411154422777,3,45.0,0.001193271276432,0,7.0,0.593097045367121,0,0.0,1.0,0,0.0,0.9851551604337692,0,0.0,0.9143819976670828,0,7.0,0.6863508071059815,0,3.0,0.0098185587461017,0,0.0,1.0,0,3.0,0.7525983028830397,0,0.0,0.5451514565871359,0,0.0,1.0,0,24.0,0.2544491269485832,0,7.0,0.6414487461547662,0,3.0,0.9618181515649672,1,3.0,0.0002122931970772,0,0.0,0.4076618815471854,0,0.0,0.9082678982655706,0,0.0,1.0,0.0,4.0,0.919702073983122
2392.0,22.0,87.0,0.4461538461538462,9.931967395722056,195.0,1934.0,9.917948717948718,0.0,0.0,20.0,317.0,0.0,6.312128190563145,5.763636363636364,5.763636363636364,55.0,1,8.0,0.6588860007728983,3,129.0,0.1724108378338642,2,27.0,0.0,2,21.0,0.6759067546806706,0,3.0,0.9657433396735996,0,0.0,1.0,0,0.0,0.9024761754280074,1,7.0,0.0075849454812045,2,9.0,0.0107019984357675,0,0.0,1.0,0,3.0,0.8685108146444297,0,3.0,0.9875966304212732,0,14.0,0.513936738231905,3,35.0,0.0009181415641016,1,9.0,0.5634251899298949,0,4.0,0.5128307716298808,0,0.0,1.0,3,29.0,0.2471233281503663,0,0.0,0.537195941148479,0,0.0,1.0,2.0,16.0,0.3258464317221771
2400.0,19.0,110.0,0.5583756345177665,10.15916720610718,197.0,2038.0,10.34517766497462,104.0,0.5279187817258884,18.0,361.0,44.0,7.169108732677062,6.446428571428571,6.446428571428571,56.0,1,12.0,0.5179431911718966,5,200.0,0.2419965722350464,2,39.0,0.0,2,34.0,0.6019790980575596,1,1.0,0.0048553299877907,0,0.0,1.0,0,0.0,0.7849747709346816,0,6.0,0.9196946257218308,0,0.0,0.928949317262665,0,0.0,1.0,0,5.0,0.7292649896242942,0,3.0,0.7284263467183325,1,1.0,0.6620572603752527,0,0.0,1.0,2,19.0,0.313183524247054,2,16.0,0.3188843095937475,0,6.0,0.5182648555991527,0,10.0,0.2891796452915311,2,9.0,0.0001159245043843,0,0.0,1.0,0.0,0.0,1.0
2408.0,23.0,163.0,0.8358974358974359,9.871357587274606,195.0,2096.0,10.748717948717948,58.0,0.2974358974358974,20.0,324.0,0.0,5.070111307466787,6.230769230769231,6.230769230769231,52.0,1,4.0,0.3664401473837505,6,154.0,0.1354248633966345,2,55.0,0.0,5,67.0,0.3269904248246731,0,0.0,1.0,0,0.0,0.0198112141895632,0,0.0,1.0,0,3.0,0.3880398479416865,1,4.0,1.359632634629262e-05,0,0.0,0.7993479724890116,1,11.0,0.7712359192737103,0,3.0,0.4924592414639246,2,14.0,0.5156676938461243,0,0.0,0.8600203313544037,1,1.0,0.1097930244294947,0,0.0,1.0,1,8.0,0.0,0,0.0,1.0,0,0.0,1.0,0,0.0,0.4191994982964957,0.0,0.0,1.0
2416.0,19.0,170.0,0.8762886597938144,9.5377272088927,194.0,2131.0,10.984536082474229,35.0,0.1804123711340206,18.0,389.0,65.0,4.41121991907153,7.203703703703703,7.203703703703703,54.0,0,9.0,0.3600565192530671,7,199.0,0.1680102999991709,2,71.0,0.0,0,35.0,0.4775225552700314,0,0.0,0.9346811413880116,0,0.0,0.8944591429687027,0,3.0,0.9748745994781646,0,0.0,1.0,0,0.0,1.0,0,0.0,0.9775249614072452,3,22.0,0.3618492128186987,0,0.0,0.0739294358547833,1,13.0,0.326910752677313,0,0.0,0.569018876264631,1,9.0,0.1312612361577898,0,0.0,1.0,1,16.0,0.0,1,4.0,0.0044865019892278,0,0.0,1.0,1,5.0,0.0,1.0,3.0,5.816239432115499e-05
2424.0,22.0,268.0,1.381443298969072,10.277922564996675,194.0,2182.0,11.24742268041237,51.0,0.2628865979381443,20.0,454.0,65.0,6.320156162232031,9.26530612244898,9.26530612244898,49.0,3,19.0,0.437791973057911,6,238.0,0.2747923027086633,2,87.0,0.0,0,3.0,0.9499191363277716,0,0.0,0.9886942259036646,0,0.0,1.0,0,0.0,0.9591383594921328,0,6.0,0.9512979228439442,0,3.0,0.0311389950383978,1,2.0,0.0005571477358471,0,10.0,0.7648147017366014,0,0.0,1.0,2,24.0,0.0,3,14.0,0.0004722038997172,0,0.0,0.742165139296664,2,33.0,0.1054047741231732,0,3.0,0.6787035464431651,1,12.0,0.4509078593061525,0,0.0,1.0,0,0.0,0.4517694577440726,0.0,0.0,1.0
2448.0,20.0,286.0,1.4895833333333333,9.928949886602746,192.0,2310.0,12.03125,68.0,0.3541666666666667,19.0,474.0,38.0,3.820666052144968,11.560975609756095,11.560975609756095,41.0,1,6.0,0.0,7,308.0,0.126154573449289,5,101.0,0.0001352575891164,1,14.0,0.7232011351961494,2,26.0,0.4270601378758245,0,0.0,1.0,2,5.0,0.3145183464778639,0,0.0,1.0,0,0.0,0.9309729381515904,0,0.0,1.0,0,1.0,0.2666484503245411,0,0.0,1.0,0,0.0,1.0,1,1.0,0.3154600049986964,0,0.0,0.599376024623606,0,0.0,1.0,0,0.0,1.0,0,12.0,0.0163904846918699,0,0.0,0.0737102672526398,0,0.0,1.0,0.0,0.0,0.9735877388748808
2456.0,22.0,408.0,2.060606060606061,10.343588265032404,198.0,2465.0,12.44949494949495,155.0,0.7828282828282829,21.0,625.0,151.0,7.3071583796495,11.160714285714286,11.160714285714286,56.0,0,8.0,0.9484504409536508,7,367.0,0.1935310579582738,3,116.0,0.0,1,11.0,0.7073747806237166,4,41.0,0.2347467403008481,0,0.0,1.0,2,21.0,0.2978757223331318,0,6.0,0.9657507030265228,0,0.0,1.0,0,0.0,1.0,2,13.0,0.3236393084078257,0,0.0,0.9798448749863868,0,0.0,0.4916309672931066,1,9.0,0.4136670434631068,0,7.0,0.9726167679244364,0,1.0,0.9323348556020332,1,18.0,0.0562739023019333,0,2.0,0.3242098984877939,0,4.0,0.7719929796062773,0,0.0,1.0,0.0,1.0,0.9654616595894072
2464.0,23.0,349.0,1.8082901554404145,9.903724888435958,193.0,2564.0,13.284974093264248,99.0,0.5129533678756477,20.0,585.0,0.0,5.359184473682381,11.470588235294118,11.470588235294118,51.0,2,11.0,0.3464459487209022,3,280.0,0.076431598451212,1,80.0,0.0,1,22.0,0.4027703128183315,5,70.0,0.2209093789956651,0,0.0,0.5029084026127032,3,47.0,0.4207103004654191,0,7.0,0.1589121155546724,0,0.0,1.0,0,0.0,1.0,2,28.0,0.0,0,0.0,1.0,1,3.0,0.5469298636220088,0,0.0,0.0091031390032815,0,4.0,0.8522647138763538,0,0.0,1.0,2,33.0,0.331396429736976,0,0.0,1.0,0,0.0,0.9783051846440391,0,0.0,1.0,0.0,0.0,1.0
2472.0,16.0,125.0,0.6578947368421053,10.503220339547749,190.0,2652.0,13.957894736842103,88.0,0.4631578947368421,15.0,359.0,0.0,6.271093493862301,9.97222222222222,9.97222222222222,36.0,1,9.0,0.2908161448299105,3,205.0,0.1815934843603156,0,6.0,0.7994026063754947,2,32.0,0.4865313959125708,4,33.0,0.0003512537607697,0,0.0,1.0,5,74.0,0.2759024974816874,0,0.0,1.0,0,0.0,1.0,0,0.0,1.0,0,0.0,1.0,0,0.0,1.0,0,0.0,1.0,0,0.0,0.7323608755150629,0,0.0,0.9789762934030314,0,0.0,1.0,0,0.0,1.0,0,0.0,0.960276284032287,0,0.0,0.9520586818149448,0,0.0,0.9698863630777372,0.0,0.0,1.0
2480.0,19.0,221.0,1.1881720430107527,10.56158165705889,186.0,2574.0,13.838709677419354,0.0,0.0,18.0,462.0,103.0,6.7533946880937545,10.043478260869565,10.043478260869565,46.0,1,12.0,0.5981568213261493,5,230.0,0.1977330093844726,1,8.0,1.4637681311404856e-05,2,33.0,0.6825614287190995,2,43.0,0.2449739293002238,0,0.0,0.9164415478973602,5,114.0,0.2076224990248262,0,0.0,0.8907533658573896,0,0.0,1.0,0,0.0,1.0,1,19.0,0.7123587802982756,0,0.0,1.0,1,0.0,0.4685976726688802,0,0.0,1.0,0,0.0,1.0,0,3.0,0.9246785101460202,0,0.0,0.2979163982079576,0,0.0,0.9961329873063888,0,0.0,1.0,0,0.0,1.0,0.0,0.0,1.0
2488.0,22.0,267.0,1.5084745762711864,9.507149214440496,177.0,2504.0,14.146892655367232,0.0,0.0,22.0,517.0,55.0,4.779319598785088,9.574074074074074,9.574074074074074,54.0,0,1.0,0.2253646060361294,5,266.0,0.2353819017240974,0,0.0,1.0,4,28.0,0.2861155130721438,1,4.0,0.0003437308278945,0,0.0,1.0,7,170.0,0.0,2,9.0,0.0006400765126238,0,0.0,0.9110526570951948,0,0.0,1.0,1,15.0,0.5407098509526255,0,7.0,0.5348231959240447,1,1.0,0.0046709157750855,0,0.0,1.0,0,0.0,1.0,0,0.0,1.0,1,16.0,0.5084137077912877,0,0.0,0.4110595467700818,0,0.0,1.0,0,0.0,1.0,0.0,0.0,0.9127911110123568
2496.0,19.0,156.0,0.8715083798882681,8.727949419055825,179.0,2500.0,13.966480446927374,0.0,0.0,16.0,424.0,0.0,4.646685289001134,7.709090909090909,7.709090909090909,55.0,0,0.0,0.566263869498867,5,247.0,0.2135611612805064,0,6.0,0.7406840741658234,5,63.0,0.2841038604960015,0,0.0,1.0,0,0.0,0.9862643895388616,0,26.0,0.3648123390427069,0,5.0,0.2993655990666534,1,12.0,0.2946700461484453,0,0.0,1.0,4,45.0,0.072552328901204,0,8.0,0.630339260893066,0,0.0,1.0,0,0.0,1.0,0,0.0,0.3294097945682683,0,0.0,1.0,0,6.0,0.3467237877864386,1,6.0,0.0074737611803586,0,0.0,1.0,0,0.0,1.0,0.0,0.0,0.9684721076692744
2504.0,15.0,133.0,0.7150537634408602,10.164976054805722,186.0,2548.0,13.698924731182796,48.0,0.2580645161290322,13.0,396.0,0.0,6.754027013766334,8.608695652173912,8.608695652173912,46.0,0,3.0,0.948356176666367,3,277.0,0.176684949113221,1,7.0,8.20336977172847e-06,2,31.0,0.4034327265427081,0,4.0,0.6228515239345854,0,0.0,0.9821158711446856,2,33.0,0.3262020079989579,2,19.0,0.4842803801760151,0,0.0,0.3490097405676898,0,0.0,1.0,0,3.0,0.9274544658117962,0,0.0,1.0,0,3.0,0.9136935885908104,0,0.0,1.0,0,0.0,0.9527215857480672,0,3.0,0.92516927602453,3,8.0,0.0016966507977095,0,0.0,0.529935184594628,0,5.0,0.9262322692463668,0,0.0,1.0,0.0,0.0,0.9651466173534848
2512.0,28.0,250.0,1.3227513227513228,9.41308462104914,189.0,2642.0,13.97883597883598,94.0,0.4973544973544973,24.0,517.0,121.0,5.047719680737076,9.574074074074074,9.574074074074074,54.0,1,7.0,0.4991890507885282,5,295.0,0.224191882666522,1,8.0,0.4515581342189926,7,69.0,0.0001754784426426,0,0.0,0.980261063053007,2,17.0,0.2536859557121689,2,56.0,0.5440500849049222,2,28.0,0.0,0,4.0,0.8839484198339342,0,0.0,1.0,0,0.0,1.0,0,0.0,0.9409833760293016,0,6.0,0.9345888235817704,0,0.0,1.0,1,4.0,0.4427272619464764,0,0.0,0.4567780004783583,0,6.0,0.3451852442721568,0,0.0,1.0,1,9.0,0.36996770687827,1,4.0,0.4559611670901942,1.0,4.0,0.0007074791130205
2520.0,16.0,234.0,1.212435233160622,10.239275375718252,193.0,2780.0,14.404145077720209,138.0,0.7150259067357513,14.0,442.0,0.0,6.3665629400615815,10.045454545454543,10.045454545454543,44.0,2,19.0,0.5402871235288096,7,333.0,0.1761836322264358,0,3.0,0.9436103566439088,3,48.0,0.3595074142956593,0,6.0,0.6681421899390376,0,0.0,1.0,0,0.0,0.972311940629248,0,15.0,0.3132358457448923,0,0.0,1.0,0,0.0,1.0,0,0.0,1.0,0,0.0,1.0,0,0.0,1.0,0,0.0,1.0,0,6.0,0.5617583384284117,0,0.0,1.0,1,8.0,0.0,0,0.0,0.9502334531943434,0,0.0,0.9586025225130838,0,0.0,1.0,1.0,4.0,0.4485242435249862
2528.0,26.0,262.0,1.323232323232323,9.514401892385308,198.0,2824.0,14.262626262626265,44.0,0.2222222222222222,24.0,491.0,49.0,4.221925357868814,9.264150943396226,9.264150943396226,53.0,4,39.0,0.1622289893065892,7,375.0,0.1252111430635357,1,7.0,0.000180427860014,1,4.0,0.5412235339886599,2,13.0,0.0294895443598117,0,4.0,0.4477673847154806,0,0.0,1.0,0,2.0,0.9489682351783576,0,0.0,1.0,0,0.0,1.0,0,0.0,1.0,0,0.0,1.0,0,0.0,0.8755479768270241,0,0.0,1.0,3,25.0,0.411853805597814,1,5.0,0.0652252396812543,2,6.0,0.0006216401641262,0,0.0,0.8523656015229004,2,5.0,0.0033887422991838,0,0.0,1.0,1.0,6.0,0.4018391484423988
2536.0,18.0,254.0,1.2959183673469388,9.560287674434829,196.0,2929.0,14.943877551020408,105.0,0.5357142857142857,17.0,547.0,56.0,5.863728485511803,10.12962962962963,10.12962962962963,54.0,0,4.0,0.5751544169006392,6,411.0,0.0601606837360579,1,7.0,0.0033770888680426,2,8.0,0.3322487068351576,3,43.0,0.1526046678641444,0,0.0,1.0,0,24.0,0.9281235429611324,0,3.0,0.9854070503954292,0,0.0,1.0,0,0.0,1.0,0,0.0,1.0,0,3.0,0.866919015544421,2,6.0,0.3134952422128487,0,0.0,1.0,0,21.0,0.3053099689394505,0,4.0,0.2754689596927805,1,5.0,0.4325695761422843,1,2.0,0.0034193819132828,0,0.0,1.0,0,0.0,0.9452630159093856,1.0,6.0,0.2651967623560837
2544.0,22.0,318.0,1.65625,9.75247053108986,192.0,2749.0,14.317708333333334,0.0,0.0,21.0,582.0,35.0,5.572964729493281,10.77777777777778,10.77777777777778,54.0,1,12.0,0.4406336789299687,7,444.0,0.1094954993079496,0,0.0,1.0,2,23.0,0.6663200822384134,2,23.0,0.3406069128897492,0,0.0,1.0,2,35.0,0.3755152204446341,1,4.0,0.4440215970271273,0,0.0,1.0,0,0.0,1.0,0,3.0,0.9358905955324572,0,0.0,1.0,0,0.0,1.0,0,0.0,1.0,1,8.0,0.6304857039309003,1,12.0,0.4634796593479763,2,6.0,0.002179321585258,0,0.0,0.8650328098317661,0,0.0,0.8787377406036405,1,5.0,0.0946722727913392,1.0,7.0,0.0
2552.0,28.0,419.0,2.1161616161616164,9.312981055052685,198.0,2862.0,14.454545454545457,113.0,0.5707070707070707,26.0,706.0,124.0,5.270996102125966,11.206349206349206,11.206349206349206,63.0,2,28.0,0.373955665306941,5,451.0,0.2152284625962023,0,4.0,0.6467551559301227,4,46.0,0.1546512462638575,2,35.0,0.3144109692395767,0,0.0,1.0,5,65.0,0.2540936370060864,0,0.0,1.0,0,0.0,1.0,0,8.0,0.934964798331758,0,3.0,0.7817332867035631,1,6.0,0.4819060894839957,0,0.0,1.0,0,0.0,1.0,3,22.0,0.4094370873591641,0,4.0,0.2505847374977017,3,29.0,0.0,0,0.0,0.8608953292809585,0,0.0,0.0381022522260688,0,0.0,1.0,1.0,5.0,0.722401839103911
2560.0,26.0,448.0,2.3703703703703702,9.192322439170407,189.0,2716.0,14.37037037037037,0.0,0.0,26.0,738.0,32.0,4.123927587288594,12.947368421052632,12.947368421052632,57.0,1,10.0,0.3624895651021689,6,467.0,0.0299986289621702,1,10.0,0.0,1,30.0,0.4421734055600506,2,26.0,0.3055649638561309,1,2.0,0.0,9,128.0,0.1421634517713871,0,4.0,0.4803934096015722,0,0.0,1.0,0,0.0,1.0,0,0.0,1.0,1,16.0,0.4051539305810863,0,0.0,0.9411420946533092,0,0.0,1.0,0,5.0,0.4576448306572558,1,9.0,0.0,0,15.0,0.4058010519615287,0,0.0,0.9879664620666913,0,0.0,0.5721573227664785,0,0.0,1.0,3.0,16.0,0.0698333045431271
2568.0,26.0,548.0,2.8842105263157896,9.91523421975343,190.0,2765.0,14.552631578947368,49.0,0.2578947368421053,25.0,815.0,77.0,5.888973129861821,15.092592592592592,15.092592592592592,54.0,1,16.0,0.4486519215506708,3,459.0,0.3442515895034223,2,22.0,0.2436566834340442,4,29.0,0.2764695903688332,2,42.0,0.0,0,0.0,1.0,9,197.0,0.0,1,7.0,0.0125123143913563,0,0.0,1.0,0,0.0,1.0,0,0.0,1.0,0,6.0,0.8755806719299724,0,0.0,0.7614089270176096,0,0.0,1.0,0,7.0,0.7482589581504677,0,3.0,0.970790929656793,3,24.0,0.1472791111830011,0,0.0,1.0,0,0.0,0.9413641581314952,0,3.0,0.922419927018301,0.0,0.0,0.9579046518529714
2576.0,16.0,365.0,1.9623655913978493,10.18233835813088,186.0,2776.0,14.924731182795698,11.0,0.0591397849462365,15.0,676.0,0.0,6.309983048075617,15.363636363636363,15.363636363636363,44.0,1,13.0,0.5343080235420374,4,483.0,0.1315046031172034,1,6.0,0.0011401321465046,3,46.0,0.3981389124433053,0,0.0,1.0,2,4.0,0.0002334531423892,0,108.0,0.2353529995874146,0,0.0,0.555492071169232,0,0.0,1.0,0,0.0,1.0,2,5.0,0.2518001346548815,0,0.0,0.9169391511918558,0,0.0,1.0,0,0.0,1.0,1,7.0,0.5773608732073863,0,0.0,1.0,0,0.0,1.0,0,0.0,0.9620810487009313,1,3.0,0.204024263543512,0,0.0,1.0,0.0,1.0,0.9906398565024014
2584.0,16.0,395.0,2.1236559139784945,10.648990395001247,186.0,2818.0,15.150537634408602,42.0,0.2258064516129032,14.0,718.0,42.0,7.84213362970496,16.318181818181817,16.318181818181817,44.0,1,10.0,0.5563752321203617,3,507.0,0.3027954454664021,1,14.0,0.0,2,25.0,0.6674790100876379,0,6.0,0.6568072412343698,0,0.0,1.0,5,131.0,0.2482866759025535,2,13.0,0.0041688623460844,0,0.0,1.0,0,0.0,1.0,0,0.0,0.8646582244766394,0,3.0,0.7191103520468489,0,0.0,0.6313231250540019,0,0.0,1.0,0,6.0,0.6340527291737622,0,0.0,0.980148413134345,0,0.0,1.0,0,0.0,1.0,0,3.0,0.2642449311067231,0,0.0,1.0,0.0,0.0,0.9515951716789924
2592.0,16.0,415.0,2.292817679558011,9.433028063520675,181.0,2557.0,14.12707182320442,0.0,0.0,14.0,647.0,0.0,5.1914078098495695,13.479166666666666,13.479166666666666,48.0,1,13.0,0.218547485463183,3,531.0,0.0,0,4.0,0.3051513191343469,0,4.0,0.5258660907442224,1,9.0,0.6446891242490044,1,8.0,0.2233087306463521,0,33.0,0.2600671574102672,0,0.0,0.8197323038287758,0,4.0,0.459406903767772,0,0.0,1.0,0,0.0,1.0,1,2.0,0.1545139379934604,1,4.0,3.5723307366560714e-05,0,0.0,1.0,4,24.0,0.3369801775696154,0,0.0,0.9536429675388524,0,0.0,1.0,0,0.0,1.0,1,8.0,2.2487055876462447e-05,0,0.0,1.0,1.0,3.0,0.4574126522108124
2600.0,22.0,103.0,0.5478723404255319,9.614916668911018,188.0,2663.0,14.164893617021276,106.0,0.5638297872340425,21.0,290.0,0.0,4.1866447836250185,6.304347826086956,6.304347826086956,46.0,3,25.0,0.2488299234237014,0,125.0,0.2369181854506004,1,11.0,0.0,3,13.0,0.1801363271270144,2,10.0,0.2527462746502786,6,42.0,0.0097881216972955,0,0.0,1.0,1,5.0,2.313004679367481e-05,0,0.0,1.0,0,0.0,1.0,0,0.0,1.0,0,3.0,0.975840278925142,1,12.0,0.0,0,0.0,0.5317178812644329,4,41.0,0.2785610348180404,0,0.0,1.0,0,3.0,0.9848243948394034,0,0.0,1.0,0,0.0,0.9770094640375288,0,0.0,0.6594478507319033,0.0,0.0,1.0
2608.0,13.0,54.0,0.2827225130890052,9.759874601776149,191.0,2613.0,13.680628272251308,0.0,0.0,13.0,283.0,0.0,6.313723636243694,5.339622641509434,5.339622641509434,53.0,2,30.0,0.4025707964619892,3,140.0,0.0943383856068578,0,0.0,1.0,2,28.0,0.3190001386115531,0,11.0,0.4540062693963134,0,17.0,0.4898081093158521,0,3.0,0.9094031449850334,0,6.0,0.9356403248441444,0,0.0,1.0,0,0.0,0.077436960038883,0,0.0,1.0,0,0.0,1.0,0,0.0,1.0,1,1.0,0.4534899675649888,4,44.0,0.3803199633763578,0,0.0,1.0,1,2.0,0.0026446089551324,0,0.0,1.0,0,0.0,0.8356116659434452,0,1.0,0.8591520526436696,0.0,0.0,1.0
2616.0,26.0,105.0,0.5412371134020618,9.197618099149263,194.0,2504.0,12.90721649484536,0.0,0.0,25.0,369.0,86.0,4.516839245698807,6.049180327868853,6.049180327868853,61.0,0,12.0,0.3833393186239689,5,173.0,0.0004035101105436,1,5.0,0.0003690822029625,3,52.0,0.3116455568052951,2,18.0,0.1765299375759723,0,0.0,1.0,1,10.0,0.6278354588087862,0,3.0,0.924486404714296,1,7.0,0.0098839330135417,0,0.0,1.0,1,6.0,0.3546598784234588,0,0.0,1.0,1,0.0,0.3157231146246568,2,16.0,0.1717305616842767,2,38.0,0.404364231384058,0,0.0,1.0,2,12.0,0.0757489976827101,1,2.0,0.4647317936881399,0,3.0,0.8953684439189418,1,5.0,0.0,2.0,7.0,0.3050835516161931
2624.0,33.0,235.0,1.217616580310881,9.02429760430333,193.0,2573.0,13.33160621761658,69.0,0.3575129533678756,32.0,333.0,0.0,3.741888666684628,5.741379310344827,5.741379310344827,58.0,2,20.0,0.5031525089922979,4,67.0,0.0,0,0.0,1.0,8,95.0,0.1466524266925759,4,31.0,0.1665045602762193,0,0.0,0.8543229985072226,3,23.0,0.2070154376025183,0,0.0,1.0,1,15.0,0.0056725535799892,0,0.0,1.0,1,7.0,0.322267531831539,0,0.0,0.946736063570809,0,0.0,0.319461049662195,2,29.0,0.2519877607487452,6,45.0,0.2087018398003455,0,0.0,1.0,0,0.0,1.0,0,0.0,0.6691411168511632,0,0.0,0.9241070952500764,0,0.0,0.3949413713987456,1.0,1.0,0.004147711908014
2632.0,15.0,96.0,0.5026178010471204,9.484416252501187,191.0,2375.0,12.434554973821989,0.0,0.0,15.0,256.0,0.0,6.535078946012775,4.266666666666667,4.266666666666667,60.0,2,13.0,0.4443552517753509,0,0.0,1.0,0,6.0,0.6771156754667762,6,125.0,0.2692449666443149,2,35.0,0.2770458279552643,0,0.0,0.6187982184104132,0,4.0,0.4960616856174151,0,0.0,0.6038970308991267,0,0.0,1.0,0,0.0,1.0,1,7.0,0.6541187547591014,0,0.0,1.0,0,3.0,0.7144166941664792,2,5.0,0.1650683546879101,1,45.0,0.3399396324868542,0,2.0,0.7336833855497701,0,5.0,0.4912690147463663,0,0.0,0.9970351177729384,0,0.0,0.5196688973840671,1,6.0,0.0,0.0,0.0,0.9854867262202546
2640.0,14.0,92.0,0.4742268041237113,10.079047596951415,194.0,2217.0,11.427835051546392,0.0,0.0,13.0,212.0,0.0,7.695244976328584,4.15686274509804,4.15686274509804,51.0,1,7.0,0.4644873290606865,0,0.0,1.0,0,0.0,0.7580645873166421,3,103.0,0.4092169523687943,2,29.0,0.475251197966799,0,0.0,1.0,0,3.0,0.980979004799937,1,6.0,0.0,0,0.0,1.0,0,0.0,1.0,1,22.0,0.6766361329898869,0,0.0,1.0,1,15.0,0.5878167413539958,0,0.0,0.4762874250732729,1,5.0,0.5983777138722812,0,0.0,1.0,3,22.0,0.1370578655731307,0,0.0,0.8608789466582061,0,0.0,0.9728758538485328,0,0.0,1.0,0.0,0.0,1.0
2648.0,26.0,94.0,0.4747474747474747,9.877571530600289,198.0,2221.0,11.217171717171718,4.0,0.0202020202020202,19.0,157.0,0.0,6.560040207347292,3.3404255319148937,3.3404255319148937,47.0,2,11.0,0.3085782106312673,0,0.0,0.9307611405721676,2,8.0,9.922007566926128e-05,4,35.0,0.216575521484607,1,12.0,0.5797177571267352,0,0.0,1.0,1,3.0,0.0004995261386806,2,31.0,0.6046133395001806,1,2.0,0.0030850036537417,0,0.0,1.0,1,27.0,0.3772303729275776,0,0.0,0.932508702688586,0,6.0,0.8652442414217927,0,0.0,1.0,2,7.0,0.2144853380293347,0,0.0,1.0,1,7.0,0.478285871626922,2,8.0,0.0977334658078154,0,0.0,0.9492320292851516,0,0.0,0.9320813090076876,0.0,0.0,1.0
2656.0,16.0,101.0,0.5260416666666666,10.391797414529275,192.0,2202.0,11.46875,0.0,0.0,14.0,169.0,12.0,8.144429894131687,3.25,3.25,52.0,1,21.0,0.7220378122438339,0,0.0,0.7219263982950156,0,0.0,1.0,2,32.0,0.3423391315857335,2,18.0,0.3051030645426013,0,0.0,0.7100396300606069,1,11.0,0.3991590540019858,2,39.0,0.4885442502102486,0,0.0,1.0,0,0.0,1.0,2,21.0,0.6679626881526618,0,2.0,0.8199658645800179,0,3.0,0.904021077777685,1,6.0,0.3035153165778553,0,0.0,0.9735016885015269,1,5.0,0.254787440074482,1,3.0,0.4845803379970138,0,7.0,0.0916991447632812,1,1.0,0.0010965262212713,0,0.0,0.9383868381465678,0.0,0.0,1.0
2664.0,19.0,126.0,0.63,9.985750270876345,200.0,2295.0,11.475,93.0,0.465,17.0,172.0,3.0,6.424457949045343,3.372549019607843,3.372549019607843,51.0,0,0.0,0.8654323120052396,1,1.0,0.4762565557291905,0,0.0,1.0,2,14.0,2.532968124727898e-05,1,16.0,0.6798139759319044,1,3.0,7.595455304920024e-05,1,8.0,0.1288835740570205,2,56.0,0.2980763276709686,0,0.0,0.9166589177695872,0,0.0,0.96821506445159,0,7.0,0.5595783243567891,1,3.0,9.413660476255218e-06,1,0.0,0.2023223411873882,5,35.0,0.2624425366354448,0,0.0,0.4082731617631854,0,5.0,0.3908661554153049,0,0.0,0.9164928161723402,2,21.0,0.4599079666478831,0,0.0,1.0,0,3.0,0.9865017149864403,0.0,0.0,0.6867696288960636
2672.0,15.0,121.0,0.6142131979695431,10.344641603306572,197.0,2283.0,11.588832487309643,0.0,0.0,15.0,177.0,5.0,5.905154158529557,3.933333333333333,3.933333333333333,45.0,1,11.0,0.5234871512504181,0,0.0,1.0,0,0.0,1.0,0,7.0,0.0853933226460683,3,33.0,0.2472361502001361,0,0.0,0.0095100962312156,0,15.0,0.7269819488772075,3,74.0,0.0006344489420949,2,3.0,0.0012698509267642,0,0.0,0.9558782130720194,0,4.0,0.4480959303416411,1,7.0,0.4498625431320015,0,0.0,0.3527444342321117,0,0.0,1.0,1,5.0,0.4653992267998313,0,3.0,0.9531117971284984,1,3.0,0.6400212670690747,2,5.0,0.0030687022395631,0,0.0,1.0,1,7.0,0.0,0.0,0.0,0.9069204718468148
2680.0,13.0,50.0,0.25,10.0219730793808,200.0,2303.0,11.515,20.0,0.1,12.0,95.0,0.0,5.810535489604217,2.5,2.5,38.0,1,4.0,0.404884641622805,0,0.0,0.7727117821631229,0,0.0,0.9601722252605478,0,1.0,0.6448752357140635,0,12.0,0.587658547983995,0,0.0,1.0,0,3.0,0.8917303956101206,0,3.0,0.5494169783037239,0,0.0,1.0,0,0.0,1.0,2,7.0,0.2820918805770512,2,18.0,9.522116166585668e-06,1,17.0,0.2577477843355885,0,0.0,1.0,1,3.0,0.0,0,0.0,1.0,3,17.0,0.1637931339032126,1,9.0,0.0,1,1.0,0.0219807231308106,0,0.0,1.0,0.0,0.0,0.955413941508516
2688.0,12.0,54.0,0.2660098522167488,10.458605779540385,203.0,2339.0,11.52216748768473,36.0,0.1773399014778325,12.0,100.0,5.0,5.655880300531271,2.631578947368421,2.631578947368421,38.0,0,6.0,0.541147453438144,0,0.0,1.0,0,7.0,0.107422627405225,3,10.0,0.0932529429887754,2,21.0,0.3877998215263878,0,0.0,0.7967579784508217,0,0.0,0.9176886650702504,1,13.0,0.6945251545057199,0,0.0,1.0,0,0.0,1.0,4,16.0,0.0551423773241259,0,3.0,0.3108464155369693,1,19.0,0.1743769537612019,0,0.0,1.0,0,0.0,0.2584997421719402,0,0.0,1.0,1,5.0,0.1846016804030252,0,0.0,1.0,0,0.0,0.8484715977784897,0,0.0,1.0,0.0,0.0,0.8930920989758819
2696.0,13.0,94.0,0.4585365853658537,10.723081603472089,205.0,2308.0,11.258536585365851,0.0,0.0,11.0,184.0,84.0,6.834210848931284,4.088888888888889,4.088888888888889,45.0,1,21.0,0.6696638888335232,0,1.0,0.7080333041777119,1,12.0,0.0,0,7.0,0.4471299146546668,4,53.0,0.0398310396662503,0,0.0,1.0,0,5.0,0.916525894363034,0,0.0,1.0,0,7.0,0.5013256120671487,0,0.0,1.0,1,32.0,0.57634098642954,2,11.0,0.1763784234102727,1,23.0,0.4056077689309146,0,0.0,1.0,0,3.0,0.4472022100703043,0,0.0,1.0,1,9.0,0.004182367561124,0,0.0,1.0,0,0.0,0.8463826903941065,0,0.0,1.0,0.0,0.0,1.0
2704.0,10.0,73.0,0.3543689320388349,10.434503283512624,206.0,2320.0,11.262135922330096,12.0,0.058252427184466,10.0,151.0,0.0,7.321491734033937,3.02,3.02,50.0,2,29.0,0.4823295817172642,0,0.0,0.9982849963148412,1,20.0,0.1015067868674615,3,17.0,0.1930872273536853,1,37.0,0.3411078941891533,0,0.0,0.9262612878906836,0,0.0,0.7859376035699549,0,0.0,1.0,0,3.0,0.9708084892677494,0,0.0,1.0,2,26.0,0.0822336972220481,0,5.0,0.1902287812124723,0,2.0,0.8413667683673568,1,2.0,0.2829395167722293,0,0.0,0.5766798804324358,0,6.0,0.891649998145535,0,3.0,0.4563885804640805,0,0.0,1.0,0,0.0,0.5136363107542079,0,1.0,0.1413849569298511,0.0,0.0,1.0
2712.0,19.0,119.0,0.5639810426540285,10.127731752343982,211.0,2433.0,11.530805687203792,113.0,0.5355450236966824,16.0,188.0,37.0,7.085083315413829,3.298245614035088,3.298245614035088,57.0,4,62.0,0.3153931933618956,0,0.0,1.0,2,8.0,0.1369961745577929,2,11.0,0.4413095547167298,3,56.0,0.353398404649467,1,1.0,0.6473952819759645,1,6.0,0.4932351374162269,0,0.0,0.4904452580609009,0,0.0,1.0,0,0.0,1.0,1,31.0,0.294740829974572,1,2.0,0.4931801057466158,1,5.0,0.3342162424160738,0,3.0,0.8280953794428538,0,0.0,1.0,0,0.0,0.8301169731492325,0,0.0,0.9458479412172174,0,0.0,0.8294084039371257,0,3.0,0.9867761414480914,0,0.0,0.8053102835465669,0.0,0.0,0.8957186921173558
2720.0,30.0,203.0,0.9666666666666668,9.396423293017351,210.0,2314.0,11.01904761904762,0.0,0.0,29.0,302.0,114.0,5.079934205370039,4.194444444444445,4.194444444444445,72.0,10,118.0,0.0004716210090036,0,4.0,0.697853948702472,1,12.0,0.0173724687010557,2,9.0,0.1476511252435441,3,49.0,0.3229352972946616,0,0.0,1.0,1,8.0,0.0842142702344642,1,5.0,0.0010789083385124,0,0.0,0.1391852073267519,1,1.0,0.3112748904412506,1,44.0,0.3751534060074284,1,3.0,3.055297036194893e-05,0,12.0,0.7168185507571484,0,0.0,0.662425946617562,0,9.0,0.5628705690769393,0,0.0,1.0,3,7.0,0.2462738750021207,4,18.0,0.4685528226423997,0,0.0,0.9207859559514484,0,0.0,1.0,1.0,3.0,0.0003720601632134
2728.0,25.0,283.0,1.3412322274881516,9.32415182083083,211.0,2473.0,11.72037914691943,159.0,0.7535545023696683,25.0,398.0,96.0,5.437708538860884,6.317460317460317,6.317460317460317,63.0,5,148.0,0.159775145732287,0,0.0,1.0,1,13.0,0.531172950900802,0,5.0,0.4187553575034882,3,70.0,0.3625562309818065,0,0.0,0.9924366716677894,1,14.0,0.4892697721778048,0,0.0,0.927337293121437,0,0.0,1.0,0,0.0,1.0,1,47.0,0.6300654314482393,0,4.0,0.9115089743331418,4,26.0,0.3215779995883708,0,0.0,0.3569988557893748,3,11.0,0.2483727878571407,0,3.0,0.4931307222476472,2,19.0,0.3207232135060996,5,36.0,0.0995851950973942,0,2.0,0.9469714357781186,0,0.0,1.0,0.0,0.0,1.0
2736.0,22.0,217.0,1.0235849056603774,9.97141890915024,212.0,2657.0,12.533018867924527,184.0,0.8679245283018868,19.0,360.0,0.0,5.014104660926321,6.923076923076923,6.923076923076923,52.0,3,81.0,0.1585488387119955,0,1.0,0.6183543397872605,1,18.0,0.0,0,0.0,1.0,2,74.0,0.4611611878807136,2,8.0,0.431158152308234,1,23.0,0.10694834950922,0,1.0,0.9901081916622626,0,0.0,1.0,0,0.0,1.0,1,55.0,0.4682550503149016,0,0.0,0.7739783334697824,1,10.0,0.3104423859407683,0,3.0,0.4772794244478024,0,6.0,0.2640178769241484,0,3.0,0.9660282972601536,1,7.0,0.0,7,70.0,2.976196739728711e-06,0,0.0,0.9564140798374802,0,0.0,1.0,0.0,0.0,1.0
2744.0,25.0,242.0,1.1523809523809525,9.08953822330645,210.0,2662.0,12.676190476190476,5.0,0.0238095238095238,24.0,407.0,47.0,4.8202327473187925,6.4603174603174605,6.4603174603174605,63.0,3,79.0,0.2868424992992766,0,0.0,1.0,1,26.0,0.5135363998044787,0,3.0,0.6486308374471368,5,90.0,0.2966173589673933,1,1.0,0.0050759504905221,1,27.0,0.4741786066590052,0,3.0,0.9958475068743524,0,0.0,1.0,0,4.0,0.9204583620841488,1,16.0,0.6232500913143297,1,0.0,0.0025333957531035,3,25.0,0.0231466652582723,1,12.0,0.7072710957094841,1,18.0,0.1414006588109071,0,0.0,1.0,0,0.0,0.9757426342780032,5,92.0,0.0374094710308957,1,8.0,0.3124773971259214,0,3.0,0.7582943978813872,0.0,0.0,1.0
2752.0,25.0,278.0,1.3830845771144278,9.40727353654331,201.0,2626.0,13.064676616915422,0.0,0.0,19.0,381.0,0.0,4.852292646615253,7.470588235294118,7.470588235294118,51.0,2,35.0,0.0694433084992485,0,0.0,1.0,3,14.0,8.471807081865056e-05,3,17.0,0.0001067396354066,3,109.0,0.3937420199060015,0,0.0,0.9127804177763684,0,0.0,0.5991235983630117,0,0.0,1.0,0,3.0,0.9390825966942532,0,0.0,1.0,0,13.0,0.7172973684390387,0,6.0,0.4434600217260681,0,22.0,0.3092633976654759,1,17.0,0.3950317170957227,0,8.0,0.0952578029097959,0,0.0,1.0,2,7.0,0.0011217395187242,5,130.0,0.2197078397534175,0,0.0,1.0,0,0.0,1.0,0.0,0.0,1.0
2760.0,14.0,79.0,0.3891625615763547,9.638026354285456,203.0,2597.0,12.79310344827586,0.0,0.0,11.0,232.0,0.0,7.120579929112679,4.0701754385964914,4.0701754385964914,57.0,2,21.0,0.4821230261366458,0,6.0,0.8126877383800841,1,11.0,0.178930697572211,0,0.0,1.0,2,36.0,0.4335743723479764,0,0.0,1.0,0,5.0,0.5941047960380266,1,4.0,3.265729296623515e-05,0,0.0,1.0,0,0.0,1.0,2,16.0,0.4830260540082745,1,15.0,0.3203687542934485,0,13.0,0.7433699787227461,1,28.0,0.5920969158651418,0,0.0,0.3312434654054008,0,0.0,1.0,1,16.0,0.0399220431146172,0,54.0,0.3102870951088898,0,4.0,0.9490671770896172,0,3.0,0.4098086121927592,0.0,0.0,0.9446428921161324
2768.0,20.0,135.0,0.6553398058252428,9.477454365853037,206.0,2672.0,12.970873786407768,75.0,0.3640776699029126,20.0,239.0,7.0,5.176172025214794,4.686274509803922,4.686274509803922,51.0,3,15.0,0.1338587730730804,0,0.0,1.0,2,18.0,0.0265616162689021,0,0.0,1.0,2,19.0,0.4255182319110425,0,0.0,1.0,2,11.0,0.4677473314875273,2,13.0,0.0005807872952129,0,0.0,1.0,0,0.0,1.0,0,18.0,0.5236224514592515,1,18.0,0.3108025927935958,0,1.0,0.8568342770584908,3,45.0,0.3901923684302912,0,0.0,0.6709867600594089,0,0.0,1.0,0,0.0,1.0,3,70.0,0.0776575125218596,0,0.0,1.0,2,11.0,0.1190566013038356,0.0,0.0,0.0729546666465022
2776.0,19.0,145.0,0.6904761904761905,9.679074571393128,210.0,2598.0,12.371428571428572,0.0,0.0,16.0,250.0,11.0,4.965165581054702,4.901960784313726,4.901960784313726,51.0,3,37.0,0.2159710095067497,0,0.0,1.0,2,13.0,0.0610993397097856,0,0.0,0.9795282364381394,3,19.0,6.507447266665077e-05,0,0.0,0.3927035453326573,0,13.0,0.2401297259875369,0,11.0,0.9874927398066174,0,0.0,1.0,0,9.0,0.4919606551811255,2,29.0,0.3072419763412777,1,7.0,0.4997576312581023,0,7.0,0.7509634574812694,1,38.0,0.214124619015194,1,0.0,0.1980452963744835,0,0.0,1.0,0,0.0,0.0111294377881236,3,66.0,0.1629849005183467,0,0.0,1.0,0,1.0,0.4147372443012702,0.0,0.0,0.9709907138023066
2784.0,13.0,87.0,0.4393939393939394,10.337577224083253,198.0,2424.0,12.242424242424242,0.0,0.0,11.0,176.0,0.0,7.641022647648071,3.6666666666666665,3.6666666666666665,48.0,0,20.0,0.6975287657225588,0,3.0,0.6106064496872813,0,0.0,1.0,0,3.0,0.9049574667943926,1,18.0,0.5451405115099798,0,0.0,0.7907508579773828,3,30.0,0.0,0,0.0,0.9309012998277232,0,0.0,1.0,0,0.0,1.0,0,9.0,0.2789210035604967,0,0.0,1.0,2,12.0,0.4001027724024083,1,4.0,0.4794853547462243,0,0.0,0.6215270764803156,0,1.0,0.851912839179742,1,4.0,0.5543881958340521,2,69.0,0.3077196007993273,0,0.0,0.9353222159764936,0,0.0,1.0,1.0,3.0,0.6532759100322584
2792.0,20.0,78.0,0.39,9.928256304754044,200.0,2465.0,12.325,41.0,0.205,16.0,117.0,0.0,6.37008449330901,2.294117647058824,2.294117647058824,51.0,2,15.0,0.5055771056495104,0,0.0,0.1624104688825987,1,11.0,0.164962875662754,1,5.0,0.4756009271955168,1,6.0,0.4712296594596898,1,5.0,0.4385564691480312,0,14.0,0.6432879668445065,0,0.0,1.0,0,0.0,1.0,0,0.0,1.0,4,19.0,0.0930314587432126,0,0.0,1.0,0,10.0,0.7608117572408948,0,0.0,0.8944319566029479,0,0.0,0.5579737498799068,1,2.0,0.000596346848613,3,22.0,1.086294290483137e-05,0,0.0,0.6872467870626118,1,4.0,0.0,0,0.0,1.0,1.0,4.0,7.099412060631246e-05
2800.0,16.0,63.0,0.3118811881188119,9.834725019420352,202.0,2250.0,11.13861386138614,0.0,0.0,14.0,206.0,89.0,6.74703907962676,3.7454545454545456,3.7454545454545456,55.0,2,16.0,0.1709918415603636,1,8.0,0.0,1,12.0,0.0048191615721461,1,12.0,0.3590267362449706,1,1.0,0.0076433297346101,0,0.0,1.0,2,31.0,0.4664731484808385,0,0.0,0.2932947168944105,0,0.0,1.0,0,0.0,1.0,1,55.0,0.3420490325325052,0,7.0,0.4531121698591567,1,32.0,0.6405767891840507,0,0.0,0.8979495519101226,1,0.0,0.5230188768880424,0,3.0,0.5993936500882594,0,3.0,0.6369260858960039,2,13.0,0.2696568396845968,0,3.0,0.9638027040476448,1,2.0,0.4571920782723019,0.0,8.0,0.92490305465847
2808.0,12.0,77.0,0.3830845771144278,10.357750258842524,201.0,2255.0,11.218905472636816,5.0,0.0248756218905472,12.0,179.0,0.0,6.941903544657622,3.808510638297872,3.808510638297872,47.0,2,29.0,0.0,0,6.0,0.7355089115746862,0,0.0,1.0,1,17.0,0.619343816070022,2,9.0,0.0029236800139559,0,0.0,1.0,3,14.0,0.0004090037370264,0,0.0,0.9791870204844256,0,0.0,1.0,0,1.0,0.5793557544758177,1,38.0,0.261320540195044,0,4.0,0.4136880219754408,1,35.0,0.6437538306271786,0,0.0,0.8379188301419785,0,0.0,0.6448914112026696,0,0.0,1.0,1,5.0,0.6745213532651135,1,15.0,0.1715682667739387,0,0.0,1.0,0,3.0,0.9911981567174506,0.0,3.0,0.9412554264993992
2816.0,18.0,121.0,0.6111111111111112,10.114152399347594,198.0,1950.0,9.848484848484848,0.0,0.0,15.0,178.0,0.0,6.43550934377152,4.045454545454546,4.045454545454546,44.0,2,52.0,0.4346967460773653,1,6.0,2.3145888294436383e-05,0,0.0,1.0,1,31.0,0.3786134255962683,1,16.0,0.0,0,0.0,1.0,0,0.0,1.0,0,0.0,0.9058300821199166,0,0.0,0.946364226381812,0,0.0,1.0,0,15.0,0.3222117904461757,2,11.0,9.029710147564593e-05,0,12.0,0.7023021599643422,3,5.0,0.2909270235067687,0,0.0,0.9109825770943,0,7.0,0.6350832344875122,2,7.0,1.371725293947587e-05,3,16.0,0.2487135946458699,0,0.0,0.97616754521607,0,0.0,1.0,0.0,0.0,1.0
2824.0,10.0,59.0,0.299492385786802,10.143234404151608,197.0,2014.0,10.223350253807109,64.0,0.3248730964467005,9.0,142.0,0.0,7.368027503786559,3.1555555555555554,3.1555555555555554,45.0,2,14.0,0.3198095552653729,1,14.0,0.0,0,0.0,1.0,2,22.0,0.078168880263723,1,28.0,0.6114787680065539,0,4.0,0.4293923419254392,0,2.0,0.951165280771114,0,2.0,0.9377939130145536,0,0.0,1.0,0,10.0,0.8291890393967719,0,14.0,0.3933625012287911,1,5.0,0.0024348910597359,1,19.0,0.5313228397627613,0,0.0,1.0,1,2.0,0.4056952064857138,0,0.0,0.9424151122342934,0,0.0,0.8724919409086911,0,6.0,0.3050312093313793,0,0.0,0.943973230380058,0,0.0,1.0,0.0,0.0,1.0
2832.0,10.0,79.0,0.4179894179894179,10.28531160593222,189.0,1934.0,10.232804232804233,0.0,0.0,9.0,146.0,4.0,7.1924005604963215,3.1739130434782608,3.1739130434782608,46.0,0,0.0,0.0688623827835642,1,22.0,0.0,1,3.0,0.0003916236607672,1,7.0,0.2366380779899323,1,42.0,0.730053697977648,0,0.0,0.9192672615203332,0,10.0,0.7395280425730256,0,7.0,0.8933767096262198,0,0.0,1.0,0,0.0,1.0,1,13.0,0.3505645920017843,0,0.0,1.0,0,12.0,0.4973205046914393,0,0.0,0.838770709283698,0,1.0,0.1940458129870166,1,3.0,0.2162544578710371,1,1.0,0.5513570507161314,2,22.0,0.0001083554750564,0,0.0,1.0,0,0.0,0.9114076148400404,0.0,3.0,0.921838437654271
2840.0,21.0,157.0,0.8306878306878307,9.620808405968528,189.0,1976.0,10.455026455026456,42.0,0.2222222222222222,17.0,219.0,73.0,5.38904927437914,4.5625,4.5625,48.0,1,10.0,0.4909771561194053,2,31.0,0.3878187942825066,1,14.0,0.461761690197614,1,15.0,0.0,1,47.0,0.516076865669692,1,4.0,2.9865061307907125e-05,3,23.0,0.2186208170157393,0,3.0,0.3667683017457794,0,0.0,1.0,0,0.0,1.0,2,29.0,0.500268499530863,0,0.0,1.0,2,6.0,0.1753429587048262,0,0.0,0.9629413728307644,0,7.0,0.1691831592278175,1,10.0,0.1068867254171317,2,9.0,0.4037052958044487,0,11.0,0.6273909672712362,0,0.0,1.0,0,0.0,1.0,0.0,0.0,1.0
2856.0,29.0,176.0,0.9723756906077348,8.890917697852334,181.0,1963.0,10.845303867403317,80.0,0.4419889502762431,22.0,279.0,18.0,3.681518347868488,5.8125,5.8125,48.0,1,7.0,5.677897979337889e-05,2,13.0,7.860433622428925e-05,0,0.0,0.0072356009593499,1,34.0,0.4769782795645236,2,21.0,0.2438071973017869,1,3.0,3.704880456729517e-05,3,27.0,0.0069647919366314,0,2.0,0.599588659402696,1,4.0,0.030273948552772,1,24.0,0.181249315472335,0,9.0,0.6427853538150763,1,4.0,0.0014185913040128,1,17.0,0.6754117530716366,0,3.0,0.6889810103118704,2,13.0,0.0003287786595132,0,13.0,0.1476438684914569,2,14.0,0.3223025712277081,4,67.0,0.0,0,0.0,1.0,0,4.0,0.3148109856317076,0.0,0.0,1.0
2864.0,22.0,260.0,1.4207650273224044,9.118517944900036,183.0,2119.0,11.579234972677597,156.0,0.8524590163934426,12.0,255.0,0.0,4.50478270432668,7.5,7.5,34.0,0,0.0,0.4964223332595669,1,18.0,0.0,1,11.0,0.3305985481030185,2,45.0,0.0,2,19.0,0.0964408166219681,0,4.0,0.6649268539268098,0,19.0,0.4589223161175031,0,0.0,1.0,0,0.0,0.9980746558146618,0,12.0,0.1132712045663524,0,3.0,0.9792933011152696,0,0.0,1.0,0,6.0,0.7108410025888076,0,0.0,1.0,0,0.0,1.0,0,3.0,0.9098894114994072,1,6.0,0.1817183748557529,4,99.0,1.1858513294151038e-06,0,0.0,1.0,1,10.0,0.0,0.0,0.0,1.0
2872.0,19.0,189.0,1.0384615384615383,9.89460461816755,182.0,2177.0,11.961538461538462,58.0,0.3186813186813186,13.0,184.0,0.0,6.635851679878014,5.75,5.75,32.0,0,6.0,0.9388568616542295,0,3.0,0.6015957093681206,1,7.0,0.0001034068161832,1,14.0,0.5358661075199492,1,11.0,0.6425817861777939,1,3.0,0.3167541980020457,2,13.0,0.0005782060662928,0,3.0,0.9502632031402316,1,5.0,0.0,0,10.0,0.6439977434606239,0,3.0,0.8946342762376388,0,0.0,1.0,1,3.0,8.023079856114982e-05,0,0.0,0.916982557186033,0,0.0,1.0,0,0.0,1.0,3,22.0,0.0009279280452301,2,81.0,0.0930792792518743,0,0.0,1.0,0,0.0,1.0,0.0,0.0,1.0
2880.0,18.0,111.0,0.6098901098901099,9.54099982340336,182.0,2071.0,11.37912087912088,0.0,0.0,12.0,186.0,2.0,7.04209804155072,5.027027027027027,5.027027027027027,37.0,0,3.0,0.5537986505212902,0,0.0,1.0,0,0.0,1.0,1,22.0,0.5454493827196101,1,11.0,0.790817244357274,2,4.0,0.4596511573223906,0,0.0,1.0,0,0.0,1.0,0,0.0,1.0,0,0.0,1.0,0,13.0,0.4898168688641013,0,0.0,1.0,1,11.0,0.4496694169725262,1,5.0,0.425863736821681,1,0.0,0.2207966784158805,0,0.0,1.0,3,46.0,0.2368614582291572,2,65.0,0.3196794031381237,0,3.0,0.9020199817165544,0,3.0,0.5093786571150756,0.0,0.0,1.0
2888.0,16.0,132.0,0.7213114754098361,10.12551469130044,183.0,2069.0,11.306010928961747,0.0,0.0,7.0,193.0,7.0,7.994348066832081,6.03125,6.03125,32.0,0,4.0,0.9549361103553176,0,0.0,1.0,1,5.0,0.0,1,36.0,0.6134695304539993,0,9.0,0.8064907376015668,2,20.0,0.0,0,0.0,1.0,0,0.0,1.0,0,0.0,1.0,0,0.0,1.0,0,0.0,1.0,0,0.0,1.0,0,0.0,0.9172751351838552,0,0.0,0.4584947501730581,0,0.0,0.6825878781308344,0,0.0,1.0,0,31.0,0.4874077176351143,3,85.0,0.2093048264326387,0,3.0,0.8487074104150838,0,0.0,1.0,0.0,0.0,1.0
2896.0,16.0,106.0,0.5988700564971752,9.8639999776878,177.0,2060.0,11.638418079096043,0.0,0.0,12.0,176.0,0.0,7.821041661597345,3.591836734693877,3.591836734693877,49.0,0,0.0,1.0,0,0.0,1.0,0,0.0,0.0234562111538139,1,41.0,0.7914928836498507,2,24.0,0.5160229698912536,0,0.0,1.0,0,4.0,0.7965981135445332,0,3.0,0.9367821321172742,1,3.0,0.0004076431158115,0,0.0,1.0,0,0.0,0.9643310113376308,0,0.0,0.1004791838274651,0,5.0,0.8650619768142622,2,6.0,0.5030960349310856,0,0.0,0.8148434310492616,1,1.0,0.0004824090968345,3,38.0,0.1053135726674947,1,45.0,0.4406782832883653,1,6.0,0.0,0,0.0,1.0,0.0,0.0,1.0
2904.0,19.0,108.0,0.5966850828729282,9.80622795805987,181.0,2095.0,11.574585635359115,35.0,0.1933701657458563,16.0,261.0,85.0,7.033234192713974,5.673913043478261,5.673913043478261,46.0,1,0.0,0.0,0,3.0,0.692600695958862,1,4.0,0.0046703964747944,2,50.0,0.7265769709310202,0,10.0,0.8402379517470724,0,0.0,1.0,3,16.0,0.1838090564800535,0,0.0,1.0,0,0.0,1.0,0,0.0,0.7440922290307911,0,3.0,0.8166733377726652,0,0.0,1.0,0,0.0,0.9089905843069332,0,0.0,0.8685934102222106,1,4.0,0.2193699220863934,0,0.0,1.0,3,48.0,0.2392725452179665,4,109.0,0.3120193931492771,1,14.0,0.0,0,0.0,1.0,0.0,0.0,1.0
2912.0,19.0,180.0,1.0112359550561798,9.607192264395389,178.0,1909.0,10.724719101123595,0.0,0.0,12.0,314.0,53.0,6.901226003460242,6.28,6.28,50.0,0,2.0,0.9378526047578694,0,0.0,1.0,0,3.0,0.589167405657566,2,66.0,0.6153905928768744,3,26.0,0.4683355599104785,0,0.0,0.265933647018257,0,9.0,0.5126624764433441,0,0.0,1.0,0,0.0,1.0,0,0.0,1.0,0,3.0,0.6237473710303523,0,3.0,0.9543219162890388,0,5.0,0.8504987227217979,0,0.0,1.0,0,4.0,0.3520832164858117,0,0.0,1.0,1,40.0,0.1825964415852821,4,124.0,0.1660300736842561,1,22.0,0.0,1,4.0,0.2099521304072986,0.0,3.0,0.3869060946399253
2920.0,27.0,334.0,1.855555555555556,9.6146736879716,180.0,2029.0,11.272222222222222,120.0,0.6666666666666666,15.0,393.0,79.0,7.288601568771107,8.1875,8.1875,48.0,0,0.0,0.9707674416210126,0,0.0,0.77351712632079,0,3.0,0.0228920043112488,2,82.0,0.320337128377724,1,28.0,0.6723025799303659,0,0.0,0.5147309141979283,2,17.0,0.0092957707208217,0,0.0,1.0,0,0.0,1.0,0,0.0,1.0,0,3.0,0.8533571800723565,0,0.0,1.0,0,3.0,0.8460274973889611,0,0.0,0.9954905364532892,2,16.0,0.5461708462014255,0,0.0,1.0,2,45.0,0.0,5,164.0,0.2139214749719677,1,30.0,0.0,0,0.0,1.0,0.0,2.0,0.950944924183272
2928.0,30.0,430.0,2.349726775956284,9.681783953205947,183.0,2152.0,11.759562841530055,123.0,0.6721311475409836,17.0,352.0,0.0,7.096391217712827,8.0,8.0,44.0,0,3.0,0.9706104214269042,1,4.0,0.2687539928784673,2,15.0,0.00088919042463,1,3.0,2.1278534550655265e-05,1,32.0,0.7579438427826772,0,0.0,0.7261822662531492,1,9.0,0.0,0,8.0,0.9393443484216992,0,0.0,1.0,0,0.0,1.0,0,4.0,0.909953785685681,0,6.0,0.678534968510825,1,3.0,0.0,0,0.0,0.9550717671275072,1,10.0,0.50928310786194,0,0.0,1.0,0,0.0,1.0,8,217.0,0.0021107784113288,1,38.0,0.0,0,0.0,0.9606331422718396,0.0,0.0,1.0
2936.0,27.0,333.0,1.7903225806451613,9.308739944288988,186.0,2302.0,12.376344086021506,150.0,0.8064516129032258,14.0,256.0,0.0,5.117268220140303,7.314285714285714,7.314285714285714,35.0,1,5.0,0.2840427648444215,1,15.0,0.4016628297803238,1,22.0,0.4735436541701631,1,11.0,0.0,1,30.0,0.6255750986028176,1,2.0,0.0004909784061087,0,4.0,0.8912429059793219,1,3.0,0.0001176541223479,0,0.0,0.973609432721928,0,0.0,1.0,0,3.0,0.6028761286798389,1,7.0,0.0002997948335131,0,0.0,0.593608269709422,0,0.0,0.985820236422858,5,30.0,0.1461157528958558,0,0.0,1.0,0,0.0,1.0,1,124.0,0.1436689083901814,0,0.0,0.0411160541279118,0,0.0,1.0,0.0,0.0,1.0
2944.0,18.0,156.0,0.8210526315789474,9.732195725950763,190.0,2355.0,12.394736842105264,53.0,0.2789473684210526,11.0,316.0,60.0,5.924736176249625,10.533333333333331,10.533333333333331,30.0,0,2.0,0.5539928109143843,3,28.0,0.0006943736186142,1,6.0,6.377310595323959e-05,1,22.0,0.3256724369537336,1,5.0,0.0070799078178018,0,0.0,1.0,0,5.0,0.9579642229169988,0,0.0,1.0,0,0.0,1.0,0,0.0,1.0,0,6.0,0.8137081701316826,0,4.0,0.3910912693839104,0,0.0,0.9024371246952728,0,0.0,1.0,1,16.0,0.2847286003294286,0,0.0,1.0,0,0.0,1.0,4,215.0,0.0768794600505918,0,3.0,0.9777308632433064,0,0.0,1.0,0.0,4.0,0.9867354189531724
2952.0,21.0,130.0,0.6914893617021277,9.975638634627074,188.0,2394.0,12.73404255319149,39.0,0.2074468085106383,11.0,337.0,21.0,7.344074199518928,9.36111111111111,9.36111111111111,36.0,0,8.0,0.6911282202670986,0,3.0,0.8676736406332561,0,0.0,1.0,1,6.0,7.485607984970795e-06,2,36.0,0.6789438477587284,0,3.0,0.4740486473515654,0,0.0,1.0,0,0.0,1.0,0,0.0,1.0,0,0.0,1.0,0,0.0,1.0,0,5.0,0.05344506701133,0,0.0,0.828476041545233,0,0.0,1.0,0,0.0,0.5050161321439633,0,0.0,1.0,0,0.0,0.9110819488252756,7,267.0,0.1217646489674283,1,5.0,0.2661345887604642,0,0.0,1.0,0.0,4.0,0.8040179812485682
2960.0,16.0,129.0,0.7087912087912088,9.843947783035974,182.0,2403.0,13.203296703296704,9.0,0.0494505494505494,8.0,258.0,0.0,8.635351142835244,6.972972972972973,6.972972972972973,37.0,1,13.0,0.5039833019775575,0,0.0,1.0,0,6.0,0.6937786187499254,1,20.0,0.2648530712410024,2,52.0,0.6432029587236353,1,1.0,0.1802836154437811,0,3.0,0.989402312151766,0,0.0,0.962800405149994,1,4.0,0.0,0,0.0,1.0,0,4.0,0.9956261603147378,1,18.0,0.4760816366790905,0,0.0,0.7107746665768824,0,0.0,1.0,0,0.0,0.889624018703211,0,0.0,1.0,0,3.0,0.6650937429581003,1,134.0,0.14899737861702,0,0.0,1.0,0,0.0,1.0,0.0,0.0,0.9415884230940428
2968.0,26.0,129.0,0.6825396825396826,8.88415500884061,189.0,2536.0,13.417989417989418,133.0,0.7037037037037037,21.0,344.0,86.0,4.957279279412707,8.390243902439025,8.390243902439025,41.0,4,32.0,0.3294625999204362,1,7.0,0.0,2,3.0,0.0010353992620181,3,40.0,3.217828582488204e-06,0,10.0,0.8227470073483844,0,0.0,1.0,0,0.0,1.0,0,0.0,1.0,0,0.0,1.0,0,0.0,1.0,1,5.0,0.2890565634086926,1,2.0,0.2267280304950298,2,8.0,0.3310879799843657,0,0.0,1.0,1,3.0,0.5315246781253927,0,0.0,0.978254054269444,1,8.0,0.4980546200156385,5,226.0,0.055876619786177,0,0.0,1.0,0,0.0,1.0,0.0,0.0,1.0
2976.0,19.0,142.0,0.7395833333333334,9.42999814428505,192.0,2529.0,13.171875,0.0,0.0,12.0,374.0,30.0,8.353135747303146,8.311111111111112,8.311111111111112,45.0,0,22.0,0.521352249689935,0,0.0,1.0,2,19.0,0.0,1,22.0,0.6392510088276215,1,26.0,0.6923851921652773,0,0.0,0.9931842541822724,0,7.0,0.93123262872092,0,0.0,0.8653509975294558,0,0.0,1.0,0,0.0,1.0,0,3.0,0.9130209828168268,0,0.0,0.190472377973078,0,0.0,0.8230154502773896,0,3.0,0.8008661296290599,1,11.0,0.5325128051428449,0,0.0,1.0,1,1.0,0.6059658036770398,5,256.0,0.1743407182469289,0,0.0,1.0,0,0.0,1.0,1.0,4.0,0.0
2984.0,16.0,80.0,0.425531914893617,9.824505765498394,188.0,2600.0,13.829787234042554,71.0,0.3776595744680851,6.0,157.0,0.0,9.967475522899935,3.829268292682927,3.829268292682927,41.0,0,9.0,0.8603750996272518,0,6.0,0.6587628071316314,0,0.0,1.0,0,0.0,0.7481292654378882,0,17.0,0.8644028930056056,1,2.0,0.0010784505659293,0,0.0,0.9499969737168484,0,0.0,1.0,0,0.0,0.7245148035753475,0,0.0,1.0,2,9.0,0.0032313272826121,0,0.0,0.8666517647891914,1,0.0,0.4114803756387357,0,6.0,0.6238810624670066,1,19.0,0.4947706252486701,0,3.0,0.9850246072594,1,1.0,0.740153375768079,0,85.0,0.248489191311762,0,0.0,1.0,0,0.0,0.9859591248098938,0.0,0.0,0.7042341113631808
2992.0,21.0,107.0,0.5691489361702128,9.969053714789707,188.0,2507.0,13.335106382978724,0.0,0.0,14.0,108.0,0.0,7.375618406754377,2.6341463414634148,2.6341463414634148,41.0,1,12.0,0.4710840378697075,0,0.0,1.0,0,0.0,1.0,3,14.0,0.4832759157554895,1,16.0,0.5626458245388521,0,0.0,0.9225872944753596,1,1.0,0.0013255530764313,0,0.0,1.0,0,0.0,1.0,0,0.0,1.0,0,0.0,0.4804514371294339,0,0.0,0.9545061532915604,0,0.0,0.1603922707442422,5,27.0,0.0002383183617151,1,27.0,0.2871870699568133,0,0.0,0.9233950129861196,2,4.0,0.2084342159099999,0,0.0,0.9656959103541004,0,0.0,1.0,0,0.0,0.9160440131162636,0.0,7.0,0.839221181941846
3000.0,10.0,41.0,0.2180851063829787,10.516330982278957,188.0,2594.0,13.797872340425531,87.0,0.4627659574468085,6.0,60.0,0.0,8.55225487409445,1.5789473684210529,1.5789473684210529,38.0,0,9.0,0.3278622079358005,0,0.0,1.0,0,0.0,0.6205937703115053,2,9.0,0.5417726912329731,1,5.0,0.4898433786045107,0,0.0,0.9333704333678045,0,0.0,0.8627280195001261,1,11.0,0.5830449448402555,0,0.0,1.0,0,3.0,0.4918618825682112,0,1.0,0.8161117874842406,0,0.0,1.0,1,4.0,0.7126418895396971,0,6.0,0.0274665780829387,0,0.0,0.988103373433464,0,4.0,0.6950936590166235,0,3.0,0.6316283384550445,0,0.0,0.9909474071162716,1,2.0,0.1497661789331888,0,0.0,1.0,0.0,3.0,0.8039491275889842
3008.0,13.0,56.0,0.2978723404255319,10.704059789464344,188.0,2620.0,13.936170212765957,26.0,0.1382978723404255,13.0,173.0,113.0,8.301568076472488,4.023255813953488,4.023255813953488,43.0,2,18.0,0.542101201053592,0,0.0,1.0,0,0.0,0.776528152531104,2,10.0,0.5916783201703233,0,3.0,0.9385210896699128,0,0.0,1.0,1,3.0,0.4560405501028072,2,11.0,0.3738889412821126,0,0.0,1.0,0,0.0,1.0,0,4.0,0.724436169638027,1,2.0,0.4971806901126883,1,5.0,0.3780343033018161,1,14.0,0.0,0,0.0,0.7267140331437772,0,3.0,0.6846480449345731,0,3.0,0.7021761151872501,3,97.0,0.0001378521759657,0,0.0,0.9542945972569298,0,0.0,1.0,0.0,0.0,1.0
3016.0,22.0,105.0,0.5737704918032787,10.077579176024823,183.0,2398.0,13.103825136612022,0.0,0.0,19.0,146.0,0.0,5.450594744959117,3.5609756097560976,3.5609756097560976,41.0,2,34.0,0.3207065488907446,1,0.0,0.0,4,15.0,0.0008100238100545,2,8.0,0.3304253541575317,1,2.0,0.7255940024016916,0,0.0,1.0,0,0.0,1.0,5,38.0,0.0006666312042864,0,0.0,1.0,0,0.0,1.0,0,0.0,0.9719514195922744,1,10.0,0.1684044950590652,0,0.0,0.7514646395279043,0,0.0,1.0,1,1.0,0.2948849511277696,0,0.0,0.9594255859278644,2,5.0,0.4842396421964765,0,33.0,0.2577345180353773,0,0.0,1.0,0,0.0,1.0,0.0,0.0,0.9638968649840488
3024.0,15.0,88.0,0.4835164835164835,10.155967600986774,182.0,2351.0,12.917582417582418,0.0,0.0,12.0,188.0,42.0,7.384626866612755,4.585365853658536,4.585365853658536,41.0,1,6.0,0.1969704361101134,1,0.0,0.5802512801638098,5,40.0,0.0003507253620765,2,25.0,0.4385706000136258,0,0.0,0.6756384301289348,0,0.0,1.0,0,3.0,0.9085864557437356,0,9.0,0.259526015659483,0,2.0,0.9904799538884624,0,0.0,1.0,0,0.0,1.0,1,18.0,0.0,0,0.0,0.9182662327537726,0,4.0,0.5620139944189846,0,0.0,0.9175347485466984,0,0.0,1.0,0,11.0,0.7469110123297397,2,70.0,0.253913106345415,0,0.0,1.0,0,0.0,1.0,0.0,0.0,0.9582157223963742
3032.0,16.0,111.0,0.6306818181818182,10.33144286635845,176.0,2086.0,11.852272727272728,0.0,0.0,13.0,153.0,0.0,6.632082116535167,5.1,5.1,30.0,0,0.0,1.0,1,0.0,0.58124135837587,1,13.0,0.2347076084473068,3,44.0,0.1934638364228192,2,8.0,0.4773146609148821,0,0.0,1.0,1,4.0,0.0004456274122069,0,0.0,1.0,1,6.0,0.0002120461671084,0,0.0,1.0,0,0.0,1.0,2,28.0,0.0008080467705179,1,3.0,2.2555453223943808e-05,0,0.0,1.0,0,2.0,0.7803339995487717,0,0.0,1.0,1,15.0,0.3796442133195111,0,30.0,0.3032577104505362,0,0.0,1.0,0,0.0,0.933024046935448,0.0,0.0,0.9471789261655464
3040.0,3.0,9.0,0.0526315789473684,10.784212250888736,171.0,1853.0,10.83625730994152,0.0,0.0,2.0,87.0,0.0,8.934885688461558,4.142857142857143,4.142857142857143,21.0,0,0.0,1.0,0,4.0,0.5627414230656119,0,3.0,0.583503241723348,0,0.0,0.9894577223449528,0,6.0,0.641672883594313,0,0.0,1.0,0,0.0,1.0,0,0.0,1.0,0,0.0,1.0,0,0.0,1.0,0,0.0,1.0,0,0.0,1.0,0,0.0,1.0,0,0.0,1.0,0,0.0,0.9774358043807932,0,6.0,0.9424546620256036,0,0.0,0.9971592243936894,2,62.0,0.0001286040781872,0,3.0,0.8685940352855726,0,3.0,0.9352372916912458,0.0,0.0,0.9726397293600216
3048.0,9.0,21.0,0.1288343558282208,10.641719194344148,163.0,1630.0,10.0,0.0,0.0,7.0,81.0,0.0,7.8348855923430785,2.793103448275862,2.793103448275862,29.0,0,3.0,0.8644868034102,4,9.0,0.2646816932060953,0,0.0,1.0,0,4.0,0.9475624875989098,1,7.0,0.4655756367562464,0,0.0,1.0,0,0.0,1.0,0,0.0,1.0,1,7.0,0.0081965176869766,0,0.0,1.0,0,3.0,0.9855236855330024,0,0.0,0.503011206635306,0,0.0,1.0,0,0.0,1.0,0,0.0,0.7888991763813977,0,3.0,0.7511142386206358,1,7.0,0.4082771727952559,0,32.0,0.3102745920003673,0,3.0,0.6811438323238407,0,3.0,0.4399400244674751,0.0,0.0,0.979161783064316
3056.0,9.0,44.0,0.282051282051282,10.106625546200904,156.0,1429.0,9.16025641025641,0.0,0.0,8.0,86.0,5.0,6.105765348410386,3.185185185185185,3.185185185185185,27.0,0,3.0,0.4487551316531864,0,7.0,0.2661143700391263,0,0.0,1.0,0,6.0,0.8828165269552469,0,0.0,0.6482620696587819,0,0.0,1.0,0,0.0,1.0,0,0.0,1.0,0,0.0,1.0,0,0.0,1.0,0,0.0,1.0,1,5.0,1.50011234930127e-05,0,0.0,0.9988632626039482,0,0.0,1.0,1,1.0,0.5424990873119275,1,5.0,0.0,3,25.0,0.0006760278124729,0,20.0,0.7869806437847657,1,4.0,6.028530939153444e-05,1,10.0,0.0,0.0,0.0,0.9307617847146972
3064.0,8.0,35.0,0.217391304347826,10.839416425847425,161.0,1401.0,8.701863354037267,0.0,0.0,8.0,52.0,0.0,8.923253095685308,1.6774193548387095,1.6774193548387095,31.0,1,9.0,0.4903177779636311,2,5.0,0.3626894057839231,1,4.0,0.0,0,0.0,0.8592753824104106,3,11.0,0.2086488015012248,0,0.0,1.0,0,0.0,0.933402295631332,0,0.0,0.9880526122081535,0,0.0,1.0,0,3.0,0.938811796939128,0,7.0,0.8993783087517208,1,13.0,0.3296477474232542,0,0.0,1.0,0,0.0,0.956753094990144,0,0.0,0.7515308362069094,0,0.0,1.0,0,0.0,1.0,0,0.0,0.9380051506751536,0,0.0,1.0,0,0.0,1.0,0.0,0.0,0.9198546314817522
3072.0,16.0,102.0,0.6415094339622641,10.241229473784102,159.0,1313.0,8.257861635220126,0.0,0.0,15.0,121.0,69.0,5.073601890022025,3.903225806451613,3.903225806451613,31.0,2,26.0,0.0063467371873522,2,19.0,0.0169147691069547,0,0.0,1.0,2,8.0,0.565958474376839,4,39.0,0.1668285204686229,0,0.0,1.0,0,0.0,1.0,1,1.0,0.457452059827545,0,0.0,1.0,2,13.0,0.0007382443133662,1,10.0,0.5543183210846688,1,5.0,0.267972984133099,0,0.0,1.0,0,0.0,0.7133750651416986,0,0.0,0.9690017502673864,0,0.0,1.0,0,0.0,1.0,0,0.0,1.0,0,0.0,1.0,0,0.0,1.0,0.0,0.0,1.0
3080.0,10.0,102.0,0.6496815286624203,10.25417377017291,157.0,1292.0,8.229299363057326,0.0,0.0,10.0,138.0,17.0,6.948268225324139,4.181818181818182,4.181818181818182,33.0,0,11.0,0.7113636961611749,0,0.0,1.0,1,14.0,0.4113265778227158,2,24.0,0.4206777389692575,4,71.0,0.3277171030153415,0,0.0,1.0,0,0.0,1.0,0,0.0,0.7264576344123266,0,0.0,1.0,0,0.0,1.0,0,0.0,0.9473446806522164,0,5.0,0.5844170762560634,0,3.0,0.8636520943283754,1,4.0,0.0,0,0.0,0.1439207406524295,0,0.0,0.2164525171574545,0,0.0,0.3449891375874672,0,0.0,1.0,0,3.0,0.9758870770064892,0,0.0,1.0,2.0,3.0,0.0007780211176589
3088.0,13.0,92.0,0.5859872611464968,10.38603890586245,157.0,1200.0,7.643312101910828,0.0,0.0,13.0,192.0,54.0,6.495979716639527,4.8,4.8,40.0,2,44.0,0.4796138049581503,1,2.0,0.1139336599555762,3,25.0,9.67698378749584e-06,4,55.0,0.1564173586841971,0,42.0,0.7186106204610576,0,0.0,1.0,0,0.0,1.0,0,0.0,1.0,0,0.0,1.0,0,0.0,1.0,0,3.0,0.9307467453181316,2,12.0,0.0492683816446274,0,3.0,0.9463547966017788,0,0.0,0.6581517144504891,0,0.0,0.9818851962196302,0,0.0,1.0,1,6.0,0.4784957495578541,0,0.0,1.0,0,0.0,0.9425981944503058,0,0.0,1.0,0.0,0.0,0.8759529572754231
3096.0,16.0,78.0,0.5098039215686274,9.588135121913002,153.0,1161.0,7.588235294117647,0.0,0.0,15.0,211.0,19.0,6.55919066150793,4.22,4.22,50.0,1,39.0,0.3304342732392796,0,0.0,1.0,0,4.0,0.7117839664945488,1,38.0,0.5218224630051993,3,55.0,0.4449631087593562,0,0.0,1.0,0,3.0,0.9368761876752326,1,4.0,0.0,0,0.0,1.0,0,0.0,1.0,0,0.0,1.0,4,34.0,0.1454644768885141,0,0.0,0.973267934689712,1,5.0,0.5249014712949944,0,0.0,0.5066548871072383,0,0.0,1.0,2,18.0,0.2666720968926309,0,0.0,1.0,1,3.0,1.349611700160046e-05,0,0.0,0.9978567490078898,1.0,8.0,0.6527739625826453
3104.0,13.0,47.0,0.3175675675675675,9.265669085727398,148.0,1176.0,7.945945945945946,15.0,0.1013513513513513,13.0,156.0,0.0,5.662748287838328,3.5454545454545454,3.5454545454545454,44.0,4,44.0,0.3296850279493188,0,0.0,1.0,1,4.0,0.0073269628275183,3,33.0,0.4958439202091327,2,29.0,0.2473643161304587,0,0.0,0.3209896645483417,0,0.0,0.9885262915735964,0,0.0,1.0,0,0.0,1.0,0,0.0,1.0,1,4.0,0.4588775723796327,0,24.0,0.1104382650879178,0,0.0,0.9189278972621354,2,17.0,0.0535303908251103,0,1.0,0.7659801047169483,0,0.0,1.0,0,0.0,1.0,0,0.0,1.0,0,0.0,0.8754492909129991,0,0.0,1.0,0.0,0.0,1.0
3112.0,25.0,128.0,0.8888888888888888,8.744281018961813,144.0,1233.0,8.5625,57.0,0.3958333333333333,25.0,222.0,66.0,4.529276944757342,4.036363636363636,4.036363636363636,55.0,2,33.0,0.426078471608541,1,0.0,0.1912145761912658,3,18.0,0.0006902962692453,3,35.0,0.2116611205639302,7,68.0,0.0003549381346043,1,6.0,0.1700718182788053,1,7.0,0.0031090369005304,1,5.0,0.0026277162473105,0,0.0,1.0,0,0.0,1.0,1,8.0,0.6324955440415915,0,0.0,0.8633593431495168,0,0.0,1.0,3,37.0,0.247166299472846,2,5.0,0.419318070382841,0,0.0,1.0,0,0.0,0.9156359912574328,0,0.0,0.5212416664135594,0,0.0,0.4972490039698614,0,0.0,1.0,0.0,0.0,1.0
3120.0,20.0,128.0,0.8707482993197279,9.115207942996966,147.0,1338.0,9.10204081632653,105.0,0.7142857142857143,19.0,185.0,0.0,5.266493375976407,4.021739130434782,4.021739130434782,46.0,3,28.0,0.4333632199284236,3,5.0,0.3101954889860669,0,0.0,1.0,3,23.0,0.0593488386775469,4,89.0,0.24135799846886,1,6.0,0.0,0,3.0,0.8029541082179794,2,14.0,0.3068533810572143,0,3.0,0.0444998005766948,0,0.0,1.0,2,11.0,0.2736837472940985,1,2.0,0.001288814409896,0,0.0,0.6397163664903258,0,0.0,1.0,0,1.0,0.4467399161844639,0,0.0,1.0,0,0.0,0.9701817945533484,0,0.0,1.0,0,0.0,1.0,0,0.0,1.0,0.0,0.0,1.0
3128.0,15.0,63.0,0.4315068493150685,9.503192472846422,146.0,1342.0,9.191780821917808,4.0,0.0273972602739726,14.0,165.0,0.0,5.788418954639597,3.4375,3.4375,48.0,2,8.0,0.0905633531746203,3,7.0,0.2070161835404456,0,6.0,0.5253965085890111,2,29.0,0.0875907326480321,2,29.0,0.3751240813416018,0,0.0,1.0,0,6.0,0.931230523271388,2,30.0,0.0,0,0.0,1.0,0,0.0,1.0,0,20.0,0.6296956515433683,0,6.0,0.8840018992319365,1,11.0,0.7443798669466137,0,0.0,1.0,2,13.0,0.2051137714242003,0,0.0,1.0,0,0.0,1.0,0,0.0,1.0,0,0.0,1.0,0,0.0,0.7216699544408762,0.0,0.0,0.8355656079114305
3136.0,20.0,102.0,0.7132867132867133,9.096382307336889,143.0,1341.0,9.377622377622378,0.0,0.0,18.0,225.0,60.0,5.396846199331513,4.245283018867925,4.245283018867925,53.0,0,14.0,0.2999354903795275,4,20.0,0.1371778277551253,3,22.0,8.855738550525924e-05,2,32.0,0.3781581256954546,3,56.0,0.3351389034373418,1,5.0,0.1513973667381472,1,4.0,0.4617718993498516,0,9.0,0.3457130886287861,0,0.0,1.0,0,0.0,1.0,0,6.0,0.8176287572803447,0,3.0,0.484654358567179,0,4.0,0.8955098438406298,0,0.0,1.0,3,36.0,0.20654125494451,0,0.0,1.0,0,0.0,1.0,0,0.0,0.3750011208915172,0,0.0,1.0,0,8.0,0.9721764788903036,1.0,6.0,0.0
3144.0,12.0,54.0,0.380281690140845,9.723039634727405,142.0,1378.0,9.704225352112676,37.0,0.2605633802816901,12.0,160.0,0.0,5.291282368164215,4.102564102564102,4.102564102564102,39.0,0,3.0,0.4620391962482173,4,26.0,0.0918720653767056,1,20.0,0.5232141922945596,3,26.0,0.0001222777176196,1,30.0,0.2303211015322873,0,0.0,0.4686686490370521,0,0.0,1.0,1,13.0,1.055768632945536e-05,0,0.0,1.0,0,0.0,1.0,0,3.0,0.4493764100420134,0,9.0,0.6780014237197597,0,0.0,0.5972141667278031,0,0.0,1.0,0,12.0,0.4477628801732463,0,0.0,1.0,0,0.0,1.0,1,7.0,0.0,0,0.0,1.0,1,11.0,0.4819350991974196,0.0,0.0,0.9432421069113616
3152.0,16.0,77.0,0.5422535211267606,9.4697389246489,142.0,1354.0,9.535211267605634,0.0,0.0,15.0,176.0,16.0,4.353256842680378,4.631578947368421,4.631578947368421,38.0,0,0.0,0.4915234421604888,3,38.0,0.1109164735717258,2,14.0,0.001777319062781,0,0.0,1.0,2,39.0,0.2845489311669447,0,0.0,1.0,0,7.0,0.926594496633402,0,0.0,1.0,0,0.0,1.0,0,0.0,1.0,3,21.0,1.200755651081694e-05,0,0.0,0.1712750686721614,0,0.0,1.0,0,0.0,0.8849882511098593,3,23.0,0.1063907727604107,0,0.0,1.0,0,0.0,0.1854816785327662,1,15.0,0.4817134013639746,0,0.0,0.9869210233572104,1,19.0,0.0,0.0,0.0,0.9943709443284204
3160.0,8.0,76.0,0.5467625899280576,10.787492656500987,139.0,1283.0,9.23021582733813,0.0,0.0,8.0,144.0,0.0,6.04954904305694,4.645161290322581,4.645161290322581,31.0,2,10.0,0.4601913369241813,0,15.0,0.2894721573508075,3,39.0,0.0965589451479404,0,0.0,1.0,0,9.0,0.6322777944035776,0,0.0,0.2911560017531229,0,0.0,0.5164308709242851,0,9.0,0.925788121626234,1,2.0,0.0016700774780736,0,0.0,1.0,0,0.0,1.0,0,0.0,1.0,0,0.0,0.3147387732967492,0,0.0,0.7389430944450021,0,10.0,0.4744235109235874,0,0.0,1.0,0,0.0,1.0,1,23.0,0.207114132518631,0,0.0,1.0,1,27.0,0.0,0.0,0.0,1.0
3168.0,14.0,89.0,0.6180555555555556,10.230991045424185,144.0,1247.0,8.659722222222221,0.0,0.0,12.0,121.0,0.0,7.499325317757743,2.951219512195122,2.951219512195122,41.0,2,26.0,0.5188635594556658,0,2.0,0.6576099984957589,0,7.0,0.3153172403878179,0,3.0,0.8949997924166645,1,14.0,0.6435143144069305,0,0.0,0.0121839382300561,0,3.0,0.9811066025384436,2,11.0,0.0001546497756727,2,10.0,0.0006298928645346,0,0.0,1.0,1,1.0,0.4759136039228424,0,0.0,0.5006783160497046,1,2.0,0.424424903757038,2,7.0,0.1183569131933174,0,3.0,0.5042236093423522,0,0.0,1.0,0,0.0,1.0,1,31.0,0.6489559518663692,0,0.0,0.9834424431821158,0,0.0,1.0,0.0,1.0,0.9690151933307074
3176.0,15.0,98.0,0.6712328767123288,10.153427453430163,146.0,1150.0,7.876712328767123,0.0,0.0,14.0,123.0,2.0,6.3594900731153485,2.9285714285714284,2.9285714285714284,42.0,2,10.0,0.1915945731462535,0,0.0,1.0,1,3.0,1.1947223447006384e-05,1,10.0,0.454843872494748,1,22.0,0.7634904365722419,0,0.0,0.1479676818841298,0,0.0,0.9153561294850018,0,2.0,0.9332547727786006,0,0.0,1.0,0,0.0,1.0,0,0.0,0.7394017925284383,1,3.0,0.4131760759380159,1,10.0,0.5399816052726607,0,0.0,1.0,3,15.0,0.2496147629485906,0,0.0,1.0,0,0.0,0.8890479345856924,3,44.0,0.1295745334462798,0,0.0,1.0,0,0.0,1.0,1.0,4.0,0.4905004039925725
3184.0,11.0,113.0,0.8071428571428572,9.800976650649156,140.0,1065.0,7.607142857142857,0.0,0.0,11.0,188.0,65.0,6.343290016112965,3.836734693877551,3.836734693877551,49.0,1,28.0,0.1770400021906623,0,3.0,0.6493705699483353,0,0.0,1.0,0,10.0,0.9189353555603768,1,10.0,0.7543249855964059,0,0.0,0.9805430369348398,0,2.0,0.4676779018160034,0,0.0,1.0,0,0.0,1.0,0,0.0,1.0,0,3.0,0.9282457759455915,0,0.0,1.0,1,12.0,0.4503356376342211,0,0.0,1.0,3,39.0,0.1517712891945223,0,0.0,1.0,2,3.0,0.4122421463623812,1,58.0,0.1169533380390497,0,0.0,1.0,0,0.0,1.0,2.0,20.0,0.1353419846489396
3192.0,9.0,77.0,0.5661764705882353,9.33062168732314,136.0,1053.0,7.742647058823529,0.0,0.0,9.0,164.0,0.0,6.760050579659603,3.48936170212766,3.48936170212766,47.0,2,25.0,0.1797867447622579,0,0.0,0.8115277313898026,1,15.0,0.3345764606921585,1,13.0,0.6383634441905689,1,6.0,0.3983712724301991,0,0.0,1.0,0,3.0,0.9718291222437696,0,3.0,0.9633851501199144,0,0.0,1.0,0,0.0,1.0,0,2.0,0.6743215833401933,0,0.0,1.0,0,2.0,0.7188707536898115,0,3.0,0.9243059405369842,0,18.0,0.294642585922638,0,0.0,1.0,0,0.0,0.4192766452174822,4,74.0,0.3006485229385084,0,0.0,0.5042094724255368,0,0.0,1.0,0.0,0.0,1.0
3200.0,12.0,58.0,0.4264705882352941,10.037259185448658,136.0,1053.0,7.742647058823529,0.0,0.0,12.0,107.0,0.0,7.579747668188141,2.488372093023256,2.488372093023256,43.0,3,34.0,0.1197589101736624,2,1.0,0.3918846700740064,1,11.0,0.2530584709205302,0,0.0,0.8236394742621566,1,6.0,0.3448209617948997,0,0.0,1.0,0,0.0,1.0,0,0.0,1.0,0,0.0,1.0,0,0.0,1.0,0,3.0,0.9636711231671232,0,0.0,1.0,0,0.0,0.7851611048477788,0,0.0,1.0,0,3.0,0.6230871076438055,0,0.0,1.0,0,0.0,0.922823053960223,5,49.0,0.000163710716233,0,0.0,1.0,0,0.0,1.0,0.0,0.0,0.9836303222968482
3208.0,22.0,174.0,1.2985074626865671,9.376925112991334,134.0,1051.0,7.843283582089552,0.0,0.0,22.0,214.0,107.0,4.58309424879385,4.755555555555556,4.755555555555556,45.0,2,32.0,0.3298021112482461,1,2.0,0.4714995441692089,2,21.0,0.0,4,13.0,0.1005531755238464,1,13.0,0.4971930948438083,0,0.0,0.4883631020475034,0,0.0,1.0,0,6.0,0.971816373214914,1,5.0,0.0004687153016717,0,0.0,1.0,0,0.0,0.7894236963929839,0,5.0,0.9908200323996172,3,11.0,0.1463078854873366,0,0.0,1.0,1,9.0,0.4306739566234934,0,0.0,1.0,2,8.0,0.0001464183873326,5,89.0,0.0,0,0.0,1.0,0,0.0,1.0,0.0,0.0,1.0
3216.0,14.0,180.0,1.3333333333333333,9.732385219386956,135.0,1052.0,7.792592592592593,1.0,0.0074074074074074,14.0,239.0,25.0,5.8933039223212935,6.128205128205129,6.128205128205129,39.0,0,7.0,0.9617537097431976,3,7.0,0.133990234645684,1,16.0,0.5473363321080914,1,22.0,0.165210303894183,1,21.0,0.6548961746846106,0,0.0,1.0,0,3.0,0.9798866027229672,1,3.0,0.2419687558680802,0,0.0,0.5987926166666174,0,0.0,1.0,1,5.0,0.45790714468055,0,0.0,0.8301611668598023,0,6.0,0.536435403719878,0,0.0,1.0,1,20.0,0.3695715606577501,0,0.0,1.0,0,0.0,1.0,5,129.0,0.0,0,0.0,0.8955652703356554,0,0.0,1.0,0.0,0.0,1.0
3224.0,18.0,252.0,1.894736842105263,10.047072813589985,133.0,1083.0,8.142857142857142,31.0,0.2330827067669172,18.0,303.0,64.0,5.216764182557599,7.769230769230769,7.769230769230769,39.0,2,14.0,0.4115929159433104,1,11.0,0.378924160326413,0,0.0,1.0,1,8.0,0.3302925370470944,2,29.0,0.3210400640354803,1,1.0,0.6290009521456503,1,5.0,0.000285644926621,1,11.0,0.0,1,6.0,0.0,0,0.0,1.0,1,13.0,0.0,0,0.0,0.8306743854802624,0,0.0,0.6024961874946767,0,0.0,1.0,2,31.0,0.3051749545557229,0,0.0,1.0,0,3.0,0.8112463395724482,5,169.0,0.0,0,0.0,1.0,0,2.0,0.9516763828676214,0.0,0.0,0.8417918982243109
3232.0,10.0,65.0,0.4850746268656716,10.424003699019746,134.0,1112.0,8.298507462686567,29.0,0.2164179104477611,10.0,182.0,0.0,6.279800397619895,5.870967741935484,5.870967741935484,31.0,0,0.0,0.8125689107393348,1,13.0,0.3593091933887085,0,3.0,0.0237508202140901,5,31.0,0.1604093623916153,0,0.0,0.8086264137473498,1,2.0,0.4549890372067814,0,0.0,0.984706589801752,1,19.0,0.4740663940294872,0,0.0,1.0,0,0.0,1.0,0,0.0,1.0,0,0.0,1.0,1,6.0,0.0,0,0.0,1.0,1,0.0,0.3812451415668453,0,0.0,1.0,0,0.0,1.0,0,108.0,0.1463626687413894,0,0.0,0.9175614226729368,0,0.0,1.0,0.0,0.0,0.9354874852242128
3240.0,10.0,37.0,0.2803030303030303,10.691707435657118,132.0,1159.0,8.780303030303031,47.0,0.3560606060606061,8.0,77.0,0.0,5.571283800652232,3.08,3.08,25.0,0,0.0,0.5973588464018861,3,20.0,1.2122286258550132e-05,0,0.0,1.0,0,30.0,0.2598494356517301,0,3.0,0.4494588530351757,1,10.0,0.0,1,7.0,0.694651496447199,1,2.0,0.0005685254494163,0,0.0,1.0,0,0.0,0.9940341065524464,1,1.0,0.0043605236893855,0,0.0,1.0,0,0.0,1.0,0,0.0,1.0,0,0.0,0.6357798755344655,0,0.0,1.0,0,0.0,1.0,0,0.0,1.0,0,0.0,1.0,0,0.0,1.0,1.0,4.0,0.0
3248.0,15.0,65.0,0.5038759689922481,10.438924461329115,129.0,1160.0,8.992248062015504,1.0,0.0077519379844961,14.0,132.0,55.0,6.54900557075313,4.125,4.125,32.0,0,0.0,1.0,1,11.0,0.0,1,7.0,0.3706083676781501,4,50.0,0.3314693964438529,2,20.0,0.5920816058497766,1,18.0,0.0,2,9.0,0.3256515350364062,1,8.0,0.4539191450514866,0,0.0,1.0,1,2.0,0.009240059115181,0,0.0,1.0,0,3.0,0.9655475244669292,0,0.0,1.0,0,3.0,0.8495733455176273,0,0.0,0.8791330892444944,0,0.0,1.0,0,0.0,1.0,0,0.0,1.0,0,0.0,1.0,0,0.0,1.0,1.0,1.0,0.0006113107486677
3256.0,9.0,51.0,0.3893129770992366,10.796100848330454,131.0,1207.0,9.213740458015268,47.0,0.3587786259541984,8.0,112.0,0.0,7.868268363961794,3.733333333333333,3.733333333333333,30.0,0,2.0,0.9196998940726978,0,0.0,1.0,2,11.0,0.0002138689091026,2,44.0,0.531377828424918,2,42.0,0.6689159116564583,0,0.0,1.0,0,0.0,1.0,1,10.0,0.4931772510084609,0,0.0,1.0,0,0.0,1.0,0,0.0,1.0,0,0.0,1.0,0,0.0,0.6352389835984756,1,3.0,0.3876975887656855,0,0.0,0.5719331916136178,0,0.0,1.0,0,0.0,1.0,0,0.0,1.0,0,0.0,1.0,0,0.0,1.0,0.0,0.0,1.0
3264.0,10.0,45.0,0.3358208955223881,10.576808472902831,134.0,1234.0,9.208955223880595,27.0,0.2014925373134328,9.0,109.0,0.0,7.803817625468016,2.7948717948717947,2.7948717948717947,39.0,0,0.0,0.509447767097615,0,0.0,1.0,2,27.0,0.0,4,46.0,0.4764868237886256,0,23.0,0.6702067932383858,0,0.0,1.0,0,3.0,0.924925716239784,0,3.0,0.9368528580114512,0,0.0,1.0,0,0.0,1.0,0,0.0,1.0,0,0.0,0.435664079629577,0,0.0,0.9014844663181502,0,0.0,0.5576559635530229,3,7.0,0.3599095878689343,0,0.0,1.0,0,0.0,0.1885152300084636,0,0.0,1.0,0,0.0,0.3604742432045504,0,0.0,0.9390654322297548,0.0,0.0,0.962991532521889
3272.0,18.0,134.0,0.9710144927536232,9.765026489004883,138.0,1306.0,9.46376811594203,72.0,0.5217391304347826,18.0,216.0,107.0,4.541205205705122,5.538461538461538,5.538461538461538,39.0,1,5.0,0.0009489077841419,0,0.0,1.0,2,43.0,0.0,5,76.0,0.1908095963071442,3,35.0,0.3698151847770786,0,0.0,1.0,1,2.0,0.3754348250246119,0,0.0,0.1000873066775348,0,0.0,1.0,0,0.0,1.0,0,1.0,0.9835951353117048,0,0.0,0.947852376697162,0,3.0,0.7860475216622484,2,9.0,0.3154283593268507,2,23.0,0.2752630061098057,0,0.0,1.0,1,8.0,0.0,0,0.0,1.0,1,11.0,0.3612126830102309,0,0.0,1.0,0.0,0.0,1.0
3280.0,18.0,169.0,1.2611940298507462,9.6293766070885,134.0,1330.0,9.92537313432836,24.0,0.1791044776119403,16.0,244.0,28.0,5.947763422204845,5.951219512195122,5.951219512195122,41.0,0,0.0,0.974003516629152,0,0.0,1.0,0,28.0,0.679225525333083,6,114.0,0.2082240190237576,2,21.0,0.3838466222983387,0,0.0,1.0,2,18.0,0.3219785613684299,0,3.0,0.9621298365491544,1,4.0,8.699161200665708e-05,0,0.0,1.0,0,1.0,0.6239350751972768,0,0.0,0.5296671081827673,1,6.0,0.2943124621902426,0,0.0,0.0287023564055915,0,5.0,0.479508970084669,0,0.0,1.0,1,16.0,0.0,0,0.0,0.300099090549562,3,28.0,0.0001310970593291,0,0.0,1.0,0.0,0.0,1.0
3288.0,14.0,113.0,0.8692307692307693,10.206477065796545,130.0,1379.0,10.607692307692307,49.0,0.3769230769230769,11.0,200.0,0.0,6.275343553311618,5.882352941176471,5.882352941176471,34.0,1,1.0,0.5501082629552939,1,0.0,0.2123281957076896,3,44.0,3.00030471586144e-06,1,88.0,0.3692649681171719,1,14.0,0.4349842421090984,0,0.0,1.0,0,3.0,0.0963182344537467,0,0.0,1.0,0,0.0,1.0,0,0.0,1.0,1,6.0,0.7224916118417077,0,0.0,1.0,1,8.0,0.2748718385249019,0,0.0,1.0,0,0.0,0.9755289893790084,0,0.0,1.0,1,30.0,0.5497796438116314,1,6.0,0.0,0,0.0,1.0,0,0.0,1.0,0.0,0.0,1.0
3296.0,14.0,89.0,0.664179104477612,9.756699312287571,134.0,1458.0,10.880597014925373,79.0,0.5895522388059702,13.0,264.0,64.0,5.8770014696539965,6.769230769230769,6.769230769230769,39.0,1,6.0,0.2581482458609305,0,3.0,0.5372490598462166,1,41.0,0.0,4,130.0,0.0390830361522751,2,27.0,0.30849273709411,0,0.0,1.0,0,3.0,0.6946761422197552,0,0.0,1.0,1,6.0,0.491650959288343,0,0.0,1.0,1,22.0,0.768211253472877,0,7.0,0.3512949534560473,1,13.0,0.484436343475245,0,0.0,1.0,1,1.0,0.4516806212455752,0,0.0,1.0,0,0.0,1.0,0,0.0,1.0,0,0.0,0.9280887032639225,1,5.0,0.266836067409578,0.0,0.0,1.0
3304.0,17.0,129.0,0.908450704225352,9.726028227666845,142.0,1586.0,11.169014084507042,128.0,0.9014084507042254,16.0,261.0,0.0,3.9621962967318223,6.6923076923076925,6.6923076923076925,39.0,1,0.0,0.4282944126435156,1,8.0,0.4383022125611985,0,4.0,0.3928761379147289,2,107.0,0.0902692509832151,3,50.0,0.2457374947493878,0,7.0,0.0268763857693311,1,10.0,0.4649479258295205,0,0.0,1.0,0,3.0,0.2433281216469141,0,0.0,1.0,3,17.0,0.0099024469073726,3,22.0,0.0023706291679683,1,21.0,0.5894191236916906,0,0.0,1.0,1,12.0,0.338735114111053,0,0.0,1.0,0,0.0,1.0,0,0.0,1.0,0,0.0,0.973300704392769,0,0.0,1.0,0.0,0.0,1.0
3312.0,21.0,186.0,1.2567567567567568,9.622343676156158,148.0,1716.0,11.594594594594597,130.0,0.8783783783783784,20.0,327.0,66.0,4.2342187902635136,7.975609756097561,7.975609756097561,41.0,0,0.0,0.9739474101980194,2,16.0,0.3877646028272026,1,9.0,0.0,3,136.0,0.0151922694051206,4,72.0,0.1904917212656493,0,0.0,1.0,1,2.0,0.192460315098132,0,0.0,0.010315338471145,0,0.0,1.0,0,0.0,1.0,0,4.0,0.3108247273434855,5,58.0,0.3313961401190018,1,4.0,0.2412974500727532,0,0.0,1.0,2,25.0,5.068801316066635e-06,0,0.0,0.3892819276553844,0,0.0,1.0,0,0.0,1.0,1,1.0,0.4993024866613197,0,0.0,0.9562138300297608,0.0,0.0,1.0
3320.0,12.0,64.0,0.4383561643835616,9.83781414058904,146.0,1746.0,11.95890410958904,30.0,0.2054794520547945,10.0,195.0,0.0,4.496680725438238,5.571428571428571,5.571428571428571,35.0,1,1.0,0.0021721196764435,1,5.0,0.3262598156153091,0,2.0,0.7222694559143839,2,104.0,0.1022064489838942,1,12.0,0.3943231348634551,0,0.0,0.0195531796527591,2,8.0,0.0010851758242214,0,3.0,0.9285241793141212,0,0.0,1.0,0,0.0,1.0,0,3.0,0.9974670931162885,1,41.0,0.0676278963790097,0,3.0,0.8380477886265614,0,0.0,1.0,0,0.0,1.0,1,7.0,0.0,0,3.0,0.4754877106580336,0,0.0,1.0,1,3.0,0.0,0,0.0,1.0,0.0,0.0,1.0
3328.0,12.0,67.0,0.4785714285714286,9.711710017616848,140.0,1627.0,11.621428571428572,0.0,0.0,12.0,185.0,0.0,5.516109292156494,4.3023255813953485,4.3023255813953485,43.0,1,12.0,0.5922902241185612,0,10.0,0.2358929196154801,1,7.0,0.1562812383914003,2,77.0,0.2477815072149975,2,12.0,0.1564165550509316,1,7.0,0.4908130627183125,0,0.0,1.0,0,0.0,0.9560406062245655,0,0.0,1.0,0,0.0,1.0,0,0.0,0.7261334091044173,4,53.0,0.0017836388969621,0,0.0,0.6346007386980143,0,0.0,0.9775105679370946,1,4.0,0.2628456901233845,0,0.0,1.0,0,0.0,1.0,0,0.0,1.0,0,0.0,0.9697329396072332,0,0.0,1.0,0.0,3.0,0.9528209288876972
3336.0,12.0,87.0,0.6304347826086957,9.46325073710381,138.0,1477.0,10.702898550724637,0.0,0.0,12.0,178.0,0.0,6.414448272894458,3.955555555555556,3.955555555555556,45.0,1,9.0,0.4464076596376298,0,7.0,0.5376845756476236,1,13.0,0.0053880043960722,4,78.0,0.412485888898044,3,21.0,0.1544676607220263,1,2.0,0.001812089113636,0,0.0,0.9572317980937044,0,3.0,0.9695890222135266,0,0.0,1.0,0,0.0,0.9658570793464466,0,3.0,0.8227746658460495,0,25.0,0.1534721924977729,0,0.0,0.9775444831107238,0,0.0,0.9368866649035384,0,2.0,0.2480416492375784,0,0.0,0.9822805372860476,0,3.0,0.819527365075843,0,3.0,0.5892018968802024,1,5.0,0.0087268370749345,0,0.0,1.0,1.0,4.0,0.4502250513292612
3344.0,18.0,112.0,0.7777777777777778,9.528130023550112,144.0,1548.0,10.75,71.0,0.4930555555555556,13.0,184.0,6.0,6.7970518193477805,4.6,4.6,40.0,3,21.0,0.3224426826492498,1,7.0,0.0002194834218652,0,0.0,1.0,2,83.0,0.5109909840991061,4,42.0,0.1591692632321413,0,4.0,0.4792197576875651,0,3.0,0.9605203307827628,0,0.0,0.9510005883081571,1,2.0,0.0,0,0.0,1.0,0,4.0,0.8291699900797961,0,0.0,1.0,0,4.0,0.9638367432719268,1,6.0,0.0,0,0.0,0.6837216373273391,0,0.0,1.0,1,8.0,0.358980830370272,0,0.0,1.0,0,0.0,1.0,0,0.0,1.0,0.0,0.0,1.0
3352.0,23.0,161.0,1.1180555555555556,9.213724431090988,144.0,1572.0,10.916666666666666,24.0,0.1666666666666666,22.0,246.0,62.0,5.284998972191167,5.020408163265306,5.020408163265306,49.0,0,22.0,0.4635177159116216,1,15.0,0.0,0,0.0,1.0,7,55.0,0.0841366623169617,5,84.0,0.2714204053557308,0,0.0,1.0,0,0.0,0.8998408910839046,0,0.0,1.0,1,8.0,0.4594330800882821,0,0.0,1.0,2,13.0,0.4158690868017445,0,0.0,1.0,0,7.0,0.8628524248452457,0,0.0,0.8884598289374229,0,0.0,0.7257341860595526,0,2.0,0.2331288250857852,5,38.0,0.1419070666985965,0,0.0,1.0,0,0.0,1.0,1,2.0,0.1710098940860133,0.0,0.0,0.8929360713234451
3360.0,16.0,178.0,1.2714285714285714,9.789284904195398,140.0,1629.0,11.635714285714286,57.0,0.4071428571428571,16.0,256.0,10.0,4.737250225739663,8.258064516129032,8.258064516129032,31.0,3,26.0,0.0656708392185846,0,0.0,1.0,0,0.0,1.0,4,81.0,0.3653376563303214,4,93.0,0.1847252330835615,0,0.0,1.0,0,0.0,1.0,0,0.0,1.0,2,19.0,0.0001402572231919,0,0.0,1.0,2,29.0,0.0,0,0.0,1.0,0,3.0,0.9570076384812544,0,0.0,0.9124816276093514,1,2.0,0.0001085631708768,0,0.0,1.0,0,0.0,1.0,0,0.0,1.0,0,0.0,1.0,0,0.0,1.0,0.0,3.0,0.8516015115345387
3368.0,18.0,244.0,1.7062937062937062,9.796190855366458,143.0,1687.0,11.797202797202797,58.0,0.4055944055944055,17.0,319.0,63.0,6.036219932521006,8.394736842105264,8.394736842105264,38.0,3,50.0,0.0,0,0.0,1.0,0,0.0,0.9819036608313384,7,121.0,0.2288072578951818,5,130.0,0.1616009847827558,1,3.0,2.776736202588575e-05,0,0.0,1.0,0,0.0,1.0,0,0.0,1.0,0,0.0,1.0,0,0.0,0.9271027966996408,0,4.0,0.9909494881646932,0,0.0,0.927338747447938,0,0.0,0.5171628581886341,1,10.0,0.4583683942701489,0,0.0,1.0,0,1.0,0.8499523929467198,0,0.0,1.0,0,0.0,1.0,0,0.0,1.0,0.0,0.0,0.9405683985901264
3376.0,14.0,159.0,1.0529801324503312,9.839504441478432,151.0,1809.0,11.980132450331126,122.0,0.8079470198675497,11.0,267.0,0.0,6.676895352542696,7.026315789473684,7.026315789473684,38.0,0,19.0,0.2970414420446116,0,0.0,0.4947069773002879,0,0.0,1.0,9,156.0,0.3247256926656754,2,87.0,0.1764993309186941,0,0.0,1.0,0,0.0,1.0,0,3.0,0.8171866586970608,0,0.0,1.0,0,0.0,1.0,0,0.0,0.9059879545521629,0,2.0,0.2761523477562401,0,0.0,0.9722174689634534,0,0.0,0.6518205722805023,0,0.0,0.7114104066728151,0,0.0,1.0,0,0.0,1.0,0,0.0,1.0,0,0.0,1.0,0,0.0,1.0,0.0,0.0,1.0
3384.0,12.0,50.0,0.3311258278145695,10.217322500288384,151.0,1656.0,10.966887417218542,0.0,0.0,11.0,275.0,8.0,6.141969380000538,6.395348837209302,6.395348837209302,43.0,0,0.0,1.0,3,9.0,0.2264458460746987,0,0.0,1.0,2,140.0,0.4541955250405864,4,106.0,0.0002991522072629,0,0.0,1.0,0,0.0,1.0,1,4.0,0.4234348325750841,0,0.0,1.0,0,0.0,1.0,0,3.0,0.640739959555597,0,0.0,1.0,0,3.0,0.9884298242508348,0,0.0,0.6890148009498512,1,4.0,0.5452308493982306,0,0.0,1.0,0,0.0,1.0,0,0.0,1.0,0,0.0,0.9821894285474222,0,0.0,0.9628557139598198,0.0,6.0,0.9652890430442124
3392.0,9.0,61.0,0.3765432098765432,9.958688925892933,162.0,1622.0,10.012345679012345,0.0,0.0,9.0,175.0,0.0,6.860795918896478,3.804347826086957,3.804347826086957,46.0,0,5.0,0.9645524657702648,3,24.0,0.3024232014785347,0,0.0,1.0,4,90.0,0.1562132043730424,1,47.0,0.1969793275447893,0,0.0,1.0,0,0.0,0.9788906994483304,0,0.0,0.1582988387527933,0,0.0,1.0,0,0.0,1.0,0,0.0,0.8939338232138049,0,4.0,0.9367985805705066,0,3.0,0.7463043198912632,0,0.0,0.5425817538386551,1,1.0,0.4356307745106604,0,0.0,1.0,0,0.0,1.0,0,0.0,1.0,0,0.0,1.0,0,0.0,1.0,0.0,1.0,0.9305277103063616
3400.0,17.0,110.0,0.6666666666666666,10.314381219350311,165.0,1648.0,9.987878787878788,26.0,0.1575757575757575,17.0,222.0,47.0,6.04220814023705,4.826086956521739,4.826086956521739,46.0,0,2.0,0.4540409504959878,2,38.0,0.4631798223225028,0,0.0,1.0,7,96.0,0.0644230506014733,4,68.0,0.0003791916870532,0,0.0,1.0,0,1.0,0.9306673572170768,0,0.0,1.0,0,0.0,1.0,0,0.0,1.0,0,0.0,0.9245785663161572,0,0.0,1.0,4,17.0,0.1982009528581691,0,0.0,1.0,0,0.0,0.8036931061241144,0,0.0,1.0,0,0.0,0.9218576568807664,0,0.0,0.7756827732166703,0,0.0,0.9039801343166785,0,0.0,0.9399332697550628,0.0,0.0,1.0
3408.0,16.0,154.0,0.9506172839506172,9.95577169902007,162.0,1642.0,10.135802469135802,0.0,0.0,14.0,257.0,35.0,5.976574522853941,7.138888888888889,7.138888888888889,36.0,0,0.0,0.9799905176921638,3,58.0,0.2105235171060052,0,0.0,1.0,6,122.0,0.1779960250559177,1,55.0,0.1790334034500711,0,0.0,1.0,1,2.0,0.0087290378061125,0,0.0,1.0,0,0.0,1.0,0,0.0,1.0,0,0.0,0.9422859532318012,0,0.0,1.0,1,14.0,0.1321552662415636,0,0.0,0.9173492490507296,1,4.0,0.4574592825819771,0,0.0,0.5012879294519922,0,0.0,0.9246996059187284,1,2.0,0.0006409861957174,0,0.0,1.0,0,0.0,1.0,0.0,0.0,0.9143240883309984
3416.0,13.0,62.0,0.3949044585987261,9.64933816150558,157.0,1499.0,9.547770700636942,0.0,0.0,12.0,166.0,0.0,6.102144097193826,4.15,4.15,40.0,0,0.0,0.4029698308222338,1,4.0,0.2191542066130752,0,3.0,0.5402381024979535,3,93.0,0.0793964451657201,1,21.0,0.5688442453226228,0,0.0,0.9640772123946584,0,2.0,0.9743936276979458,0,0.0,1.0,1,4.0,0.0197988216731282,0,0.0,1.0,0,7.0,0.8227350002354319,0,1.0,0.9387200787543296,1,13.0,0.0,1,6.0,0.4599846085625395,1,2.0,0.0894099367027533,1,1.0,0.0032744819447252,1,5.0,0.4618814943514093,0,0.0,1.0,0,0.0,0.9671742609387408,0,0.0,1.0,1.0,4.0,0.0
3424.0,14.0,50.0,0.3125,10.069486003888064,160.0,1531.0,9.56875,32.0,0.2,12.0,192.0,26.0,7.487425646773685,4.923076923076923,4.923076923076923,39.0,0,3.0,0.9452161919142116,2,8.0,0.0006357922063726,1,7.0,0.0007970680648681,3,112.0,0.4205476530871394,3,45.0,0.4653489693923154,0,0.0,1.0,0,0.0,1.0,0,0.0,0.93718384329889,0,0.0,1.0,0,0.0,1.0,0,3.0,0.6984418169477686,0,0.0,1.0,0,0.0,0.916217160734328,0,0.0,0.6212107859448227,1,7.0,0.3239466102799447,0,0.0,1.0,0,4.0,0.9414693632744348,1,2.0,0.0013509318734512,0,0.0,0.9792785272914644,0,0.0,1.0,1.0,1.0,0.4980044429105951
3432.0,9.0,28.0,0.175,10.071554507098588,160.0,1554.0,9.7125,23.0,0.14375,8.0,138.0,0.0,7.257067066859491,3.45,3.45,40.0,1,8.0,0.444472010528101,0,0.0,1.0,0,3.0,0.5445263140569947,4,79.0,0.3209102104712915,0,22.0,0.7071523740048385,0,3.0,0.9209786172043948,0,0.0,0.6176004132016741,0,0.0,1.0,0,0.0,1.0,0,0.0,1.0,0,3.0,0.6589931840504583,0,0.0,1.0,0,0.0,1.0,1,5.0,0.2775892995841504,0,0.0,0.6538228633250142,0,0.0,0.8661546147876413,1,12.0,0.2600828191213048,0,0.0,0.9087729573443026,0,0.0,0.9690506746378644,0,0.0,1.0,1.0,3.0,0.0002848935461737
3440.0,14.0,59.0,0.3619631901840491,9.91863409218966,163.0,1488.0,9.12883435582822,0.0,0.0,12.0,161.0,23.0,6.41543496223113,4.2368421052631575,4.2368421052631575,38.0,3,25.0,0.1946255608457189,0,0.0,1.0,1,2.0,0.4355237600312004,4,80.0,0.2550118238941973,3,38.0,0.1697845656686776,0,0.0,1.0,0,0.0,0.9665084193929518,0,0.0,0.9161693905111852,0,0.0,1.0,0,0.0,1.0,0,3.0,0.9837318767541436,0,0.0,0.6014922001745504,0,5.0,0.9744529986756124,0,0.0,0.7725506712175081,0,0.0,0.9182308705376756,0,0.0,1.0,1,8.0,0.0,0,0.0,1.0,0,0.0,0.0733697015316574,0,0.0,1.0,0.0,0.0,0.6510032810705749
3448.0,19.0,114.0,0.6785714285714286,9.872630378564873,168.0,1556.0,9.261904761904765,68.0,0.4047619047619047,16.0,203.0,42.0,4.177855163244837,5.970588235294118,5.970588235294118,34.0,3,35.0,0.2438593409653896,0,0.0,1.0,0,0.0,1.0,9,121.0,0.1735486133844444,2,31.0,0.0747810493562061,0,0.0,1.0,0,0.0,0.9658796126561134,0,3.0,0.9715162747888264,0,0.0,0.5017981186237179,0,0.0,1.0,0,0.0,1.0,0,0.0,1.0,0,5.0,0.7083926062647367,0,0.0,1.0,1,0.0,0.1028120192362665,0,0.0,1.0,0,0.0,0.2157833901717823,0,0.0,1.0,1,8.0,0.0,0,0.0,1.0,0.0,0.0,1.0
3456.0,17.0,150.0,0.847457627118644,10.046549281846657,177.0,1496.0,8.451977401129943,0.0,0.0,14.0,232.0,29.0,6.625091879526041,5.658536585365853,5.658536585365853,41.0,1,14.0,0.0988652653607073,0,0.0,1.0,0,0.0,1.0,6,163.0,0.3133004591065969,1,14.0,0.0002464268247963,0,0.0,0.73853507792211,0,0.0,0.8848105799248075,0,6.0,0.8481257827951967,0,0.0,1.0,0,0.0,1.0,0,3.0,0.7517573160981953,0,0.0,1.0,4,10.0,0.1672720502455399,0,0.0,0.8122772186578344,0,0.0,0.6532191816990846,0,0.0,0.9895766589007088,1,6.0,0.5832563826768908,0,0.0,1.0,1,16.0,0.0,0,0.0,0.967724402965445,0.0,0.0,1.0
3464.0,17.0,145.0,0.8100558659217877,9.916574819790664,179.0,1419.0,7.927374301675978,0.0,0.0,13.0,258.0,26.0,6.142172315667712,5.48936170212766,5.48936170212766,47.0,2,14.0,0.0002802744537583,1,4.0,8.05990379118213e-06,0,0.0,1.0,3,122.0,0.1019013850249103,1,25.0,0.549846959903182,0,0.0,0.0373363449541196,1,6.0,0.7079462021985841,0,4.0,0.8946743678361456,0,0.0,1.0,0,0.0,1.0,0,3.0,0.6983921731858702,0,3.0,0.7727133238649595,0,15.0,0.2770006697340504,0,0.0,0.4647759040677724,0,0.0,0.7358320112755767,0,0.0,0.7695226148389055,4,35.0,0.1682604328103456,0,0.0,0.6316560253221516,1,24.0,0.0,0,3.0,0.9266520508195372,0.0,0.0,1.0
3472.0,16.0,62.0,0.3463687150837989,9.202533881273052,179.0,1461.0,8.162011173184357,42.0,0.2346368715083799,16.0,268.0,10.0,5.042678239709881,5.826086956521739,5.826086956521739,46.0,0,0.0,1.0,0,3.0,0.5463966122566689,0,3.0,0.4379900245086172,3,159.0,0.1242760134607818,0,4.0,0.5957688525555992,0,0.0,0.8569459538170068,2,15.0,0.3869585466947212,2,10.0,9.209552671979688e-06,0,0.0,1.0,0,0.0,1.0,0,11.0,0.8631399352513811,1,6.0,0.0003987606501927,2,22.0,0.2521079913431115,0,3.0,0.9957147527129002,4,16.0,0.0065610176770553,0,0.0,0.5650774530435904,2,13.0,0.0844499244653611,0,0.0,0.4750813394464995,0,3.0,0.9320001958924108,0,0.0,1.0,0.0,0.0,0.9711452013413489
3480.0,14.0,70.0,0.3932584269662921,9.682932121303184,178.0,1500.0,8.426966292134832,39.0,0.2191011235955056,9.0,198.0,0.0,6.185288762985408,4.604651162790698,4.604651162790698,43.0,0,4.0,0.9051425794805344,1,4.0,0.5700103888433391,0,0.0,1.0,1,92.0,0.1480087367013044,1,12.0,0.1475458074526947,0,0.0,0.630012824255679,2,30.0,0.5048701318844369,0,0.0,0.942131599744302,0,0.0,0.980083937528462,0,0.0,1.0,0,6.0,0.8885554090514853,0,0.0,1.0,1,19.0,0.3845727447142784,0,0.0,1.0,0,12.0,0.5241159220249063,1,5.0,0.0,1,6.0,0.1328207868931094,1,5.0,0.3126122357656711,0,3.0,0.8721708264327366,0,0.0,1.0,0.0,0.0,0.0904482661109736
3488.0,20.0,78.0,0.4262295081967213,9.190321305265668,183.0,1561.0,8.530054644808743,61.0,0.3333333333333333,19.0,208.0,10.0,4.051353884597279,4.16,4.16,50.0,2,14.0,0.3174469244680651,1,7.0,0.1451108542911068,0,0.0,1.0,2,72.0,0.0899553243643787,4,37.0,0.2238336858180905,0,0.0,0.2312541373770764,2,12.0,0.1918124736915668,1,1.0,0.000187707426412,0,0.0,0.1910369068363641,0,0.0,1.0,0,7.0,0.7985294560502374,0,0.0,1.0,6,44.0,0.1326733824957821,0,0.0,1.0,0,0.0,0.9265985967045748,0,0.0,1.0,1,14.0,0.0,0,0.0,1.0,0,0.0,0.4989210446636702,0,0.0,1.0,0.0,0.0,0.961292685580908
3496.0,19.0,147.0,0.8076923076923077,9.550538408788626,182.0,1684.0,9.252747252747254,123.0,0.6758241758241759,18.0,287.0,79.0,4.781981368619751,6.5227272727272725,6.5227272727272725,44.0,2,28.0,0.2690696865997087,1,15.0,0.0,0,0.0,1.0,5,106.0,0.1744375558200649,4,69.0,0.2144722828490358,0,0.0,0.6348442458271222,0,3.0,0.6618494085567772,1,9.0,0.26353749582592,0,0.0,1.0,0,0.0,1.0,0,0.0,0.9381793158159072,0,0.0,1.0,1,35.0,0.3414940942771722,0,3.0,0.8553537265525347,0,0.0,1.0,0,0.0,1.0,0,1.0,0.7598877378102338,0,0.0,1.0,4,18.0,0.0018846624147098,0,0.0,0.0127210632242096,0.0,0.0,1.0
3504.0,15.0,122.0,0.6740331491712708,10.206872973400854,181.0,1767.0,9.76243093922652,83.0,0.4585635359116022,14.0,290.0,3.0,4.825375156192002,8.285714285714286,8.285714285714286,35.0,1,15.0,0.3359315847922162,1,23.0,0.0,0,0.0,1.0,4,95.0,0.1971904138790104,1,45.0,0.2442835342205826,1,4.0,0.2896034821429471,0,0.0,0.9340591680313772,2,22.0,0.0,0,0.0,1.0,0,0.0,1.0,0,7.0,0.9236224266285884,0,0.0,1.0,3,56.0,0.1694080359693189,0,3.0,0.915545864484366,0,3.0,0.0050566942876457,0,0.0,1.0,1,2.0,0.4933667462511442,0,0.0,1.0,0,15.0,0.4940787894486062,0,0.0,1.0,0.0,0.0,1.0
3512.0,17.0,126.0,0.6923076923076923,9.397118783953076,182.0,1825.0,10.027472527472527,58.0,0.3186813186813186,16.0,314.0,24.0,5.240881376707804,5.508771929824562,5.508771929824562,57.0,1,14.0,0.45423899897098,1,31.0,0.0399701546859519,0,0.0,1.0,1,61.0,0.1685314945950549,4,63.0,0.0057407106018955,1,1.0,0.4933628033590093,1,8.0,0.4152166865501941,2,47.0,0.6601659317340866,0,0.0,0.0601504380466238,0,0.0,0.0469012446622947,0,8.0,0.5209315707741011,0,3.0,0.9498430548225156,0,26.0,0.3007466966481017,0,0.0,0.9110461335759004,0,3.0,0.3573809669557903,0,0.0,0.970529852161158,2,20.0,0.37707918629162,0,2.0,0.0801212163329898,3,27.0,0.0525534189254319,0,0.0,1.0,0.0,0.0,1.0
3520.0,21.0,189.0,1.05,9.626262726317163,180.0,1912.0,10.622222222222222,87.0,0.4833333333333333,20.0,324.0,10.0,5.391277647254693,6.0,6.0,54.0,2,31.0,0.0847501073075275,2,41.0,0.2256632625336778,0,0.0,1.0,5,89.0,0.1399631441931461,1,34.0,0.3952178370172262,0,0.0,1.0,2,17.0,0.0835513332540748,2,54.0,0.2833773189568203,1,7.0,0.0,0,0.0,0.4404687752078007,0,13.0,0.6971277679202822,0,0.0,0.7700281123656195,0,3.0,0.8301052467579931,0,0.0,1.0,0,0.0,0.7333085725549174,0,0.0,1.0,3,19.0,0.3639154073170434,2,7.0,0.0004306113325308,0,9.0,0.1912724451697248,0,0.0,1.0,0.0,0.0,1.0
3528.0,18.0,175.0,0.9776536312849162,10.35383768976478,179.0,2023.0,11.30167597765363,111.0,0.6201117318435754,16.0,288.0,0.0,7.288176923761424,6.260869565217392,6.260869565217392,46.0,4,58.0,6.586536918760677e-06,3,25.0,0.3402289083528657,0,0.0,1.0,0,44.0,0.6632116045128781,2,31.0,0.4420792975378848,0,0.0,1.0,1,13.0,0.0,2,76.0,0.5435143245135678,0,0.0,1.0,0,0.0,1.0,0,7.0,0.6306320174100271,0,0.0,1.0,0,5.0,0.886442802488764,0,0.0,1.0,0,0.0,0.9380307059350804,0,0.0,1.0,2,8.0,0.0004886401022662,0,0.0,1.0,2,18.0,1.0315708474298191e-05,0,0.0,1.0,0.0,3.0,0.9690521946098378
3536.0,21.0,247.0,1.3722222222222222,9.951840233505065,180.0,2135.0,11.86111111111111,112.0,0.6222222222222222,18.0,352.0,64.0,7.01789421397655,6.6415094339622645,6.6415094339622645,53.0,1,48.0,0.1493744950147028,5,47.0,0.0001430691227076,0,0.0,1.0,3,52.0,0.3183442870983758,4,75.0,0.5066927331841063,0,4.0,0.7559071469533856,0,3.0,0.9581465029272878,3,94.0,0.3492954204598035,0,0.0,1.0,0,0.0,0.9918460785288252,0,3.0,0.7443993395021337,0,4.0,0.2426250831958637,0,0.0,0.920299791055756,0,0.0,0.9834976850380432,0,4.0,0.4182226015854485,0,3.0,0.9728378174653556,0,1.0,0.8318876542128026,1,7.0,0.3349391703763797,0,0.0,0.6847744688812415,0,0.0,1.0,1.0,7.0,0.4682395219347225
3544.0,20.0,141.0,0.7580645161290323,9.63555741421794,186.0,2302.0,12.376344086021506,167.0,0.8978494623655914,19.0,293.0,0.0,5.823588419646799,5.86,5.86,50.0,2,60.0,2.275889916961209e-05,0,13.0,0.2437802424449291,0,6.0,0.7706122647271156,5,49.0,0.0011365707383438,1,53.0,0.673828765877006,1,6.0,0.0001712628632721,0,0.0,1.0,0,51.0,0.6159513448173413,0,0.0,1.0,0,0.0,0.949412027997384,0,0.0,0.3377303793271401,0,0.0,1.0,0,0.0,0.5873916665064461,0,0.0,0.7812433551007238,5,27.0,0.1401531925261723,0,0.0,0.935768929025012,2,6.0,0.3331458168637506,2,17.0,0.0001843993708909,1,5.0,0.0,0,0.0,1.0,0.0,0.0,1.0
3552.0,25.0,186.0,1.0054054054054054,9.558868696716914,185.0,2205.0,11.91891891891892,0.0,0.0,23.0,346.0,53.0,4.608391188597914,7.361702127659575,7.361702127659575,47.0,1,51.0,0.0,1,18.0,0.2194241674207705,1,4.0,5.077580267700712e-05,2,49.0,0.0054278395302246,4,72.0,0.2851620575525648,0,0.0,0.9625074262788716,0,3.0,0.5911004825737914,2,62.0,0.2146039747954466,1,1.0,0.0015821469388066,0,0.0,1.0,0,0.0,1.0,0,0.0,1.0,0,0.0,0.7662419167637328,2,6.0,0.0005592463823198,7,75.0,0.3784485931580054,0,0.0,1.0,2,5.0,0.254868355019024,0,0.0,1.0,0,0.0,1.0,0,0.0,1.0,0.0,0.0,1.0
3560.0,23.0,256.0,1.3763440860215057,9.772971096008424,186.0,2293.0,12.327956989247312,88.0,0.4731182795698925,19.0,432.0,86.0,5.955428218725486,7.578947368421052,7.578947368421052,57.0,1,59.0,0.6140914064127351,0,3.0,0.5527764930629088,0,3.0,0.6618789143187873,0,35.0,0.0907180242382389,10,142.0,0.1518616865404767,0,0.0,0.723439747800104,1,12.0,0.4935591228195636,2,72.0,0.3229578290080898,0,0.0,1.0,0,0.0,1.0,0,0.0,0.9798736017397276,0,0.0,1.0,0,8.0,0.6174793964735709,2,22.0,0.2232667883356223,2,67.0,0.3634785081720604,0,3.0,0.9985685154813644,1,6.0,0.4308516976517526,0,0.0,1.0,0,0.0,1.0,0,0.0,1.0,0.0,0.0,1.0
3568.0,23.0,290.0,1.5425531914893618,9.548531183589498,188.0,2413.0,12.835106382978724,120.0,0.6382978723404256,20.0,500.0,68.0,5.343175139739445,9.25925925925926,9.25925925925926,54.0,1,67.0,0.0043064247324919,2,11.0,0.4547710931051492,0,0.0,1.0,3,55.0,0.384755967220004,8,166.0,0.2182556166421855,1,5.0,0.6446764094899886,0,6.0,0.6385062675741452,2,88.0,0.0,0,0.0,1.0,0,0.0,0.7457190281507771,0,0.0,0.5153434306298558,0,3.0,0.9997508979745304,0,0.0,1.0,0,0.0,1.0,2,95.0,0.3163901862544999,0,0.0,1.0,1,2.0,0.0003847851100404,0,0.0,0.5265514965100863,0,2.0,0.6590354361622062,0,0.0,1.0,0.0,0.0,1.0
3576.0,22.0,73.0,0.3862433862433862,9.602331572080566,189.0,2288.0,12.105820105820106,0.0,0.0,17.0,289.0,0.0,5.686038119866389,5.351851851851852,5.351851851851852,54.0,1,1.0,0.0334343561780886,4,29.0,0.2364579424310091,0,0.0,0.0754211996625793,1,13.0,0.618576218780689,5,122.0,0.2654473704937893,1,4.0,3.471754114777944e-05,1,5.0,0.4712581670083017,0,24.0,0.5822151885780554,0,0.0,1.0,0,0.0,0.6385421058086547,0,5.0,0.8999293332408591,0,0.0,0.946762796182274,0,0.0,1.0,0,0.0,1.0,4,80.0,0.3053248681833996,0,3.0,0.9856846233657665,0,0.0,1.0,0,0.0,1.0,0,0.0,1.0,0,3.0,0.5885825201161929,0.0,0.0,1.0
3584.0,24.0,124.0,0.6492146596858639,9.222339319844924,191.0,2337.0,12.235602094240836,49.0,0.256544502617801,24.0,394.0,105.0,3.952400991930432,7.035714285714286,7.035714285714286,56.0,3,19.0,0.2371773320473263,2,12.0,0.1827279880593574,0,0.0,1.0,1,21.0,0.3253213500977652,8,168.0,0.1440645312741534,0,0.0,0.7452128043935216,1,6.0,0.20426506598431,2,52.0,0.3143555546637799,0,0.0,1.0,1,3.0,9.767130795070828e-05,0,0.0,1.0,1,4.0,0.0119278809223982,0,1.0,0.8797938776365127,0,0.0,0.5161894543859613,4,103.0,0.2482312788836995,0,3.0,0.9461042340132448,1,1.0,0.0024881543416934,0,0.0,1.0,0,0.0,1.0,0,1.0,0.7033752525554982,0.0,0.0,1.0
3592.0,21.0,147.0,0.7616580310880829,9.546109089164,193.0,2447.0,12.678756476683938,110.0,0.5699481865284974,20.0,367.0,0.0,4.439802371739603,6.796296296296297,6.796296296296297,54.0,0,14.0,0.425904209767212,2,20.0,0.1045291920468794,1,7.0,0.0013561738410182,1,26.0,0.0,8,177.0,0.1255499849462309,0,0.0,0.7109596567757026,2,24.0,0.5179766055214085,0,0.0,0.8071857506873162,0,0.0,1.0,1,5.0,0.0054078839197309,0,0.0,1.0,1,9.0,0.0,0,1.0,0.8573404136495753,0,0.0,1.0,3,76.0,0.2293280007291082,0,0.0,1.0,0,0.0,1.0,0,0.0,0.9423570958622844,0,3.0,0.8502843558099945,1,5.0,9.50933414798739e-06,0.0,0.0,1.0
3600.0,24.0,154.0,0.8279569892473119,9.4540912116609,186.0,2443.0,13.134408602150538,0.0,0.0,21.0,337.0,0.0,4.441435828086129,7.659090909090909,7.659090909090909,44.0,0,3.0,0.962936720874045,1,26.0,0.2669983438304655,0,0.0,1.0,1,36.0,0.6368934304427735,7,132.0,0.2299786198357666,0,0.0,1.0,3,22.0,0.0710177223548901,0,0.0,1.0,0,0.0,1.0,0,0.0,1.0,0,0.0,0.3937440248021651,1,17.0,0.0,0,0.0,1.0,0,0.0,0.7773527117190023,6,92.0,0.146257058930798,0,0.0,1.0,0,3.0,0.4892126182329939,2,6.0,0.162428357249742,0,0.0,0.6580669031160102,0,0.0,1.0,0.0,0.0,0.945073509475346
3600.0,21.0,124.0,0.6888888888888889,9.82945339600865,180.0,1792.0,9.955555555555556,74.0,0.4111111111111111,15.0,233.0,0.0,5.397006958720103,6.131578947368421,6.131578947368421,38.0,2,22.0,0.3273270806719945,2,18.0,0.1756917161897531,2,9.0,0.0006395320679107,2,37.0,0.5458643420082201,1,48.0,0.146724573834475,1,3.0,0.0002059232728274,1,29.0,0.4388316161235225,0,0.0,1.0,0,0.0,1.0,0,0.0,1.0,0,0.0,0.0317918918582698,2,17.0,0.0,0,0.0,0.9469341221840536,0,0.0,0.8376122312590232,0,0.0,0.9617576031965454,0,0.0,1.0,0,0.0,0.6869912017826264,0,37.0,0.1038434202417444,1,9.0,0.0,0,0.0,1.0,1.0,4.0,0.6477975119744972
