step,system_total_stopped,system_total_waiting_time,system_mean_waiting_time,system_mean_speed,system_cars_present,system_accumulated_waiting_time (100),system_accumulated_mean_waiting_time (100),system_accumulated_waiting_time (delta),system_accumulated_mean_waiting_time (delta),agents_total_stopped,agents_total_accumulated_waiting_time (100),agents_total_accumulated_waiting_time (delta),agents_mean_speed,agents_mean_waiting_time (100),agents_mean_waiting_time (delta),agents_cars_present,Col8_1_stopped,Col8_1_accumulated_waiting_time,Col8_1_average_speed,Col8_2_stopped,Col8_2_accumulated_waiting_time,Col8_2_average_speed,Col8_3_stopped,Col8_3_accumulated_waiting_time,Col8_3_average_speed,Col8_4_stopped,Col8_4_accumulated_waiting_time,Col8_4_average_speed,Col8_5_stopped,Col8_5_accumulated_waiting_time,Col8_5_average_speed,Col8_6_stopped,Col8_6_accumulated_waiting_time,Col8_6_average_speed,Col8_7_stopped,Col8_7_accumulated_waiting_time,Col8_7_average_speed,Col8_8_stopped,Col8_8_accumulated_waiting_time,Col8_8_average_speed
8.0,1.0,1.0,0.1428571428571428,6.935427637650408,7.0,1.0,0.1428571428571428,1.0,0.1428571428571428,0.0,0.0,0.0,9.58373626219538,0.0,0.0,4.0,0.0,0.0,1.0,0.0,0.0,0.9747362870124042,0.0,0.0,0.5613217849164936,0.0,0.0,0.9730829268395702,0.0,0.0,1.0,0.0,0.0,1.0,0.0,0.0,1.0,0.0,0.0,1.0
16.0,1.0,1.0,0.0714285714285714,9.118018483899032,14.0,2.0,0.1428571428571428,1.0,0.0714285714285714,1.0,2.0,2.0,9.38447227265393,0.25,0.25,8.0,0.0,0.0,1.0,1.0,1.0,0.4058697878285949,0.0,0.0,0.6975508425041043,0.0,1.0,0.960403044182212,0.0,0.0,1.0,0.0,0.0,1.0,0.0,0.0,1.0,0.0,0.0,1.0
24.0,1.0,4.0,0.2,8.165394950014633,20.0,9.0,0.45,7.0,0.35,1.0,8.0,6.0,7.872956536983955,0.5333333333333333,0.5333333333333333,15.0,0.0,3.0,0.4173252991992205,0.0,0.0,0.6044487403637576,0.0,0.0,0.7262880127585689,1.0,5.0,0.1900155210930402,0.0,0.0,1.0,0.0,0.0,1.0,0.0,0.0,1.0,0.0,0.0,1.0
32.0,3.0,14.0,0.56,7.973669275026886,25.0,32.0,1.28,23.0,0.92,3.0,19.0,11.0,7.828576017355364,0.95,0.95,20.0,0.0,3.0,0.7292215498482022,1.0,5.0,0.4358223567186167,2.0,9.0,0.5658333016080581,0.0,2.0,0.2502272143519762,0.0,0.0,1.0,0.0,0.0,1.0,0.0,0.0,0.8976478809477064,0.0,0.0,1.0
40.0,2.0,4.0,0.1176470588235294,8.533521144830122,34.0,52.0,1.5294117647058822,20.0,0.5882352941176471,2.0,10.0,0.0,8.203080362922742,0.4347826086956521,0.4347826086956521,23.0,0.0,0.0,0.9223074028651626,2.0,4.0,0.6538815441207444,0.0,6.0,0.5461963274375371,0.0,0.0,1.0,0.0,0.0,1.0,0.0,0.0,1.0,0.0,0.0,1.0,0.0,0.0,1.0
48.0,4.0,20.0,0.5128205128205128,8.362402682703163,39.0,64.0,1.641025641025641,12.0,0.3076923076923077,4.0,20.0,10.0,7.119035080023517,0.8695652173913043,0.8695652173913043,23.0,0.0,0.0,0.9742090127445258,4.0,20.0,0.4956097244275143,0.0,0.0,0.645713061408436,0.0,0.0,1.0,0.0,0.0,1.0,0.0,0.0,1.0,0.0,0.0,1.0,0.0,0.0,1.0
56.0,5.0,21.0,0.4883720930232558,7.561686576713817,43.0,92.0,2.13953488372093,28.0,0.6511627906976745,4.0,32.0,12.0,5.835958274494874,1.391304347826087,1.391304347826087,23.0,0.0,0.0,0.5677002133837274,4.0,32.0,0.3627174159874309,0.0,0.0,0.8665792531162839,0.0,0.0,0.946421237543218,0.0,0.0,1.0,0.0,0.0,1.0,0.0,0.0,1.0,0.0,0.0,1.0
64.0,7.0,71.0,1.5106382978723405,8.060650992318614,47.0,126.0,2.6808510638297878,34.0,0.723404255319149,7.0,74.0,42.0,6.482137180758229,2.96,2.96,25.0,1.0,6.0,0.2254426346223445,6.0,65.0,0.5089565374386034,0.0,3.0,0.9207332393208048,0.0,0.0,0.887185793162763,0.0,0.0,1.0,0.0,0.0,0.7047960467745691,0.0,0.0,1.0,0.0,0.0,1.0
72.0,13.0,130.0,2.888888888888889,6.125763702266789,45.0,184.0,4.088888888888889,58.0,1.288888888888889,12.0,141.0,67.0,4.056092932204683,5.423076923076923,5.423076923076923,26.0,0.0,0.0,0.8317786259608168,11.0,130.0,0.2775865596100468,0.0,3.0,0.4716862691343078,0.0,0.0,0.4334128307077893,0.0,0.0,1.0,1.0,8.0,0.4559706500117201,0.0,0.0,1.0,0.0,0.0,1.0
80.0,14.0,223.0,4.645833333333333,6.235327171392463,48.0,286.0,5.958333333333333,102.0,2.125,14.0,245.0,104.0,4.815785540081839,7.424242424242424,7.424242424242424,33.0,1.0,4.0,0.5423405462122087,11.0,217.0,0.3414609501716244,0.0,3.0,0.8507848271403433,0.0,0.0,0.7106037079790607,0.0,0.0,1.0,2.0,21.0,0.2750497362943205,0.0,0.0,1.0,0.0,0.0,1.0
96.0,7.0,57.0,1.2127659574468086,7.786760696298463,47.0,464.0,9.872340425531917,66.0,1.4042553191489362,7.0,196.0,0.0,6.249846398860784,7.538461538461538,7.538461538461538,26.0,0.0,14.0,0.9421934775344418,4.0,113.0,0.4422414075418928,0.0,3.0,0.9530922850292994,3.0,38.0,0.2187106998416137,0.0,0.0,1.0,0.0,28.0,0.3321480310318984,0.0,0.0,1.0,0.0,0.0,1.0
104.0,3.0,6.0,0.1224489795918367,9.123478558884152,49.0,473.0,9.653061224489797,9.0,0.1836734693877551,2.0,58.0,0.0,8.643013053557473,3.0526315789473686,3.0526315789473686,19.0,0.0,7.0,0.9115669298188048,1.0,27.0,0.6630644048795521,1.0,4.0,0.6185629559854213,0.0,18.0,0.7057759743527322,0.0,2.0,0.9469723309198568,0.0,0.0,1.0,0.0,0.0,0.9303283073985796,0.0,0.0,1.0
112.0,4.0,23.0,0.5227272727272727,8.682785530250149,44.0,390.0,8.863636363636363,0.0,0.0,3.0,50.0,0.0,6.975701605097008,2.631578947368421,2.631578947368421,19.0,1.0,22.0,0.6531464718882803,1.0,17.0,0.5517830131123596,0.0,3.0,0.8924319886957195,1.0,8.0,0.0,0.0,0.0,0.9374320432284328,0.0,0.0,0.9399920847377754,0.0,0.0,0.9649649833346714,0.0,0.0,1.0
120.0,2.0,28.0,0.6222222222222222,8.844726590250234,45.0,388.0,8.622222222222222,0.0,0.0,2.0,47.0,0.0,7.966758306390734,1.88,1.88,25.0,0.0,11.0,0.8320913832200336,2.0,33.0,0.6078958323975936,0.0,3.0,0.7391758105638908,0.0,0.0,0.5514425696137444,0.0,0.0,1.0,0.0,0.0,0.9749296770683052,0.0,0.0,0.9173892288023534,0.0,0.0,1.0
128.0,4.0,18.0,0.3829787234042553,7.970833526789436,47.0,369.0,7.851063829787234,0.0,0.0,3.0,27.0,0.0,6.376165047051331,1.2272727272727273,1.2272727272727273,22.0,0.0,3.0,0.8938441580579997,0.0,4.0,0.4879198979848664,1.0,8.0,0.510813914052547,1.0,8.0,0.3592343835293317,0.0,0.0,1.0,1.0,4.0,0.0002513207420237,0.0,0.0,0.3215998150977492,0.0,0.0,1.0
136.0,5.0,36.0,0.75,9.790422937951137,48.0,386.0,8.041666666666666,17.0,0.3541666666666667,5.0,45.0,18.0,9.02539246704181,2.142857142857143,2.142857142857143,21.0,1.0,5.0,0.8246037233203436,0.0,1.0,0.8026979535241012,3.0,27.0,0.3554313123197536,0.0,0.0,1.0,0.0,0.0,1.0,1.0,12.0,1.3005190097911206e-05,0.0,0.0,1.0,0.0,0.0,0.9632672952404714
144.0,5.0,44.0,0.9777777777777776,8.853440738094724,45.0,322.0,7.155555555555556,0.0,0.0,4.0,50.0,5.0,7.792135700563918,2.5,2.5,20.0,0.0,5.0,0.6953954852940101,2.0,12.0,0.4854701679713965,2.0,33.0,0.4049869884163506,0.0,0.0,1.0,0.0,0.0,1.0,0.0,0.0,1.0,0.0,0.0,1.0,0.0,0.0,0.9331508915930806
152.0,2.0,3.0,0.0697674418604651,8.688211187729221,43.0,279.0,6.488372093023256,0.0,0.0,1.0,11.0,0.0,8.758546823171564,0.6111111111111112,0.6111111111111112,18.0,0.0,4.0,0.698723957737227,0.0,1.0,0.7228902889352267,0.0,2.0,0.7574882763920744,1.0,1.0,0.3660351062290654,0.0,0.0,0.9486505118874836,0.0,0.0,1.0,0.0,3.0,0.7942418502936153,0.0,0.0,1.0
160.0,6.0,25.0,0.6410256410256411,8.263763346152453,39.0,265.0,6.794871794871795,0.0,0.0,6.0,43.0,32.0,6.311763928483802,2.263157894736842,2.263157894736842,19.0,4.0,22.0,0.4785496341438562,0.0,8.0,0.7827460155883071,2.0,13.0,0.5471441945395332,0.0,0.0,0.3619537164976525,0.0,0.0,1.0,0.0,0.0,0.8812593908508265,0.0,0.0,1.0,0.0,0.0,1.0
168.0,6.0,44.0,1.375,7.588023843334584,32.0,246.0,7.6875,0.0,0.0,6.0,67.0,24.0,6.179506353777957,3.7222222222222223,3.7222222222222223,18.0,2.0,15.0,0.3642996905461163,0.0,12.0,0.8231845318861446,3.0,31.0,0.3769748216582137,0.0,0.0,1.0,0.0,0.0,1.0,1.0,9.0,0.5952964152365116,0.0,0.0,1.0,0.0,0.0,0.9321131085778368
176.0,9.0,83.0,2.3714285714285714,7.486705136625787,35.0,263.0,7.514285714285714,17.0,0.4857142857142857,8.0,109.0,42.0,5.553180165580341,6.055555555555555,6.055555555555555,18.0,2.0,13.0,0.3272531251933511,0.0,12.0,0.7882927655498154,3.0,55.0,0.3556655010353432,0.0,0.0,1.0,0.0,0.0,1.0,3.0,29.0,0.234603285007806,0.0,0.0,1.0,0.0,0.0,0.964233417985539
184.0,9.0,123.0,3.727272727272727,5.577361381782105,33.0,256.0,7.757575757575758,0.0,0.0,8.0,147.0,38.0,3.8990366966775474,7.0,7.0,21.0,1.0,0.0,0.4678219364131253,0.0,8.0,0.5691535309787858,3.0,81.0,0.3717920883685036,0.0,0.0,0.476725545005294,0.0,0.0,1.0,4.0,58.0,0.1283776059688953,0.0,0.0,1.0,0.0,0.0,1.0
192.0,7.0,123.0,3.5142857142857142,6.139652816047222,35.0,285.0,8.142857142857142,29.0,0.8285714285714286,7.0,172.0,25.0,4.180665035107691,9.052631578947368,9.052631578947368,19.0,0.0,0.0,0.9038665630381374,2.0,17.0,0.3438467092565789,4.0,112.0,0.2912095980811952,0.0,0.0,1.0,0.0,0.0,1.0,1.0,43.0,0.164107131760126,0.0,0.0,1.0,0.0,0.0,1.0
200.0,0.0,0.0,0.0,10.004682416775823,32.0,295.0,9.21875,10.0,0.3125,0.0,66.0,0.0,9.828943103350328,3.882352941176471,3.882352941176471,17.0,0.0,3.0,0.8666276985746828,0.0,7.0,0.9319700040515756,0.0,46.0,0.6338733710179908,0.0,0.0,1.0,0.0,0.0,1.0,0.0,3.0,0.9498960399019452,0.0,7.0,0.7764735675478138,0.0,0.0,1.0
208.0,3.0,12.0,0.3529411764705882,8.56891530836084,34.0,271.0,7.970588235294118,0.0,0.0,3.0,32.0,0.0,5.733694094826905,2.4615384615384617,2.4615384615384617,13.0,0.0,3.0,0.9295928348422796,0.0,7.0,0.5738560256326033,1.0,5.0,0.616098008902728,0.0,0.0,0.5464628432282371,0.0,0.0,1.0,1.0,7.0,0.0,1.0,10.0,0.0117414827875542,0.0,0.0,1.0
216.0,4.0,26.0,0.7027027027027027,8.2041792404928,37.0,284.0,7.675675675675675,13.0,0.3513513513513513,3.0,41.0,9.0,6.819141562514234,2.5625,2.5625,16.0,1.0,1.0,0.0034016201955998,0.0,7.0,0.7741563596288047,1.0,13.0,0.4841218258244859,0.0,0.0,0.9108641224343362,0.0,0.0,0.4977331749983912,1.0,16.0,0.3855274431354323,0.0,4.0,0.3159704358505383,0.0,0.0,1.0
224.0,3.0,17.0,0.4594594594594595,8.072180070636302,37.0,251.0,6.783783783783784,0.0,0.0,3.0,24.0,0.0,5.252304650157335,2.4,2.4,10.0,1.0,9.0,0.0,0.0,7.0,0.7209881595074525,0.0,0.0,1.0,1.0,4.0,4.900246798544696e-05,0.0,0.0,1.0,0.0,0.0,0.8986606718018968,1.0,4.0,0.0592522304971205,0.0,0.0,1.0
232.0,2.0,19.0,0.59375,8.93228777753891,32.0,173.0,5.40625,0.0,0.0,2.0,29.0,5.0,8.51093466734626,2.636363636363636,2.636363636363636,11.0,1.0,23.0,0.6306391294205409,1.0,2.0,0.4339200263538874,0.0,0.0,1.0,0.0,0.0,1.0,0.0,0.0,1.0,0.0,0.0,1.0,0.0,0.0,0.8441226577141541,0.0,4.0,0.9565793362947252
240.0,0.0,0.0,0.0,9.918018970089989,28.0,162.0,5.785714285714286,0.0,0.0,0.0,9.0,0.0,10.947392889299458,1.0,1.0,9.0,0.0,6.0,0.9635166974634128,0.0,0.0,0.9258804424891108,0.0,3.0,0.909437305714334,0.0,0.0,0.9962742503764852,0.0,0.0,1.0,0.0,0.0,0.9876588878116572,0.0,0.0,1.0,0.0,0.0,0.8703257600837966
272.0,5.0,48.0,1.411764705882353,8.121372376328873,34.0,185.0,5.441176470588236,39.0,1.1470588235294117,5.0,54.0,8.0,6.694678788502602,3.375,3.375,16.0,1.0,3.0,0.6165961596389792,1.0,12.0,0.554200519468975,0.0,3.0,0.915534417492052,3.0,36.0,0.0,0.0,0.0,1.0,0.0,0.0,0.9742592775863688,0.0,0.0,1.0,0.0,0.0,1.0
280.0,5.0,30.0,0.9090909090909092,8.026597852714364,33.0,160.0,4.848484848484849,0.0,0.0,4.0,47.0,0.0,7.146483096445016,3.357142857142857,3.357142857142857,14.0,2.0,12.0,0.6159437374567257,2.0,21.0,0.3621087016920855,0.0,3.0,0.8959022957865427,0.0,11.0,0.5419598899616441,0.0,0.0,0.5445956420386975,0.0,0.0,0.9384007913123376,0.0,0.0,1.0,0.0,0.0,1.0
288.0,7.0,70.0,2.413793103448276,7.274113737357929,29.0,176.0,6.068965517241379,16.0,0.5517241379310345,7.0,87.0,40.0,5.155272390147023,5.8,5.8,15.0,3.0,29.0,0.5154613148382012,2.0,37.0,0.3331934187805966,0.0,3.0,0.9994814254555002,1.0,16.0,0.4645744277520258,0.0,0.0,1.0,1.0,2.0,0.000513642582462,0.0,0.0,1.0,0.0,0.0,1.0
296.0,8.0,124.0,4.592592592592593,5.836567073590159,27.0,219.0,8.11111111111111,43.0,1.5925925925925926,8.0,141.0,54.0,4.472562339061345,7.421052631578948,7.421052631578948,19.0,4.0,59.0,0.2678448944037385,3.0,55.0,0.0006187586281434,0.0,3.0,0.9610169986086942,1.0,24.0,0.5198342717317181,0.0,0.0,0.2350013201725047,0.0,0.0,1.0,0.0,0.0,1.0,0.0,0.0,1.0
304.0,8.0,57.0,1.8387096774193548,5.682997389693754,31.0,294.0,9.483870967741936,75.0,2.419354838709677,7.0,73.0,0.0,3.864782910282893,4.866666666666666,4.866666666666666,15.0,5.0,52.0,0.0531405407233935,0.0,7.0,0.6837319408560005,2.0,14.0,0.4637929270326709,0.0,0.0,0.9656407460691868,0.0,0.0,0.3559598018218326,0.0,0.0,1.0,0.0,0.0,1.0,0.0,0.0,1.0
312.0,7.0,98.0,3.161290322580645,8.26729894311715,31.0,325.0,10.483870967741936,31.0,1.0,7.0,113.0,40.0,3.6597563299842495,10.272727272727272,10.272727272727272,11.0,5.0,88.0,0.1578901223784522,1.0,13.0,0.4765324813534703,1.0,12.0,0.2023662587600685,0.0,0.0,0.9274919366145704,0.0,0.0,1.0,0.0,0.0,1.0,0.0,0.0,1.0,0.0,0.0,1.0
320.0,7.0,154.0,6.16,6.644528455280206,25.0,212.0,8.48,0.0,0.0,7.0,164.0,51.0,3.693415285482292,11.714285714285714,11.714285714285714,14.0,5.0,128.0,0.2110393794058594,1.0,21.0,0.1298710091439374,1.0,15.0,0.4663230730271278,0.0,0.0,0.9209287314015684,0.0,0.0,1.0,0.0,0.0,1.0,0.0,0.0,1.0,0.0,0.0,1.0
328.0,3.0,27.0,1.0,7.840860735347963,27.0,251.0,9.296296296296296,39.0,1.4444444444444444,2.0,72.0,0.0,8.001662163586902,6.0,6.0,12.0,0.0,31.0,0.6319378805601554,1.0,29.0,0.4940942669976529,1.0,9.0,0.4596619507809226,0.0,3.0,0.9120114321283752,0.0,0.0,1.0,0.0,0.0,0.8472524294365931,0.0,0.0,1.0,0.0,0.0,1.0
336.0,2.0,33.0,1.1785714285714286,8.840233449531107,28.0,252.0,9.0,1.0,0.0357142857142857,2.0,43.0,0.0,5.608080183105604,4.777777777777778,4.777777777777778,9.0,0.0,0.0,0.5478659197275109,2.0,40.0,0.152719042377049,0.0,0.0,1.0,0.0,3.0,0.7932206604323295,0.0,0.0,1.0,0.0,0.0,1.0,0.0,0.0,1.0,0.0,0.0,1.0
344.0,3.0,18.0,0.6206896551724138,8.22610816489868,29.0,251.0,8.655172413793103,0.0,0.0,2.0,21.0,0.0,5.576388159155419,2.333333333333333,2.333333333333333,9.0,1.0,7.0,0.3562215477651974,1.0,14.0,0.64095644173549,0.0,0.0,1.0,0.0,0.0,0.2971472471693674,0.0,0.0,1.0,0.0,0.0,1.0,0.0,0.0,0.7113564276820599,0.0,0.0,1.0
352.0,3.0,8.0,0.2580645161290322,8.757934098137328,31.0,193.0,6.225806451612903,0.0,0.0,2.0,17.0,0.0,8.147872731508048,1.5454545454545454,1.5454545454545454,11.0,0.0,3.0,0.7216827875380041,1.0,5.0,0.6166092535166857,0.0,0.0,1.0,1.0,9.0,0.6291575635672583,0.0,0.0,1.0,0.0,0.0,1.0,0.0,0.0,1.0,0.0,0.0,1.0
360.0,4.0,4.0,0.1025641025641025,7.669036373689876,39.0,133.0,3.41025641025641,0.0,0.0,3.0,17.0,0.0,7.205966016893838,1.1333333333333333,1.1333333333333333,15.0,2.0,6.0,0.5817999575329585,0.0,3.0,0.8803572035406096,0.0,0.0,1.0,1.0,8.0,0.3918952800022616,0.0,0.0,1.0,0.0,0.0,1.0,0.0,0.0,1.0,0.0,0.0,1.0
368.0,2.0,15.0,0.3658536585365853,8.571436161658816,41.0,144.0,3.5121951219512195,11.0,0.2682926829268293,2.0,27.0,10.0,8.30587238232335,1.5,1.5,18.0,1.0,9.0,0.7088638614673333,0.0,3.0,0.7107729408472492,0.0,0.0,0.8344605531405357,1.0,15.0,0.4647036344664348,0.0,0.0,1.0,0.0,0.0,1.0,0.0,0.0,1.0,0.0,0.0,1.0
376.0,5.0,24.0,0.4897959183673469,7.775560766247362,49.0,160.0,3.26530612244898,16.0,0.3265306122448979,3.0,29.0,2.0,7.857580601655038,1.7058823529411764,1.7058823529411764,17.0,0.0,0.0,0.9487615706197978,1.0,6.0,0.7086011359827353,0.0,0.0,0.7266014820852117,1.0,23.0,0.4822371833041549,1.0,0.0,0.0,0.0,0.0,1.0,0.0,0.0,1.0,0.0,0.0,1.0
384.0,2.0,13.0,0.25,8.222110821284952,52.0,174.0,3.3461538461538463,14.0,0.2692307692307692,2.0,23.0,0.0,7.9154012516765775,1.15,1.15,20.0,0.0,0.0,0.8836247494953394,1.0,14.0,0.5932656234565956,0.0,3.0,0.7921889789332904,1.0,2.0,0.0005698904433897,0.0,0.0,0.3029625865342387,0.0,0.0,1.0,0.0,4.0,0.6720844764570749,0.0,0.0,1.0
392.0,7.0,35.0,0.660377358490566,7.329543737578458,53.0,209.0,3.943396226415094,35.0,0.660377358490566,7.0,41.0,18.0,5.676788852853133,1.8636363636363635,1.8636363636363635,22.0,2.0,10.0,0.2995500797387383,1.0,11.0,0.7031338573424734,3.0,17.0,0.3507996813453577,0.0,0.0,1.0,1.0,3.0,0.0001857233354847,0.0,0.0,1.0,0.0,0.0,0.9841157359488282,0.0,0.0,1.0
400.0,0.0,0.0,0.0,8.357096881285726,57.0,243.0,4.2631578947368425,34.0,0.5964912280701754,0.0,15.0,0.0,7.75963959583077,0.7894736842105263,0.7894736842105263,19.0,0.0,3.0,0.8247932159043274,0.0,3.0,0.6695728303526198,0.0,9.0,0.4439479636616686,0.0,0.0,1.0,0.0,0.0,1.0,0.0,0.0,1.0,0.0,0.0,0.7792617172608334,0.0,0.0,1.0
408.0,2.0,4.0,0.0689655172413793,8.557229287315014,58.0,226.0,3.896551724137931,0.0,0.0,1.0,16.0,1.0,9.250993012775076,0.6666666666666666,0.6666666666666666,24.0,0.0,6.0,0.8793474324115811,1.0,7.0,0.7851843265461338,0.0,3.0,0.9624687431535378,0.0,0.0,0.9853099845431164,0.0,0.0,0.643808309548458,0.0,0.0,0.6572274158768806,0.0,0.0,1.0,0.0,0.0,1.0
416.0,9.0,18.0,0.2903225806451613,7.070172460524153,62.0,217.0,3.5,0.0,0.0,8.0,38.0,22.0,6.191200196829623,1.4615384615384617,1.4615384615384617,26.0,1.0,8.0,0.5641277837414828,4.0,16.0,0.6144486662571903,0.0,6.0,0.828301167050021,2.0,5.0,0.315861874532657,0.0,0.0,1.0,1.0,3.0,0.5811798683464983,0.0,0.0,1.0,0.0,0.0,1.0
424.0,10.0,68.0,1.1147540983606556,6.870267842356746,61.0,271.0,4.442622950819672,54.0,0.8852459016393442,10.0,85.0,47.0,5.046574773098275,2.833333333333333,2.833333333333333,30.0,1.0,7.0,0.4704352241823489,5.0,49.0,0.587304298563673,0.0,3.0,0.7355593851480475,4.0,26.0,0.2297993041055613,0.0,0.0,1.0,0.0,0.0,0.5775478887240747,0.0,0.0,0.1249073875489723,0.0,0.0,1.0
432.0,9.0,76.0,1.2666666666666666,6.582890995259382,60.0,341.0,5.683333333333334,70.0,1.1666666666666667,9.0,120.0,35.0,4.77560304623252,3.870967741935484,3.870967741935484,31.0,1.0,18.0,0.5185805787095696,2.0,46.0,0.6867858764649875,0.0,3.0,0.9010317579207188,2.0,29.0,0.1766745353525403,0.0,0.0,0.1596536231394779,3.0,15.0,0.0001328872817162,1.0,9.0,0.1916028915129823,0.0,0.0,1.0
440.0,7.0,70.0,1.1666666666666667,7.290514784825931,60.0,396.0,6.6,55.0,0.9166666666666666,7.0,105.0,0.0,6.304076206583972,3.6206896551724137,3.6206896551724137,29.0,0.0,13.0,0.9053016640246856,1.0,15.0,0.695183412056112,0.0,3.0,0.5872007479179232,1.0,13.0,0.3968209442257606,0.0,0.0,1.0,3.0,39.0,0.0,2.0,22.0,0.0,0.0,0.0,1.0
448.0,9.0,63.0,1.0,7.0435399734615824,63.0,442.0,7.015873015873016,46.0,0.7301587301587301,8.0,115.0,10.0,5.769279990664969,3.484848484848485,3.484848484848485,33.0,1.0,18.0,0.6938970497969938,2.0,29.0,0.6896893463132052,0.0,3.0,0.8758008814850532,3.0,11.0,0.2473953559255108,0.0,0.0,1.0,0.0,16.0,0.6734926208777282,2.0,38.0,0.0,0.0,0.0,1.0
456.0,7.0,63.0,0.984375,7.913839935102678,64.0,459.0,7.171875,17.0,0.265625,7.0,98.0,0.0,6.33724353170685,3.3793103448275863,3.3793103448275863,29.0,0.0,13.0,0.6202735802462804,3.0,35.0,0.675116325492303,0.0,3.0,0.9995037030789912,4.0,40.0,0.1938556633483074,0.0,0.0,1.0,0.0,0.0,1.0,0.0,7.0,0.9768161353682332,0.0,0.0,1.0
464.0,3.0,16.0,0.2580645161290322,8.368350264933163,62.0,490.0,7.903225806451613,31.0,0.5,3.0,72.0,0.0,7.171905597175134,2.571428571428572,2.571428571428572,28.0,2.0,27.0,0.4758642109502491,1.0,13.0,0.6469423993558565,0.0,3.0,0.895319751028231,0.0,26.0,0.5764546085975595,0.0,0.0,1.0,0.0,3.0,0.8310424174237915,0.0,0.0,0.9228994083083348,0.0,0.0,1.0
472.0,12.0,67.0,1.0806451612903225,6.863985769039736,62.0,524.0,8.451612903225806,34.0,0.5483870967741935,12.0,125.0,53.0,4.880823375257419,4.032258064516129,4.032258064516129,31.0,3.0,49.0,0.504628174956592,4.0,29.0,0.5361507560227452,0.0,0.0,0.451991170947597,3.0,35.0,0.0048324454644234,0.0,0.0,1.0,1.0,8.0,0.0,1.0,4.0,0.0,0.0,0.0,0.9207322652126982
480.0,8.0,48.0,0.7741935483870968,6.826186375267957,62.0,565.0,9.112903225806452,41.0,0.6612903225806451,6.0,107.0,0.0,5.463295259396328,3.566666666666667,3.566666666666667,30.0,0.0,10.0,0.6142253799312236,1.0,15.0,0.5070156694119745,1.0,9.0,0.6456429338583255,4.0,67.0,0.1505308920332883,0.0,0.0,1.0,0.0,3.0,0.8921903602852744,0.0,3.0,0.950503837348878,0.0,0.0,0.8946608515858898
488.0,9.0,36.0,0.5538461538461539,7.073991650267248,65.0,549.0,8.446153846153846,0.0,0.0,9.0,104.0,0.0,5.739207585397677,2.9714285714285715,2.9714285714285715,35.0,2.0,29.0,0.6854594362593317,6.0,30.0,0.3309609295223947,0.0,3.0,0.865978762044478,1.0,38.0,0.1538776874774869,0.0,0.0,1.0,0.0,4.0,0.7605205171472582,0.0,0.0,1.0,0.0,0.0,1.0
496.0,5.0,11.0,0.1571428571428571,7.87018861512325,70.0,499.0,7.128571428571429,0.0,0.0,5.0,60.0,0.0,6.9561203572297545,1.6216216216216215,1.6216216216216215,37.0,0.0,21.0,0.7980230389273558,2.0,23.0,0.6179618691335055,0.0,3.0,0.8867809033717705,0.0,0.0,0.4445690719955475,0.0,0.0,1.0,3.0,13.0,0.0422512915054268,0.0,0.0,0.9688265388630508,0.0,0.0,1.0
504.0,14.0,68.0,1.0,6.6325845793783245,68.0,491.0,7.220588235294118,0.0,0.0,14.0,115.0,55.0,4.2267647064227,3.2857142857142856,3.2857142857142856,35.0,2.0,14.0,0.5359340569711496,4.0,32.0,0.3537248342872487,0.0,3.0,0.8625890938005839,3.0,9.0,0.1889659752698897,0.0,0.0,1.0,5.0,57.0,0.1371134727890303,0.0,0.0,1.0,0.0,0.0,1.0
512.0,8.0,39.0,0.5735294117647058,7.200609376001097,68.0,559.0,8.220588235294118,68.0,1.0,7.0,130.0,15.0,5.944521903769455,4.0625,4.0625,32.0,2.0,29.0,0.6298219772843089,1.0,9.0,0.5589814996666946,0.0,3.0,0.906598430401762,2.0,30.0,0.1168895298379696,0.0,0.0,1.0,2.0,59.0,0.164273389019299,0.0,0.0,1.0,0.0,0.0,1.0
520.0,9.0,50.0,0.7142857142857143,8.047184496545189,70.0,563.0,8.042857142857143,4.0,0.0571428571428571,8.0,93.0,0.0,6.502734730511741,3.1,3.1,30.0,3.0,39.0,0.5167589727301597,3.0,28.0,0.4683194141731531,1.0,4.0,0.497968727492295,1.0,13.0,0.5320445479411452,0.0,0.0,1.0,0.0,9.0,0.9011086681858402,0.0,0.0,0.9452124427415952,0.0,0.0,1.0
528.0,10.0,95.0,1.637931034482759,7.221466877641675,58.0,506.0,8.724137931034482,0.0,0.0,10.0,144.0,51.0,4.687908955422869,5.333333333333333,5.333333333333333,27.0,7.0,85.0,0.3239652800926321,1.0,19.0,0.4083502278717061,0.0,3.0,0.8813276309650601,1.0,21.0,0.3504516101666097,0.0,0.0,1.0,1.0,16.0,0.573843915779109,0.0,0.0,0.5902416461613338,0.0,0.0,1.0
536.0,3.0,24.0,0.4,8.23301573288013,60.0,527.0,8.783333333333333,21.0,0.35,2.0,96.0,0.0,7.332474693100593,3.4285714285714284,3.4285714285714284,28.0,0.0,61.0,0.6676388152027596,1.0,27.0,0.5261227805662524,0.0,3.0,0.907767841827294,1.0,1.0,0.458081181109968,0.0,0.0,1.0,0.0,4.0,0.8081077354422012,0.0,0.0,0.4770392302460811,0.0,0.0,1.0
544.0,5.0,49.0,0.8305084745762712,9.166114850724291,59.0,535.0,9.067796610169491,8.0,0.135593220338983,5.0,63.0,0.0,7.116916539443055,2.739130434782609,2.739130434782609,23.0,1.0,10.0,0.7125858752162519,2.0,36.0,0.588220050975914,0.0,3.0,0.9124522401299184,1.0,9.0,0.1045491185695105,0.0,0.0,1.0,0.0,0.0,0.858702393413394,1.0,5.0,0.0,0.0,0.0,1.0
552.0,8.0,53.0,0.9814814814814816,8.484642816059932,54.0,345.0,6.388888888888889,0.0,0.0,7.0,69.0,6.0,7.530452782053794,2.3,2.3,30.0,5.0,17.0,0.5047691570508283,2.0,46.0,0.4332287278594554,0.0,3.0,0.8112291843787934,0.0,0.0,0.9241165976150214,0.0,0.0,1.0,0.0,3.0,0.8951678798280965,0.0,0.0,0.9292542401417644,0.0,0.0,0.957488567804904
560.0,9.0,54.0,0.9473684210526316,7.856912193316693,57.0,294.0,5.157894736842105,0.0,0.0,7.0,71.0,2.0,7.874325502421728,1.9722222222222223,1.9722222222222223,36.0,5.0,60.0,0.6456826588151197,0.0,3.0,0.5770868353123567,0.0,3.0,0.8102399618698879,1.0,1.0,0.3060540840565845,0.0,0.0,0.2992138912337949,0.0,0.0,0.9390057279282746,1.0,4.0,0.0121702616710988,0.0,0.0,0.9225227594364352
568.0,6.0,14.0,0.21875,7.786253853859734,64.0,323.0,5.046875,29.0,0.453125,5.0,38.0,0.0,6.982890995622382,1.1875,1.1875,32.0,1.0,22.0,0.6113418599474736,1.0,0.0,0.4193645964076398,1.0,8.0,0.0,1.0,2.0,0.4894952107694345,0.0,0.0,1.0,1.0,6.0,0.3060493272803876,0.0,0.0,1.0,0.0,0.0,1.0
576.0,12.0,55.0,0.9016393442622952,7.694806967795862,61.0,363.0,5.950819672131147,40.0,0.6557377049180327,12.0,89.0,51.0,5.5991165196659365,2.966666666666667,2.966666666666667,30.0,6.0,45.0,0.4249857919172766,4.0,18.0,0.362277152948034,0.0,2.0,0.9700764529331763,2.0,15.0,0.0,0.0,0.0,1.0,0.0,9.0,0.6543129477857222,0.0,0.0,1.0,0.0,0.0,1.0
584.0,5.0,24.0,0.4285714285714285,8.0643916622661,56.0,366.0,6.535714285714286,3.0,0.0535714285714285,5.0,60.0,0.0,6.69024618341348,2.3076923076923075,2.3076923076923075,26.0,5.0,54.0,0.3890873858971043,0.0,3.0,0.4754629729687051,0.0,0.0,1.0,0.0,0.0,0.9927842722916932,0.0,0.0,1.0,0.0,0.0,0.9261173943699568,0.0,3.0,0.8019987805510993,0.0,0.0,1.0
592.0,7.0,25.0,0.4716981132075472,8.16982572915729,53.0,402.0,7.584905660377358,36.0,0.6792452830188679,7.0,89.0,29.0,6.639365688405182,3.1785714285714284,3.1785714285714284,28.0,4.0,80.0,0.436403880137352,0.0,0.0,0.9210740598480748,0.0,0.0,0.9374009051924008,0.0,0.0,0.7821072593846233,0.0,0.0,1.0,0.0,0.0,0.9515167666812274,3.0,9.0,0.2056586236568927,0.0,0.0,1.0
600.0,7.0,34.0,0.7391304347826086,7.41610545572669,46.0,336.0,7.304347826086956,0.0,0.0,7.0,104.0,15.0,6.120528276024426,4.0,4.0,26.0,4.0,88.0,0.4973848040454196,1.0,0.0,0.4420529641833648,0.0,0.0,0.9506387744564868,0.0,0.0,0.6934109458960926,0.0,0.0,1.0,1.0,4.0,0.4278994511891799,1.0,12.0,0.2110180718634816,0.0,0.0,1.0
608.0,9.0,61.0,1.3555555555555556,7.563227304935053,45.0,372.0,8.266666666666667,36.0,0.8,9.0,128.0,24.0,5.695434763187355,5.565217391304348,5.565217391304348,23.0,6.0,96.0,0.3834508321334379,0.0,0.0,0.6162759571755828,0.0,0.0,0.9396706754824588,0.0,0.0,0.9877331950426624,0.0,0.0,1.0,2.0,15.0,0.0005224684180566,1.0,17.0,0.0,0.0,0.0,1.0
616.0,12.0,91.0,1.82,7.134117131145058,50.0,410.0,8.2,38.0,0.76,12.0,117.0,0.0,5.286538318580999,4.5,4.5,26.0,8.0,83.0,0.3778622770725628,2.0,3.0,0.4854372963875284,0.0,0.0,0.9824225810064676,0.0,0.0,1.0,0.0,0.0,1.0,2.0,31.0,0.0,0.0,0.0,1.0,0.0,0.0,1.0
624.0,10.0,166.0,3.5319148936170213,7.689462238300287,47.0,378.0,8.042553191489361,0.0,0.0,10.0,189.0,72.0,6.900051621159228,6.517241379310345,6.517241379310345,29.0,8.0,139.0,0.4950682194040007,0.0,0.0,0.5652656696433471,0.0,0.0,0.822340540973503,0.0,0.0,1.0,0.0,0.0,1.0,2.0,50.0,0.4792813562088199,0.0,0.0,1.0,0.0,0.0,1.0
632.0,3.0,1.0,0.0212765957446808,8.724845837481665,47.0,307.0,6.531914893617022,0.0,0.0,2.0,81.0,0.0,9.320765248777558,2.7,2.7,30.0,1.0,77.0,0.7171963772190025,0.0,0.0,0.6379788521497517,0.0,0.0,0.8777443889561476,0.0,0.0,1.0,0.0,0.0,1.0,1.0,4.0,0.2946925266448007,0.0,0.0,1.0,0.0,0.0,1.0
640.0,6.0,19.0,0.3584905660377358,10.13392665661022,53.0,320.0,6.037735849056604,13.0,0.2452830188679245,5.0,33.0,0.0,9.000080218073972,1.137931034482759,1.137931034482759,29.0,3.0,20.0,0.6931737566474292,1.0,0.0,0.5018047204516095,0.0,0.0,0.97148092705828,0.0,0.0,0.8626581541533381,0.0,0.0,1.0,1.0,9.0,0.0,0.0,4.0,0.9730415931449028,0.0,0.0,1.0
648.0,2.0,4.0,0.08,9.921434472806254,50.0,220.0,4.4,0.0,0.0,2.0,26.0,0.0,9.841925066786002,0.896551724137931,0.896551724137931,29.0,2.0,26.0,0.6680409839526994,0.0,0.0,0.9454710478534124,0.0,0.0,0.9162049380739375,0.0,0.0,0.9209607304671364,0.0,0.0,1.0,0.0,0.0,1.0,0.0,0.0,1.0,0.0,0.0,1.0
656.0,5.0,14.0,0.28,8.680064115784369,50.0,216.0,4.32,0.0,0.0,5.0,36.0,10.0,7.783848048257798,1.1612903225806452,1.1612903225806452,31.0,3.0,31.0,0.5895383437772487,0.0,0.0,0.4636026005336549,2.0,5.0,0.0014595269762683,0.0,0.0,0.9278256909220898,0.0,0.0,1.0,0.0,0.0,1.0,0.0,0.0,1.0,0.0,0.0,1.0
664.0,5.0,16.0,0.3018867924528302,7.587847727287024,53.0,192.0,3.6226415094339615,0.0,0.0,4.0,45.0,9.0,6.026023283319157,1.5,1.5,30.0,3.0,35.0,0.4285162214020935,0.0,0.0,0.4525762785160053,1.0,10.0,0.0,0.0,0.0,0.7940101794858626,0.0,0.0,1.0,0.0,0.0,1.0,0.0,0.0,1.0,0.0,0.0,1.0
672.0,9.0,27.0,0.5,7.24896327386188,54.0,230.0,4.25925925925926,38.0,0.7037037037037037,9.0,57.0,12.0,4.512791128067121,1.9,1.9,30.0,6.0,47.0,0.2898867478325909,2.0,9.0,0.3695745445285079,0.0,0.0,1.0,1.0,1.0,0.4224708780769908,0.0,0.0,1.0,0.0,0.0,1.0,0.0,0.0,1.0,0.0,0.0,1.0
680.0,9.0,64.0,1.1428571428571428,7.474670866574542,56.0,255.0,4.553571428571429,25.0,0.4464285714285714,9.0,87.0,30.0,4.362145336140842,2.9,2.9,30.0,4.0,69.0,0.3385645677513422,1.0,0.0,0.4227340226266058,0.0,0.0,1.0,3.0,18.0,0.0907694806094594,1.0,0.0,0.0,0.0,0.0,1.0,0.0,0.0,1.0,0.0,0.0,1.0
688.0,4.0,10.0,0.175438596491228,8.023364546200735,57.0,255.0,4.473684210526316,0.0,0.0,4.0,58.0,0.0,7.535840873671006,1.45,1.45,40.0,4.0,36.0,0.4421544030372172,0.0,0.0,0.5995387468172328,0.0,0.0,0.7874280087931778,0.0,18.0,0.6369774362549114,0.0,0.0,0.0240066413075222,0.0,0.0,1.0,0.0,4.0,0.924721914982226,0.0,0.0,1.0
696.0,8.0,24.0,0.4363636363636363,6.853374913043899,55.0,286.0,5.2,31.0,0.5636363636363636,8.0,64.0,6.0,4.808736412444979,1.8823529411764703,1.8823529411764703,34.0,7.0,58.0,0.2921910925182867,0.0,0.0,0.7312876858572731,0.0,0.0,0.4437516972962035,1.0,6.0,0.0129287084621223,0.0,0.0,1.0,0.0,0.0,0.8149887030053249,0.0,0.0,1.0,0.0,0.0,1.0
704.0,12.0,54.0,1.0588235294117647,6.987148577452087,51.0,285.0,5.588235294117647,0.0,0.0,12.0,80.0,16.0,5.04388551187836,2.5,2.5,32.0,8.0,67.0,0.3519417289528689,1.0,1.0,0.7429521196902978,0.0,0.0,1.0,0.0,0.0,1.0,0.0,0.0,1.0,3.0,12.0,0.0016756891278618,0.0,0.0,1.0,0.0,0.0,1.0
712.0,7.0,22.0,0.4150943396226415,7.378177241249967,53.0,293.0,5.528301886792453,8.0,0.1509433962264151,7.0,58.0,0.0,5.393741773496846,1.7575757575757576,1.7575757575757576,33.0,3.0,42.0,0.3740224721789934,2.0,4.0,0.5445022853063318,0.0,3.0,0.9700437472895288,0.0,0.0,1.0,0.0,0.0,1.0,1.0,9.0,0.0,1.0,0.0,0.0,0.0,0.0,1.0
720.0,12.0,70.0,1.3725490196078431,6.475624008703453,51.0,309.0,6.0588235294117645,16.0,0.3137254901960784,12.0,130.0,72.0,4.96883748613144,3.333333333333333,3.333333333333333,39.0,8.0,82.0,0.2150787468023972,3.0,20.0,0.5659817305815019,0.0,0.0,0.924435480575837,0.0,0.0,1.0,0.0,4.0,0.8997071644640579,1.0,17.0,0.0,0.0,7.0,0.8919851748596855,0.0,0.0,1.0
728.0,11.0,86.0,1.5925925925925926,6.541249961579895,54.0,315.0,5.833333333333333,6.0,0.1111111111111111,9.0,123.0,0.0,4.683734840397976,3.727272727272727,3.727272727272727,33.0,7.0,116.0,0.2974951581711555,0.0,1.0,0.6895323046112958,1.0,0.0,0.0,0.0,0.0,0.5823631106009199,0.0,0.0,1.0,0.0,0.0,1.0,1.0,6.0,8.916003001529218e-05,0.0,0.0,1.0
736.0,7.0,6.0,0.0952380952380952,8.085412759845275,63.0,341.0,5.412698412698413,26.0,0.4126984126984127,4.0,64.0,0.0,7.613123685804307,1.641025641025641,1.641025641025641,39.0,3.0,63.0,0.513017744811798,1.0,1.0,0.697460849423198,0.0,0.0,0.9585472507446922,0.0,0.0,1.0,0.0,0.0,1.0,0.0,0.0,0.8567162518964686,0.0,0.0,1.0,0.0,0.0,1.0
744.0,7.0,19.0,0.3064516129032258,7.284515241360173,62.0,322.0,5.193548387096774,0.0,0.0,7.0,95.0,31.0,5.666407247081212,2.261904761904762,2.261904761904762,42.0,5.0,81.0,0.3617345364681812,2.0,4.0,0.6595097269630262,0.0,0.0,0.9755250338544968,0.0,0.0,1.0,0.0,0.0,1.0,0.0,10.0,0.4082002844473191,0.0,0.0,1.0,0.0,0.0,1.0
752.0,11.0,67.0,1.046875,6.698548953631242,64.0,295.0,4.609375,0.0,0.0,11.0,145.0,50.0,5.49953794759775,3.0851063829787235,3.0851063829787235,47.0,11.0,133.0,0.2948436006940508,0.0,1.0,0.7118375003909916,0.0,0.0,0.8564785273063036,0.0,0.0,1.0,0.0,0.0,1.0,0.0,11.0,0.3284711134283485,0.0,0.0,0.9538445066680586,0.0,0.0,1.0
760.0,4.0,15.0,0.217391304347826,7.644485289012544,69.0,291.0,4.217391304347826,0.0,0.0,4.0,101.0,0.0,6.94017624489088,2.061224489795918,2.061224489795918,49.0,4.0,96.0,0.4423480195786135,0.0,4.0,0.6794879559083206,0.0,1.0,0.6576811569761972,0.0,0.0,1.0,0.0,0.0,1.0,0.0,0.0,0.7624112205745465,0.0,0.0,0.9191395491522782,0.0,0.0,1.0
768.0,11.0,41.0,0.5694444444444444,6.4751492316576815,72.0,347.0,4.819444444444445,56.0,0.7777777777777778,11.0,143.0,42.0,5.457655910595594,2.803921568627451,2.803921568627451,51.0,8.0,127.0,0.3230510076194592,0.0,4.0,0.825734001727067,2.0,9.0,0.331535041649768,0.0,0.0,1.0,0.0,0.0,1.0,0.0,0.0,1.0,1.0,3.0,3.3707548068146904e-05,0.0,0.0,1.0
776.0,9.0,29.0,0.4084507042253521,6.453867708893162,71.0,320.0,4.507042253521127,0.0,0.0,8.0,139.0,0.0,4.983246544220988,2.9574468085106385,2.9574468085106385,47.0,6.0,125.0,0.316314739400848,0.0,3.0,0.7595881845994333,1.0,0.0,0.0,0.0,0.0,0.6764677863064709,0.0,0.0,1.0,0.0,0.0,1.0,1.0,11.0,0.0,0.0,0.0,1.0
784.0,16.0,53.0,0.7361111111111112,5.776796404161001,72.0,376.0,5.222222222222222,56.0,0.7777777777777778,12.0,180.0,41.0,4.3353698156236975,4.0,4.0,45.0,12.0,178.0,0.2429747202335622,0.0,2.0,0.6505525230087699,0.0,0.0,0.9458023567541206,0.0,0.0,0.6194710767028103,0.0,0.0,1.0,0.0,0.0,1.0,0.0,0.0,1.0,0.0,0.0,1.0
792.0,22.0,130.0,1.6883116883116882,4.529144114850316,77.0,423.0,5.493506493506493,47.0,0.6103896103896104,20.0,306.0,126.0,2.9414014906774,6.0,6.0,51.0,18.0,294.0,0.1253700749461705,2.0,12.0,0.4814352970350571,0.0,0.0,0.9834054893044843,0.0,0.0,0.985053005982018,0.0,0.0,0.1902762171354424,0.0,0.0,1.0,0.0,0.0,1.0,0.0,0.0,1.0
800.0,15.0,113.0,1.3780487804878048,5.543935449871276,82.0,548.0,6.682926829268292,125.0,1.524390243902439,15.0,352.0,46.0,3.664955942720465,6.769230769230769,6.769230769230769,52.0,13.0,341.0,0.1843824771534059,2.0,3.0,0.575758048207574,0.0,3.0,0.9390967874905128,0.0,5.0,0.6296876232031972,0.0,0.0,1.0,0.0,0.0,1.0,0.0,0.0,1.0,0.0,0.0,1.0
808.0,20.0,123.0,1.3666666666666667,6.1056808654845645,90.0,676.0,7.511111111111111,128.0,1.4222222222222225,19.0,391.0,39.0,4.378657471846976,6.516666666666667,6.516666666666667,60.0,17.0,375.0,0.2185821841661736,1.0,0.0,0.6475599438362367,0.0,4.0,0.7719996439739912,1.0,12.0,0.5876542198318059,0.0,0.0,1.0,0.0,0.0,1.0,0.0,0.0,0.9828168599747096,0.0,0.0,1.0
816.0,30.0,193.0,2.1931818181818183,4.995723773361863,88.0,726.0,8.25,50.0,0.5681818181818182,30.0,498.0,107.0,3.632692709043624,7.432835820895522,7.432835820895522,67.0,20.0,434.0,0.2064902870135353,4.0,10.0,0.4868743710781057,0.0,4.0,0.8915557589701099,5.0,49.0,0.3161827183197162,1.0,1.0,0.2253210441592421,0.0,0.0,1.0,0.0,0.0,1.0,0.0,0.0,1.0
824.0,26.0,143.0,1.43,4.9349032366664085,100.0,883.0,8.83,157.0,1.57,25.0,549.0,51.0,3.965692773954901,7.418918918918919,7.418918918918919,74.0,15.0,443.0,0.2826225675580291,4.0,10.0,0.4005318612061934,0.0,4.0,0.6742464579501698,6.0,92.0,0.1122450649163883,0.0,0.0,0.5522272004923147,0.0,0.0,1.0,0.0,0.0,1.0,0.0,0.0,1.0
832.0,25.0,143.0,1.3883495145631068,5.848716433436597,103.0,957.0,9.29126213592233,74.0,0.7184466019417476,24.0,578.0,29.0,4.180539629737199,8.257142857142858,8.257142857142858,70.0,14.0,434.0,0.3086438623082812,5.0,35.0,0.3484190283019998,2.0,15.0,0.4880103565397446,3.0,94.0,0.2499375212943934,0.0,0.0,1.0,0.0,0.0,1.0,0.0,0.0,1.0,0.0,0.0,1.0
840.0,19.0,80.0,0.7339449541284404,5.559206208343903,109.0,974.0,8.935779816513762,17.0,0.1559633027522936,19.0,606.0,28.0,3.645474485522063,8.416666666666666,8.416666666666666,72.0,12.0,458.0,0.219799053068889,4.0,34.0,0.4230051942719003,0.0,3.0,0.7262323745662689,3.0,111.0,0.0267574343901742,0.0,0.0,1.0,0.0,0.0,1.0,0.0,0.0,1.0,0.0,0.0,1.0
848.0,22.0,122.0,1.150943396226415,5.78044396094988,106.0,1040.0,9.81132075471698,66.0,0.6226415094339622,22.0,722.0,116.0,3.9331441292498175,9.626666666666669,9.626666666666669,75.0,9.0,528.0,0.2728732949636298,12.0,99.0,0.1578657502852244,0.0,6.0,0.8623285786501533,1.0,89.0,0.226394753035485,0.0,0.0,1.0,0.0,0.0,0.9430478767910476,0.0,0.0,1.0,0.0,0.0,1.0
856.0,24.0,148.0,1.383177570093458,5.052974488166297,107.0,1130.0,10.5607476635514,90.0,0.8411214953271028,24.0,791.0,69.0,3.38587008678103,10.272727272727272,10.272727272727272,77.0,12.0,525.0,0.17444861287774,10.0,153.0,0.1862068251208946,0.0,13.0,0.8038713207729441,2.0,100.0,0.2730858822642885,0.0,0.0,0.9432734442681384,0.0,0.0,1.0,0.0,0.0,1.0,0.0,0.0,1.0
864.0,22.0,90.0,0.8411214953271028,5.47859391736866,107.0,1282.0,11.981308411214954,152.0,1.4205607476635511,21.0,846.0,55.0,3.253083280448971,12.818181818181818,12.818181818181818,66.0,12.0,586.0,0.1795311531331218,4.0,120.0,0.2935166483363302,0.0,7.0,0.6452246357935655,5.0,133.0,0.2598957274359809,0.0,0.0,1.0,0.0,0.0,1.0,0.0,0.0,1.0,0.0,0.0,1.0
872.0,20.0,136.0,1.2830188679245282,5.759548285875916,106.0,1321.0,12.462264150943396,39.0,0.3679245283018867,19.0,864.0,18.0,3.617917621483548,12.342857142857143,12.342857142857143,70.0,8.0,574.0,0.2715560363826904,6.0,115.0,0.0679531447111261,0.0,3.0,0.7029346285117332,5.0,169.0,0.2580503845976746,0.0,0.0,1.0,0.0,0.0,1.0,0.0,0.0,1.0,0.0,3.0,0.9300385865892232
880.0,13.0,57.0,0.5588235294117647,6.024076338244569,102.0,1342.0,13.15686274509804,21.0,0.2058823529411764,12.0,706.0,0.0,4.459655924897381,10.231884057971014,10.231884057971014,69.0,8.0,480.0,0.2907134588933932,4.0,126.0,0.3323582126456135,0.0,8.0,0.8354850021771902,0.0,92.0,0.4024404023657155,0.0,0.0,1.0,0.0,0.0,1.0,0.0,0.0,1.0,0.0,0.0,1.0
888.0,10.0,28.0,0.2916666666666667,6.326280567061908,96.0,1215.0,12.65625,0.0,0.0,9.0,574.0,0.0,4.777460111749361,8.96875,8.96875,64.0,6.0,470.0,0.2407183869016769,2.0,96.0,0.5434170902122651,1.0,8.0,0.7469991900155024,0.0,0.0,0.8718301818336226,0.0,0.0,0.938334746092906,0.0,0.0,0.970397853645744,0.0,0.0,1.0,0.0,0.0,1.0
896.0,15.0,74.0,0.8043478260869565,5.443368528993974,92.0,1011.0,10.98913043478261,0.0,0.0,15.0,549.0,0.0,3.306898965038234,8.714285714285714,8.714285714285714,63.0,9.0,483.0,0.1792416455327184,4.0,46.0,0.5159864421100399,2.0,20.0,0.4334241519792695,0.0,0.0,0.7013096134282331,0.0,0.0,1.0,0.0,0.0,0.0954831535386524,0.0,0.0,1.0,0.0,0.0,1.0
904.0,17.0,175.0,1.8229166666666667,5.910585121115793,96.0,991.0,10.322916666666666,0.0,0.0,17.0,568.0,19.0,3.775026698111709,9.015873015873016,9.015873015873016,63.0,10.0,457.0,0.2014570707222444,5.0,80.0,0.3075339685933937,1.0,24.0,0.7003683101274947,1.0,7.0,0.5274290802614526,0.0,0.0,0.8907390423679121,0.0,0.0,1.0,0.0,0.0,1.0,0.0,0.0,1.0
912.0,14.0,159.0,1.6391752577319587,6.32308501786847,97.0,1048.0,10.804123711340209,57.0,0.5876288659793815,13.0,465.0,0.0,4.314749779544954,7.622950819672131,7.622950819672131,61.0,12.0,421.0,0.1692108253210646,1.0,33.0,0.5279611941532717,0.0,11.0,0.8333620494622316,0.0,0.0,0.6468842089246595,0.0,0.0,1.0,0.0,0.0,1.0,0.0,0.0,0.4875351027194131,0.0,0.0,1.0
920.0,10.0,38.0,0.3838383838383838,6.677674042407396,99.0,957.0,9.666666666666666,0.0,0.0,10.0,388.0,0.0,5.171583723695293,5.969230769230769,5.969230769230769,65.0,4.0,312.0,0.2271385531518931,3.0,55.0,0.5973760529844324,1.0,7.0,0.744112088416525,1.0,2.0,0.654311301153887,0.0,5.0,0.7187186899403393,0.0,0.0,0.9645324529287608,1.0,7.0,0.0,0.0,0.0,1.0
928.0,7.0,23.0,0.23,7.142238394562255,100.0,949.0,9.49,0.0,0.0,6.0,271.0,0.0,5.676936219956059,4.370967741935484,4.370967741935484,62.0,6.0,245.0,0.2458898206981504,0.0,19.0,0.6924591518769386,0.0,7.0,0.9292060415329044,0.0,0.0,0.9908346582616924,0.0,0.0,1.0,0.0,0.0,0.6589796644672725,0.0,0.0,1.0,0.0,0.0,1.0
936.0,9.0,53.0,0.5578947368421052,6.955210832754144,95.0,840.0,8.842105263157896,0.0,0.0,9.0,225.0,0.0,4.875709774134124,3.8135593220338975,3.8135593220338975,59.0,3.0,183.0,0.3010088168360518,4.0,28.0,0.4988958191760434,0.0,7.0,0.9118063427721284,0.0,0.0,1.0,0.0,0.0,1.0,2.0,4.0,0.3335379795087378,0.0,3.0,0.0147507219741985,0.0,0.0,1.0
944.0,12.0,51.0,0.5543478260869565,6.024825450558145,92.0,636.0,6.913043478260869,0.0,0.0,12.0,202.0,0.0,4.605402373419999,3.3114754098360657,3.3114754098360657,61.0,4.0,133.0,0.2854045128834871,3.0,26.0,0.5741006480849007,2.0,9.0,0.5429670582129584,0.0,0.0,0.9179903591298976,0.0,0.0,1.0,2.0,20.0,0.0,1.0,14.0,0.4218449356348311,0.0,0.0,1.0
952.0,14.0,91.0,0.9680851063829788,6.898054943612897,94.0,681.0,7.24468085106383,45.0,0.4787234042553192,13.0,233.0,31.0,5.682271023335553,3.758064516129033,3.758064516129033,62.0,9.0,193.0,0.3612622252445401,3.0,23.0,0.5672126513040077,1.0,17.0,0.7882603633799041,0.0,0.0,0.9302793158595812,0.0,0.0,1.0,0.0,0.0,1.0,0.0,0.0,0.9208368162482884,0.0,0.0,1.0
960.0,14.0,81.0,0.801980198019802,6.251868204131341,101.0,604.0,5.98019801980198,0.0,0.0,13.0,263.0,30.0,5.424730656816546,3.6527777777777777,3.6527777777777777,72.0,10.0,224.0,0.2884064366061891,2.0,14.0,0.6938443747069308,1.0,25.0,0.6697842528927113,0.0,0.0,0.8892890432522362,0.0,0.0,0.3217378102631679,0.0,0.0,0.9287831898406856,0.0,0.0,1.0,0.0,0.0,1.0
968.0,19.0,85.0,0.7870370370370371,7.097520041448797,108.0,724.0,6.703703703703703,120.0,1.1111111111111112,19.0,261.0,0.0,6.130541566926225,3.389610389610389,3.389610389610389,77.0,13.0,225.0,0.3820779224359142,3.0,23.0,0.7051173697514631,3.0,13.0,0.6536605003716506,0.0,0.0,0.8096772852377805,0.0,0.0,1.0,0.0,0.0,1.0,0.0,0.0,1.0,0.0,0.0,1.0
976.0,14.0,38.0,0.3689320388349514,5.899184059487365,103.0,705.0,6.844660194174757,0.0,0.0,12.0,285.0,24.0,5.059331741555038,3.8513513513513513,3.8513513513513513,74.0,8.0,256.0,0.2971496736166807,1.0,13.0,0.6362415961604887,2.0,12.0,0.6096981483915941,1.0,3.0,0.1557949732763684,0.0,0.0,1.0,0.0,1.0,0.863648924958654,0.0,0.0,0.9309514614797372,0.0,0.0,1.0
984.0,18.0,49.0,0.4757281553398058,5.559804027242578,103.0,793.0,7.699029126213592,88.0,0.8543689320388349,18.0,334.0,49.0,4.01492799078518,4.704225352112676,4.704225352112676,71.0,10.0,278.0,0.2061096874291541,3.0,29.0,0.7328205632882134,4.0,21.0,0.3190955584381519,0.0,3.0,0.9312212256804518,0.0,0.0,1.0,1.0,3.0,1.5659553038580213e-05,0.0,0.0,1.0,0.0,0.0,1.0
992.0,11.0,39.0,0.3786407766990291,5.495000669952774,103.0,825.0,8.009708737864077,32.0,0.3106796116504854,9.0,379.0,45.0,4.204220135050448,5.414285714285715,5.414285714285715,70.0,6.0,306.0,0.2197181665195047,0.0,24.0,0.6976269318806971,1.0,24.0,0.3321054775026835,1.0,14.0,0.7229142030109446,0.0,0.0,1.0,1.0,11.0,0.4866138252939804,0.0,0.0,0.9484815309913992,0.0,0.0,1.0
1000.0,16.0,74.0,0.7254901960784313,6.428097676658077,102.0,873.0,8.558823529411764,48.0,0.4705882352941176,14.0,393.0,14.0,4.093598628258807,7.017857142857143,7.017857142857143,56.0,10.0,317.0,0.2433507513252746,1.0,30.0,0.6641456739041625,2.0,36.0,0.4975511721906384,1.0,10.0,0.4556045032016966,0.0,0.0,1.0,0.0,0.0,1.0,0.0,0.0,1.0,0.0,0.0,1.0
1008.0,22.0,128.0,1.3061224489795915,6.504203806872321,98.0,931.0,9.5,58.0,0.5918367346938775,21.0,433.0,40.0,3.76429544141364,7.872727272727273,7.872727272727273,55.0,12.0,305.0,0.215669805641754,4.0,55.0,0.5293055167603935,5.0,67.0,0.3436629331723704,0.0,3.0,0.94355813109129,0.0,0.0,1.0,0.0,0.0,1.0,0.0,3.0,0.9546606344416798,0.0,0.0,1.0
1016.0,17.0,160.0,1.797752808988764,6.539961595013466,89.0,1007.0,11.314606741573034,76.0,0.8539325842696629,16.0,425.0,0.0,4.420679244464908,8.173076923076923,8.173076923076923,52.0,9.0,275.0,0.1884984262841653,1.0,35.0,0.7827327389697436,6.0,115.0,0.2995412075166059,0.0,0.0,0.6248517929583224,0.0,0.0,1.0,0.0,0.0,0.9031976021174384,0.0,0.0,0.9380572916786932,0.0,0.0,1.0
1024.0,19.0,135.0,1.5,6.387113482649654,90.0,1038.0,11.533333333333331,31.0,0.3444444444444444,17.0,457.0,32.0,4.676596596849614,8.788461538461538,8.788461538461538,52.0,10.0,314.0,0.2810271876001755,3.0,30.0,0.5140589524937071,3.0,101.0,0.5015974282959924,1.0,9.0,0.3958620592146142,0.0,0.0,1.0,0.0,3.0,0.8593628617741298,0.0,0.0,1.0,0.0,0.0,1.0
1032.0,12.0,30.0,0.3260869565217391,6.4509841960584735,92.0,996.0,10.826086956521738,0.0,0.0,8.0,372.0,0.0,5.009375205058462,6.888888888888889,6.888888888888889,54.0,4.0,267.0,0.3633320719082619,1.0,23.0,0.6303468775260732,2.0,81.0,0.3063168114446575,1.0,1.0,0.4543958833465604,0.0,0.0,1.0,0.0,0.0,0.9233999133852776,0.0,0.0,0.9661890129063068,0.0,0.0,1.0
1040.0,18.0,100.0,1.1363636363636365,6.29337080895469,88.0,922.0,10.477272727272728,0.0,0.0,18.0,427.0,55.0,4.652291579810949,7.491228070175438,7.491228070175438,57.0,13.0,328.0,0.3262741843639516,2.0,39.0,0.5782995306592092,1.0,43.0,0.3872255798855767,2.0,17.0,0.3259551644350276,0.0,0.0,1.0,0.0,0.0,1.0,0.0,0.0,0.5032336330001499,0.0,0.0,1.0
1048.0,18.0,142.0,1.5106382978723405,6.311635319089911,94.0,973.0,10.351063829787234,51.0,0.5425531914893617,17.0,436.0,9.0,5.134447668755882,7.266666666666667,7.266666666666667,60.0,13.0,357.0,0.2666798908841089,2.0,35.0,0.4166411560627455,0.0,5.0,0.7052042907288222,2.0,39.0,0.6183824642067567,0.0,0.0,0.9299571311510666,0.0,0.0,0.8996612519245556,0.0,0.0,0.922125856159352,0.0,0.0,1.0
1064.0,17.0,194.0,1.779816513761468,7.481916529692903,109.0,1106.0,10.146788990825687,26.0,0.2385321100917431,17.0,391.0,0.0,6.344791790862343,6.516666666666667,6.516666666666667,60.0,12.0,346.0,0.3841633720734657,2.0,8.0,0.6082190377525648,0.0,5.0,0.8865430494361756,1.0,8.0,0.6554742009020623,0.0,3.0,0.9371405859364657,1.0,9.0,0.0,1.0,12.0,0.4961932762803294,0.0,0.0,1.0
1072.0,15.0,233.0,2.118181818181818,6.958856125321044,110.0,1088.0,9.89090909090909,0.0,0.0,15.0,383.0,0.0,5.561486138055953,6.603448275862069,6.603448275862069,58.0,11.0,339.0,0.3571819326648391,0.0,0.0,0.7602162355986724,2.0,8.0,0.5676887428535938,1.0,15.0,0.5947050066190679,0.0,0.0,0.9491036676034024,1.0,21.0,0.4555701777551959,0.0,0.0,1.0,0.0,0.0,1.0
1080.0,16.0,298.0,2.6371681415929205,6.810224362377959,113.0,1100.0,9.734513274336283,12.0,0.1061946902654867,12.0,455.0,72.0,5.577360493681558,7.711864406779661,7.711864406779661,59.0,10.0,411.0,0.3282842807228352,1.0,7.0,0.4868760032836323,0.0,10.0,0.5798885294864384,0.0,2.0,0.7027369260443822,0.0,0.0,1.0,1.0,25.0,0.0,0.0,0.0,0.8995741907820122,0.0,0.0,1.0
1088.0,20.0,382.0,3.537037037037037,5.975283859263725,108.0,1054.0,9.75925925925926,0.0,0.0,17.0,527.0,72.0,4.566591028881983,8.5,8.5,62.0,9.0,461.0,0.337433428589397,1.0,19.0,0.5955690341054809,6.0,39.0,0.390086211551808,1.0,4.0,0.0833909075071164,0.0,0.0,1.0,0.0,0.0,1.0,0.0,4.0,0.0474181475395852,0.0,0.0,1.0
1096.0,7.0,38.0,0.336283185840708,6.979929965560813,113.0,1062.0,9.398230088495575,8.0,0.0707964601769911,7.0,340.0,0.0,6.029005814972154,5.964912280701754,5.964912280701754,57.0,5.0,258.0,0.3629504434429824,1.0,44.0,0.7855443128604584,1.0,34.0,0.6062595669873677,0.0,1.0,0.179756232708798,0.0,0.0,1.0,0.0,0.0,1.0,0.0,3.0,0.9535552048349724,0.0,0.0,1.0
1104.0,18.0,122.0,1.079646017699115,6.809345135899246,113.0,1109.0,9.8141592920354,47.0,0.415929203539823,17.0,288.0,0.0,4.6309362630867446,4.965517241379311,4.965517241379311,58.0,11.0,190.0,0.2861179523253153,3.0,64.0,0.5431160616921535,3.0,31.0,0.3765320311636416,0.0,0.0,0.8871778358882083,0.0,0.0,1.0,0.0,3.0,0.7963304597870067,0.0,0.0,1.0,0.0,0.0,1.0
1112.0,23.0,164.0,1.561904761904762,5.830463184392726,105.0,965.0,9.19047619047619,0.0,0.0,21.0,385.0,97.0,4.518579771013504,6.015625,6.015625,64.0,11.0,225.0,0.3318917764831245,5.0,103.0,0.4439617304036571,3.0,46.0,0.2696191155687077,0.0,2.0,0.7291290474211929,0.0,0.0,0.9744292275665124,2.0,9.0,0.000877178103747,0.0,0.0,1.0,0.0,0.0,1.0
1120.0,19.0,173.0,1.7128712871287128,5.614369062013419,101.0,1017.0,10.069306930693068,52.0,0.5148514851485149,19.0,454.0,69.0,4.036702380074421,7.32258064516129,7.32258064516129,62.0,6.0,237.0,0.3450527149076903,5.0,142.0,0.5096479180115272,4.0,42.0,0.2270007748916822,3.0,18.0,0.0001033236818239,0.0,0.0,1.0,1.0,15.0,0.6479255318643237,0.0,0.0,1.0,0.0,0.0,1.0
1128.0,19.0,210.0,2.142857142857143,6.025441021322516,98.0,1146.0,11.693877551020408,129.0,1.316326530612245,17.0,517.0,63.0,4.291082884190779,8.76271186440678,8.76271186440678,59.0,8.0,247.0,0.2728159329790035,6.0,190.0,0.5110742780032503,1.0,44.0,0.1766754257902993,0.0,10.0,0.7476073062812117,1.0,0.0,0.0,1.0,23.0,0.4947705147327852,0.0,3.0,0.8694486658484514,0.0,0.0,1.0
1136.0,15.0,221.0,2.376344086021505,5.8197688839100765,93.0,1170.0,12.580645161290322,24.0,0.2580645161290322,15.0,561.0,44.0,3.7776463905088193,9.672413793103448,9.672413793103448,58.0,4.0,248.0,0.2495450652249913,8.0,255.0,0.4381629553770533,2.0,55.0,0.3167575143808144,0.0,0.0,0.5962722271483689,0.0,0.0,1.0,1.0,3.0,0.0002274076061676,0.0,0.0,0.9295096979304568,0.0,0.0,1.0
1144.0,9.0,256.0,2.752688172043011,6.439897182820082,93.0,1222.0,13.13978494623656,52.0,0.5591397849462365,8.0,528.0,0.0,4.907176621397038,9.77777777777778,9.77777777777778,54.0,0.0,197.0,0.3757314506759404,7.0,297.0,0.43516541446727,0.0,31.0,0.4436044107147112,0.0,0.0,0.8785148085492925,0.0,0.0,0.9619253152009316,0.0,0.0,1.0,1.0,3.0,0.3623152055996732,0.0,0.0,1.0
1152.0,12.0,321.0,3.821428571428572,6.457299386080295,84.0,1099.0,13.083333333333334,0.0,0.0,11.0,585.0,57.0,5.0154039189632655,10.263157894736842,10.263157894736842,57.0,0.0,171.0,0.3832880444601914,7.0,353.0,0.4092581662677073,3.0,47.0,0.462560967740221,0.0,0.0,0.9860133018774184,1.0,3.0,0.0048973632535268,0.0,4.0,0.7447756501140732,0.0,7.0,0.9798556742000152,0.0,0.0,1.0
1160.0,7.0,359.0,4.033707865168539,6.846536050293999,89.0,1141.0,12.820224719101123,42.0,0.4719101123595505,7.0,564.0,0.0,5.297520747837264,10.071428571428571,10.071428571428571,56.0,0.0,125.0,0.4105981985894706,7.0,412.0,0.4495825911305848,0.0,23.0,0.6670316325399189,0.0,0.0,0.0652969988779208,0.0,0.0,0.6280226384979245,0.0,4.0,0.7204371664031065,0.0,0.0,1.0,0.0,0.0,1.0
1168.0,16.0,451.0,5.433734939759036,6.516120469139519,83.0,1163.0,14.012048192771084,22.0,0.2650602409638554,15.0,651.0,87.0,4.934298860462435,11.421052631578949,11.421052631578949,57.0,3.0,136.0,0.3741081017329743,7.0,468.0,0.5082113263834425,3.0,34.0,0.3346147958309491,1.0,11.0,0.5815633307105382,0.0,0.0,1.0,1.0,2.0,0.0007947490264808,0.0,0.0,0.882813298791347,0.0,0.0,1.0
1176.0,17.0,516.0,6.2926829268292686,5.86645995300921,82.0,1178.0,14.365853658536585,15.0,0.1829268292682926,16.0,708.0,57.0,4.740720879563906,12.20689655172414,12.20689655172414,58.0,5.0,131.0,0.3574085541298041,8.0,538.0,0.4382934876331789,0.0,9.0,0.7526666336612342,2.0,20.0,0.1465462317359755,0.0,0.0,1.0,1.0,10.0,0.0,0.0,0.0,0.9647618577037405,0.0,0.0,1.0
1184.0,11.0,535.0,6.22093023255814,6.746335720227154,86.0,1245.0,14.476744186046512,67.0,0.7790697674418605,10.0,695.0,0.0,5.276787814945873,12.87037037037037,12.87037037037037,54.0,1.0,93.0,0.4636724963855123,8.0,582.0,0.4451975808386429,1.0,14.0,0.3199628800740062,0.0,6.0,0.5734573100550026,0.0,0.0,1.0,0.0,0.0,1.0,0.0,0.0,1.0,0.0,0.0,1.0
1192.0,9.0,23.0,0.2674418604651162,7.198585716780198,86.0,1244.0,14.465116279069768,0.0,0.0,7.0,325.0,0.0,5.907405578270372,7.065217391304348,7.065217391304348,46.0,5.0,60.0,0.4691451932816915,2.0,262.0,0.4849979211265547,0.0,3.0,0.9310276696441524,0.0,0.0,1.0,0.0,0.0,1.0,0.0,0.0,0.7717070837903284,0.0,0.0,1.0,0.0,0.0,1.0
1200.0,10.0,38.0,0.4367816091954023,7.2645214618818335,87.0,1171.0,13.459770114942527,0.0,0.0,8.0,312.0,0.0,5.90578551383357,6.933333333333334,6.933333333333334,45.0,3.0,42.0,0.4775648440910904,5.0,263.0,0.4855022734487917,0.0,7.0,0.9765143616408742,0.0,0.0,1.0,0.0,0.0,1.0,0.0,0.0,0.9812289226346947,0.0,0.0,1.0,0.0,0.0,1.0
1208.0,13.0,66.0,0.7674418604651163,7.424464718970127,86.0,886.0,10.30232558139535,0.0,0.0,10.0,122.0,0.0,6.2428727306302525,2.7111111111111112,2.7111111111111112,45.0,9.0,71.0,0.4155078923478176,1.0,39.0,0.5994701940844265,0.0,10.0,0.9346481985107832,0.0,0.0,0.9003374321239013,0.0,0.0,1.0,0.0,0.0,0.9768815003706898,0.0,2.0,0.8853261637335036,0.0,0.0,1.0
1216.0,13.0,101.0,1.1744186046511629,6.893353398461209,86.0,914.0,10.627906976744184,28.0,0.3255813953488372,12.0,172.0,50.0,5.432431052486602,3.8222222222222224,3.8222222222222224,45.0,11.0,130.0,0.3248238236080668,0.0,28.0,0.803366122944707,0.0,7.0,0.7402776072380564,1.0,7.0,0.647856376662331,0.0,0.0,0.58619132846416,0.0,0.0,1.0,0.0,0.0,0.9205468061100508,0.0,0.0,1.0
1224.0,15.0,152.0,1.876543209876543,7.39137317050655,81.0,691.0,8.530864197530864,0.0,0.0,15.0,243.0,71.0,5.923612445937193,4.673076923076923,4.673076923076923,52.0,11.0,195.0,0.4103935811468879,0.0,16.0,0.9144162907513708,2.0,19.0,0.2726623747600135,1.0,8.0,0.7146214057866385,1.0,5.0,3.781976589223285e-05,0.0,0.0,1.0,0.0,0.0,0.6282299459916267,0.0,0.0,1.0
1232.0,14.0,48.0,0.5581395348837209,6.745074437961017,86.0,745.0,8.662790697674419,54.0,0.627906976744186,12.0,148.0,0.0,5.770764207286215,2.9019607843137254,2.9019607843137254,51.0,6.0,89.0,0.443492031125521,0.0,19.0,0.8647792239831513,1.0,20.0,0.6818411839763192,3.0,12.0,0.1744235693391052,0.0,0.0,1.0,0.0,0.0,0.930263396429024,2.0,8.0,0.0297692567604756,0.0,0.0,1.0
1240.0,12.0,45.0,0.5172413793103449,7.198538601048171,87.0,817.0,9.39080459770115,72.0,0.8275862068965517,12.0,183.0,35.0,5.905543063831143,3.519230769230769,3.519230769230769,52.0,10.0,119.0,0.3094018377994399,0.0,25.0,0.9055948295818572,1.0,8.0,0.6910063073899493,1.0,9.0,0.4015519854147143,0.0,0.0,1.0,0.0,13.0,0.8630639075338699,0.0,9.0,0.7459604967076147,0.0,0.0,1.0
1248.0,18.0,95.0,1.1046511627906976,5.728855145950122,86.0,760.0,8.837209302325581,0.0,0.0,16.0,267.0,84.0,3.435030481395162,5.037735849056604,5.037735849056604,53.0,11.0,193.0,0.2133486506234181,2.0,27.0,0.5434784251568967,0.0,4.0,0.5683981732648397,1.0,11.0,0.5440570024730533,0.0,0.0,1.0,1.0,26.0,0.3933784529265723,1.0,6.0,0.309652482880806,0.0,0.0,1.0
1256.0,13.0,131.0,1.5232558139534884,6.365574002597598,86.0,862.0,10.023255813953488,102.0,1.186046511627907,10.0,258.0,0.0,4.1843022677217085,5.375,5.375,48.0,8.0,208.0,0.2753751719822573,1.0,20.0,0.5658947976064214,0.0,4.0,0.863901401439624,0.0,0.0,0.0889705843918222,0.0,0.0,1.0,1.0,26.0,0.1845659560976295,0.0,0.0,0.4812525571211377,0.0,0.0,1.0
1264.0,15.0,192.0,2.232558139534884,6.976937298771648,86.0,931.0,10.825581395348838,69.0,0.8023255813953488,14.0,315.0,57.0,5.081339761714698,5.943396226415095,5.943396226415095,53.0,7.0,226.0,0.3139424486127652,2.0,23.0,0.4810648999088258,0.0,10.0,0.8384915070395103,0.0,7.0,0.8659746392273547,0.0,0.0,1.0,4.0,38.0,0.124725234282364,1.0,11.0,0.559912883596896,0.0,0.0,1.0
1272.0,13.0,241.0,2.869047619047619,6.554646379981981,84.0,961.0,11.44047619047619,30.0,0.3571428571428571,13.0,358.0,43.0,4.843031664065331,6.884615384615385,6.884615384615385,52.0,7.0,268.0,0.325254290607863,0.0,5.0,0.8310887329535481,2.0,22.0,0.5496742471602183,0.0,4.0,0.64890222285648,0.0,0.0,1.0,2.0,44.0,0.155130748411898,2.0,15.0,0.1055015888141636,0.0,0.0,1.0
1280.0,12.0,76.0,0.926829268292683,6.615154414052851,82.0,969.0,11.817073170731708,8.0,0.0975609756097561,12.0,178.0,0.0,5.128384983969007,3.7083333333333335,3.7083333333333335,48.0,2.0,61.0,0.3887044063711361,0.0,8.0,0.8509863333222333,7.0,58.0,0.1137141239489249,0.0,0.0,1.0,0.0,0.0,1.0,0.0,6.0,0.8409024179686757,3.0,45.0,0.4368100657490927,0.0,0.0,1.0
1288.0,11.0,64.0,0.7619047619047619,7.017966121407225,84.0,998.0,11.88095238095238,29.0,0.3452380952380952,10.0,166.0,0.0,4.682378451761963,3.772727272727273,3.772727272727273,44.0,6.0,60.0,0.3127235729205275,0.0,8.0,0.8962208745282723,1.0,50.0,0.4701942746451075,0.0,0.0,0.8933063920216588,0.0,0.0,1.0,3.0,33.0,0.2780700847166722,0.0,15.0,0.15383294564148,0.0,0.0,1.0
1296.0,16.0,110.0,1.3924050632911391,7.826004974351966,79.0,916.0,11.59493670886076,0.0,0.0,15.0,211.0,45.0,5.336727489428804,5.410256410256411,5.410256410256411,39.0,8.0,108.0,0.2805010893648603,1.0,6.0,0.616518729967177,1.0,28.0,0.7354378414737401,0.0,0.0,0.928507168135382,0.0,0.0,1.0,5.0,69.0,0.2543472442770065,0.0,0.0,0.6602117211639853,0.0,0.0,1.0
1304.0,11.0,48.0,0.6575342465753424,7.15655370637645,73.0,886.0,12.136986301369864,0.0,0.0,11.0,228.0,17.0,4.979898235318462,5.560975609756097,5.560975609756097,41.0,4.0,134.0,0.3633028029190169,1.0,14.0,0.6233615944774621,2.0,9.0,0.3871680124788569,2.0,8.0,0.4713012527489282,0.0,0.0,1.0,2.0,63.0,0.2668086509905136,0.0,0.0,1.0,0.0,0.0,1.0
1312.0,6.0,33.0,0.4583333333333333,8.673565110882938,72.0,879.0,12.208333333333334,0.0,0.0,5.0,149.0,0.0,7.17503979746154,4.257142857142857,4.257142857142857,35.0,0.0,89.0,0.5192625921596263,4.0,35.0,0.316222838494516,0.0,5.0,0.6248533971643236,1.0,8.0,0.6251467602729653,0.0,0.0,1.0,0.0,5.0,0.7546518395313201,0.0,7.0,0.8595270530682168,0.0,0.0,1.0
1320.0,8.0,37.0,0.5138888888888888,8.001963325696327,72.0,846.0,11.75,0.0,0.0,7.0,125.0,0.0,6.155687292904818,4.166666666666667,4.166666666666667,30.0,1.0,80.0,0.5105177499008237,3.0,30.0,0.5206354924411941,0.0,0.0,1.0,0.0,0.0,0.8471807063953466,0.0,0.0,1.0,0.0,0.0,1.0,3.0,15.0,0.3492879434835148,0.0,0.0,1.0
1328.0,4.0,54.0,0.75,8.869948697002595,72.0,708.0,9.833333333333334,0.0,0.0,3.0,127.0,2.0,7.504819949268928,4.096774193548387,4.096774193548387,31.0,0.0,47.0,0.6056805007823416,2.0,59.0,0.6902359420819376,0.0,0.0,0.9727188417403348,0.0,1.0,0.87030140998538,0.0,0.0,1.0,0.0,2.0,0.8645674966285793,1.0,18.0,0.2438704977333626,0.0,0.0,1.0
1336.0,6.0,29.0,0.4328358208955223,8.991591851321614,67.0,672.0,10.029850746268655,0.0,0.0,5.0,60.0,0.0,7.417696156332956,2.5,2.5,24.0,0.0,15.0,0.7014518086068389,2.0,20.0,0.6048030107585347,0.0,3.0,0.9883432687932614,1.0,2.0,0.4585786566158346,0.0,0.0,1.0,1.0,8.0,0.4719336061817326,1.0,12.0,0.0,0.0,0.0,1.0
1344.0,8.0,50.0,0.8064516129032258,9.042176709469002,62.0,683.0,11.016129032258064,11.0,0.1774193548387097,5.0,72.0,12.0,8.698295612494348,2.571428571428572,2.571428571428572,28.0,1.0,30.0,0.7528779541567141,0.0,15.0,0.9591773490765432,0.0,0.0,0.8426172078436536,2.0,5.0,0.2166690419815753,0.0,0.0,1.0,2.0,22.0,0.0,0.0,0.0,0.4928365401089753,0.0,0.0,1.0
1352.0,5.0,39.0,0.609375,8.811617213441266,64.0,597.0,9.328125,0.0,0.0,5.0,86.0,14.0,8.849289097438023,2.8666666666666667,2.8666666666666667,30.0,2.0,37.0,0.7307749358225355,0.0,15.0,0.9288629409962508,0.0,5.0,0.8763387197687897,2.0,21.0,0.2704675808578524,0.0,0.0,1.0,0.0,3.0,0.6675005031546111,1.0,5.0,0.0,0.0,0.0,1.0
1360.0,1.0,5.0,0.078125,8.596063943922989,64.0,608.0,9.5,11.0,0.171875,1.0,65.0,0.0,7.453408170682997,2.1666666666666665,2.1666666666666665,30.0,0.0,12.0,0.521004153863142,0.0,15.0,0.9392351280204472,1.0,10.0,9.748487307343946e-05,0.0,18.0,0.6265864877400967,0.0,0.0,1.0,0.0,3.0,0.8522299371375393,0.0,7.0,0.8992245602154677,0.0,0.0,1.0
1368.0,4.0,28.0,0.4242424242424242,8.819897594127834,66.0,633.0,9.590909090909092,25.0,0.3787878787878788,3.0,49.0,0.0,8.46916191969007,2.227272727272727,2.227272727272727,22.0,2.0,23.0,0.6307287744562875,0.0,15.0,0.8652141533767496,0.0,0.0,1.0,1.0,8.0,0.4003806258738422,0.0,0.0,1.0,0.0,3.0,0.373974388227126,0.0,0.0,0.920170258259808,0.0,0.0,1.0
1376.0,7.0,44.0,0.6875,8.902441428111695,64.0,565.0,8.828125,0.0,0.0,5.0,71.0,22.0,8.160479832643619,3.0869565217391304,3.0869565217391304,23.0,2.0,39.0,0.7305560736522722,0.0,15.0,0.741339413071672,0.0,0.0,1.0,1.0,2.0,0.6309006402517056,0.0,0.0,1.0,2.0,15.0,0.5117630259388954,0.0,0.0,0.932356712131684,0.0,0.0,1.0
1384.0,8.0,60.0,0.9230769230769232,8.803610829750019,65.0,597.0,9.184615384615384,32.0,0.4923076923076923,8.0,90.0,19.0,7.096917683789108,3.333333333333333,3.333333333333333,27.0,1.0,12.0,0.8300671629750305,2.0,27.0,0.3314998923860601,0.0,0.0,1.0,3.0,17.0,0.2582575785593509,0.0,0.0,1.0,2.0,34.0,0.4317984034466968,0.0,0.0,1.0,0.0,0.0,0.9466442651164626
1392.0,8.0,65.0,0.9848484848484848,7.82475101369948,66.0,566.0,8.575757575757576,0.0,0.0,7.0,104.0,14.0,7.574899447544039,2.9714285714285715,2.9714285714285715,35.0,3.0,25.0,0.5578862801551766,0.0,4.0,0.6945282257609469,0.0,3.0,0.7010498698653861,1.0,20.0,0.3875337076228522,0.0,3.0,0.9941870534408208,3.0,49.0,0.2500079362742137,0.0,0.0,0.9527496588062307,0.0,0.0,0.999326422159684
1400.0,6.0,20.0,0.2985074626865671,7.309396576206558,67.0,581.0,8.671641791044776,15.0,0.2238805970149253,6.0,66.0,0.0,6.253558608745413,2.64,2.64,25.0,1.0,26.0,0.6444549401246662,1.0,6.0,0.4761486867635137,0.0,3.0,0.1903420463135104,4.0,31.0,0.1379375731764609,0.0,0.0,1.0,0.0,0.0,1.0,0.0,0.0,1.0,0.0,0.0,1.0
1408.0,11.0,69.0,1.0615384615384615,7.669136260062754,65.0,537.0,8.261538461538462,0.0,0.0,10.0,111.0,45.0,6.233808637199855,3.46875,3.46875,32.0,2.0,5.0,0.5584503383603542,2.0,16.0,0.4475946371161698,0.0,0.0,1.0,6.0,74.0,0.2370573931117089,0.0,0.0,0.3095417573503247,0.0,0.0,0.8871844363221356,0.0,16.0,0.8797131174858489,0.0,0.0,1.0
1416.0,8.0,35.0,0.5833333333333334,7.675291901028283,60.0,486.0,8.1,0.0,0.0,6.0,87.0,0.0,6.368038728716602,4.142857142857143,4.142857142857143,21.0,1.0,6.0,0.7143655234631014,0.0,0.0,0.9041114690601714,0.0,3.0,0.9939844449327114,5.0,78.0,0.0623713002142287,0.0,0.0,1.0,0.0,0.0,1.0,0.0,0.0,0.9168800754603734,0.0,0.0,1.0
1424.0,7.0,21.0,0.3818181818181818,7.098888077086677,55.0,414.0,7.527272727272727,0.0,0.0,6.0,103.0,16.0,5.087142539118048,4.291666666666667,4.291666666666667,24.0,3.0,14.0,0.4601502437267225,0.0,0.0,0.9633392211544642,0.0,0.0,0.8974131609979755,3.0,89.0,0.2493805554682632,0.0,0.0,0.143685982595365,0.0,0.0,0.8056262514391276,0.0,0.0,0.9961413085416628,0.0,0.0,1.0
1432.0,9.0,19.0,0.3454545454545454,7.075692459341783,55.0,430.0,7.818181818181818,16.0,0.2909090909090909,6.0,80.0,0.0,5.1757250742017495,3.636363636363636,3.636363636363636,22.0,1.0,4.0,0.7603492307021517,0.0,0.0,0.9370879530542644,0.0,0.0,0.940070613199307,4.0,73.0,0.0725263065755418,0.0,0.0,1.0,1.0,3.0,0.0530060657758886,0.0,0.0,0.9145461258008998,0.0,0.0,1.0
1440.0,4.0,12.0,0.24,7.831261493619098,50.0,426.0,8.52,0.0,0.0,3.0,103.0,23.0,5.708592364223484,5.421052631578948,5.421052631578948,19.0,0.0,5.0,0.8708310434670566,0.0,0.0,0.89397199602718,0.0,0.0,0.8970698798848733,3.0,92.0,0.0662868618244642,0.0,0.0,0.3391694140919152,0.0,6.0,0.5882345883346372,0.0,0.0,1.0,0.0,0.0,1.0
1448.0,6.0,23.0,0.4693877551020408,7.232068733224708,49.0,438.0,8.938775510204081,12.0,0.2448979591836734,6.0,122.0,19.0,4.927153501195831,5.304347826086956,5.304347826086956,23.0,0.0,5.0,0.76242357789415,1.0,0.0,0.4999438393396074,0.0,0.0,0.9447726264772276,3.0,90.0,0.084653221000748,0.0,0.0,0.3527510598819274,2.0,24.0,0.3382364618424284,0.0,3.0,0.9209313525922812,0.0,0.0,1.0
1456.0,6.0,21.0,0.4375,6.690593297430136,48.0,426.0,8.875,0.0,0.0,4.0,139.0,17.0,5.21687891488345,6.619047619047619,6.619047619047619,21.0,1.0,13.0,0.7447073051628555,0.0,0.0,0.8941088470141827,0.0,0.0,0.8792937251229633,3.0,113.0,0.0641674547009706,0.0,0.0,0.1885139570790092,0.0,13.0,0.4350722924285694,0.0,0.0,1.0,0.0,0.0,1.0
1464.0,4.0,25.0,0.5681818181818182,8.259863899927707,44.0,458.0,10.409090909090908,32.0,0.7272727272727273,4.0,122.0,0.0,7.704859594150811,5.809523809523809,5.809523809523809,21.0,1.0,21.0,0.7619138306390272,0.0,0.0,0.8907734892645407,0.0,0.0,0.9303204094594916,3.0,90.0,0.2252367117150742,0.0,0.0,1.0,0.0,7.0,0.9408855609308108,0.0,4.0,0.9453871744604412,0.0,0.0,1.0
1472.0,2.0,2.0,0.0454545454545454,8.703285658407971,44.0,454.0,10.318181818181818,0.0,0.0,2.0,48.0,0.0,8.071280526810218,2.526315789473684,2.526315789473684,19.0,0.0,5.0,0.8252426846490134,1.0,1.0,0.4891817755949238,0.0,0.0,0.8505581228082395,1.0,32.0,0.603735526350887,0.0,0.0,1.0,0.0,10.0,0.4244245624080869,0.0,0.0,1.0,0.0,0.0,1.0
1480.0,5.0,22.0,0.4782608695652174,7.85194911913207,46.0,456.0,9.91304347826087,2.0,0.0434782608695652,5.0,32.0,0.0,5.397779701917581,2.0,2.0,16.0,1.0,7.0,0.5081795966809707,1.0,6.0,1.4695759542565118e-05,0.0,0.0,0.9353942942774768,3.0,14.0,0.0001493412014094,0.0,0.0,1.0,0.0,5.0,0.7395550612030084,0.0,0.0,0.5568636338221462,0.0,0.0,1.0
1488.0,2.0,21.0,0.4375,7.69589796397356,48.0,469.0,9.770833333333334,13.0,0.2708333333333333,2.0,48.0,16.0,6.921335093655165,2.823529411764706,2.823529411764706,17.0,0.0,10.0,0.5319882933190928,1.0,14.0,0.4616459473149839,0.0,0.0,0.8579161617675608,0.0,6.0,0.3867915652853635,0.0,0.0,1.0,1.0,13.0,0.4673151010941953,0.0,5.0,0.8816600034194886,0.0,0.0,1.0
1496.0,4.0,38.0,0.7916666666666666,8.349297816289118,48.0,467.0,9.729166666666666,0.0,0.0,2.0,33.0,0.0,7.439203587115519,2.5384615384615383,2.5384615384615383,13.0,1.0,8.0,0.5953753864428997,1.0,22.0,0.7238494250173664,0.0,0.0,0.5792604481517327,0.0,0.0,1.0,0.0,0.0,1.0,0.0,3.0,0.8677129358437953,0.0,0.0,1.0,0.0,0.0,1.0
1504.0,5.0,25.0,0.5813953488372093,8.829316548151901,43.0,448.0,10.418604651162791,0.0,0.0,2.0,16.0,0.0,10.27645969458035,1.0,1.0,16.0,0.0,0.0,0.9074636728424602,0.0,0.0,0.9176588417275492,2.0,11.0,0.3143856914709489,0.0,2.0,0.7858059057549872,0.0,0.0,1.0,0.0,0.0,0.9378532987649748,0.0,3.0,0.9375184861848336,0.0,0.0,1.0
1512.0,2.0,12.0,0.3,8.857871386071675,40.0,415.0,10.375,0.0,0.0,2.0,23.0,7.0,7.562989502644152,1.7692307692307692,1.7692307692307692,13.0,0.0,0.0,0.7367133907245668,0.0,0.0,1.0,1.0,14.0,0.4210446430389198,1.0,9.0,0.6248933954230981,0.0,0.0,1.0,0.0,0.0,0.449409735727811,0.0,0.0,1.0,0.0,0.0,1.0
1520.0,3.0,23.0,0.5897435897435898,9.28016293976644,39.0,382.0,9.794871794871796,0.0,0.0,3.0,35.0,12.0,8.58324670454867,2.5,2.5,14.0,1.0,0.0,0.7880782234945054,0.0,0.0,1.0,2.0,27.0,5.698013908880996e-05,0.0,5.0,0.8853073996368271,0.0,0.0,1.0,0.0,0.0,0.8894723706076042,0.0,3.0,0.9497173640034084,0.0,0.0,1.0
1528.0,3.0,18.0,0.4736842105263157,9.933564708911842,38.0,345.0,9.078947368421051,0.0,0.0,3.0,27.0,0.0,8.977702704452504,1.5,1.5,18.0,1.0,1.0,0.8265993956082158,0.0,0.0,1.0,1.0,17.0,0.0,1.0,9.0,0.6176675289391156,0.0,0.0,0.6578770630774632,0.0,0.0,0.984909537879996,0.0,0.0,0.8963658137072317,0.0,0.0,1.0
1536.0,5.0,33.0,1.0,7.054842202302928,33.0,297.0,9.0,0.0,0.0,5.0,38.0,11.0,5.747131931458068,2.0,2.0,19.0,1.0,9.0,0.5904063823231643,0.0,0.0,0.9490936446167494,0.0,0.0,1.0,3.0,27.0,0.4722334330951909,0.0,0.0,1.0,0.0,0.0,0.0413065131712673,1.0,2.0,0.0013278380239416,0.0,0.0,1.0
1544.0,8.0,81.0,2.3142857142857145,6.618682252367391,35.0,353.0,10.085714285714284,56.0,1.6,8.0,99.0,61.0,5.112398981267672,4.714285714285714,4.714285714285714,21.0,3.0,29.0,0.5908637568538616,0.0,3.0,0.5331464545125336,0.0,3.0,0.0605539610450265,5.0,57.0,0.1401871691305687,0.0,0.0,0.5823886938457167,0.0,7.0,0.7816587899649708,0.0,0.0,0.9483430199963564,0.0,0.0,1.0
1552.0,4.0,55.0,1.6176470588235294,7.552074817419812,34.0,403.0,11.852941176470589,50.0,1.4705882352941178,3.0,87.0,0.0,7.109152549463632,5.117647058823529,5.117647058823529,17.0,3.0,59.0,0.6012376234154253,0.0,3.0,0.9294141740835704,0.0,0.0,1.0,0.0,24.0,0.4653255725834215,0.0,0.0,0.2951354394976357,0.0,1.0,0.5890947257422589,0.0,0.0,1.0,0.0,0.0,1.0
1560.0,8.0,99.0,2.8285714285714287,7.480306198114343,35.0,430.0,12.285714285714286,27.0,0.7714285714285715,8.0,128.0,41.0,6.099959160383811,6.095238095238095,6.095238095238095,21.0,5.0,90.0,0.4932075659790723,0.0,5.0,0.7361003968182984,0.0,0.0,1.0,3.0,33.0,0.0014717892164018,0.0,0.0,1.0,0.0,0.0,0.954068509232181,0.0,0.0,0.8579731179907746,0.0,0.0,1.0
1568.0,5.0,43.0,1.131578947368421,6.674811359518348,38.0,465.0,12.236842105263158,35.0,0.9210526315789472,5.0,121.0,0.0,5.557858848088162,5.260869565217392,5.260869565217392,23.0,1.0,58.0,0.5246097627145065,0.0,5.0,0.9402535711753308,0.0,0.0,0.4149546805966745,3.0,57.0,0.1749718235022435,0.0,0.0,1.0,1.0,1.0,0.2930419570206395,0.0,0.0,1.0,0.0,0.0,1.0
1576.0,7.0,27.0,0.675,6.462865713686815,40.0,512.0,12.8,47.0,1.175,7.0,109.0,0.0,4.247334056353081,5.190476190476191,5.190476190476191,21.0,4.0,75.0,0.3203022080601288,2.0,13.0,0.4213069121815618,0.0,0.0,1.0,0.0,19.0,0.8185398699502948,0.0,0.0,1.0,1.0,2.0,0.4847222751222798,0.0,0.0,1.0,0.0,0.0,1.0
1584.0,9.0,56.0,1.4,7.257909644106562,40.0,446.0,11.15,0.0,0.0,7.0,135.0,26.0,7.2509826335447665,6.136363636363637,6.136363636363637,22.0,6.0,111.0,0.4739546558910281,0.0,12.0,0.8283188171420051,0.0,6.0,0.9222893809105162,0.0,0.0,0.9305389790054246,0.0,0.0,1.0,1.0,3.0,7.389331795413565e-05,0.0,3.0,0.9011007743505663,0.0,0.0,1.0
1592.0,11.0,110.0,2.5,7.308564639647627,44.0,506.0,11.5,60.0,1.3636363636363635,11.0,188.0,53.0,5.2524849812525805,8.173913043478262,8.173913043478262,23.0,8.0,166.0,0.3591886512762891,1.0,7.0,0.7216901564836333,0.0,3.0,0.9902765654626682,1.0,3.0,0.4915730891653101,0.0,0.0,1.0,0.0,0.0,1.0,1.0,9.0,0.4529701640232645,0.0,0.0,1.0
1600.0,5.0,55.0,1.1702127659574468,8.1224777756844,47.0,542.0,11.53191489361702,36.0,0.7659574468085106,5.0,165.0,0.0,7.031336072261344,5.892857142857143,5.892857142857143,28.0,3.0,130.0,0.4936156861239584,0.0,7.0,0.8115631545942978,0.0,7.0,0.8599283441418774,0.0,0.0,0.9250847531865252,0.0,0.0,1.0,0.0,0.0,1.0,2.0,21.0,0.0001384734019948,0.0,0.0,1.0
1608.0,8.0,20.0,0.3773584905660377,7.60713018944224,53.0,567.0,10.69811320754717,25.0,0.4716981132075472,7.0,148.0,0.0,5.818565650742353,5.92,5.92,25.0,5.0,131.0,0.3382818800501114,0.0,4.0,0.8416314463762269,2.0,13.0,0.3587315953134651,0.0,0.0,1.0,0.0,0.0,1.0,0.0,0.0,0.9399289275020192,0.0,0.0,1.0,0.0,0.0,1.0
1616.0,5.0,12.0,0.2264150943396226,8.168925826443907,53.0,489.0,9.226415094339623,0.0,0.0,5.0,100.0,0.0,6.468960952990543,3.8461538461538463,3.8461538461538463,26.0,4.0,88.0,0.5390701691255397,1.0,7.0,0.6559640953713523,0.0,5.0,0.5156894022861884,0.0,0.0,1.0,0.0,0.0,1.0,0.0,0.0,0.879379849282504,0.0,0.0,1.0,0.0,0.0,1.0
1624.0,8.0,41.0,0.7321428571428571,8.837238221702185,56.0,524.0,9.357142857142858,35.0,0.625,8.0,58.0,0.0,6.629078922866372,2.230769230769231,2.230769230769231,26.0,4.0,26.0,0.5642925506727529,4.0,26.0,0.3857434425115812,0.0,3.0,0.9526062478556576,0.0,0.0,0.9594436895801296,0.0,0.0,1.0,0.0,3.0,0.62616970393033,0.0,0.0,0.6915025842815731,0.0,0.0,1.0
1632.0,3.0,9.0,0.1666666666666666,8.916720491036466,54.0,449.0,8.314814814814815,0.0,0.0,1.0,24.0,0.0,6.49460329071266,1.5,1.5,16.0,1.0,16.0,0.3056785444702005,0.0,2.0,0.943915845838118,0.0,3.0,0.960908443649768,0.0,0.0,0.5051331842409971,0.0,0.0,1.0,0.0,0.0,1.0,0.0,3.0,0.9346535211330592,0.0,0.0,1.0
1640.0,3.0,24.0,0.4528301886792453,9.777030107302812,53.0,311.0,5.867924528301887,0.0,0.0,3.0,43.0,19.0,7.476920271916176,2.8666666666666667,2.8666666666666667,15.0,1.0,22.0,0.693390087368771,0.0,2.0,0.8248670998604748,0.0,3.0,0.8552104809115971,1.0,7.0,0.4281430428682611,0.0,0.0,1.0,0.0,0.0,1.0,1.0,9.0,0.4967424405925355,0.0,0.0,1.0
1648.0,2.0,21.0,0.4565217391304347,9.650680590937895,46.0,198.0,4.304347826086956,0.0,0.0,2.0,35.0,0.0,7.69141553463145,2.0588235294117645,2.0588235294117645,17.0,2.0,30.0,0.625771088545839,0.0,2.0,0.9106873438766692,0.0,3.0,0.9120266334712585,0.0,0.0,0.5250128872742781,0.0,0.0,0.8565958473362836,0.0,0.0,1.0,0.0,0.0,1.0,0.0,0.0,1.0
1656.0,2.0,34.0,0.7083333333333334,9.23267103845802,48.0,186.0,3.875,0.0,0.0,2.0,47.0,12.0,9.399436195404492,2.611111111111111,2.611111111111111,18.0,1.0,34.0,0.810614908026249,1.0,7.0,0.658060149616663,0.0,3.0,0.9385793488848364,0.0,0.0,0.8913800978951986,0.0,0.0,1.0,0.0,0.0,1.0,0.0,3.0,0.7700877711183177,0.0,0.0,1.0
1664.0,5.0,17.0,0.3863636363636363,7.91377119214708,44.0,183.0,4.159090909090909,0.0,0.0,4.0,22.0,0.0,6.521634058505234,1.4666666666666666,1.4666666666666666,15.0,1.0,8.0,0.7386470704144844,0.0,0.0,0.8391326449396379,0.0,0.0,0.0169926002894017,3.0,14.0,8.768495013132206e-06,0.0,0.0,1.0,0.0,0.0,1.0,0.0,0.0,0.9147796518983462,0.0,0.0,1.0
1672.0,6.0,15.0,0.3,7.947653478414587,50.0,195.0,3.9,12.0,0.24,6.0,21.0,0.0,5.573055138488575,1.5,1.5,14.0,2.0,8.0,0.4721965639850582,0.0,0.0,0.921684167311336,1.0,8.0,0.0,0.0,0.0,0.8202328958062558,0.0,0.0,1.0,2.0,3.0,0.0034036533146869,1.0,2.0,0.0024269819728778,0.0,0.0,1.0
1680.0,3.0,17.0,0.34,8.978885398148572,50.0,223.0,4.46,28.0,0.56,3.0,27.0,6.0,7.911850311118238,1.8,1.8,15.0,0.0,3.0,0.7944111478453649,1.0,2.0,0.2975471389764778,0.0,4.0,0.8640535885896238,1.0,5.0,0.0,0.0,3.0,0.2103939946386428,0.0,0.0,1.0,1.0,10.0,0.0,0.0,0.0,1.0
1696.0,4.0,18.0,0.3272727272727272,8.209097480714535,55.0,195.0,3.5454545454545454,0.0,0.0,3.0,30.0,0.0,8.044147020864965,1.2,1.2,25.0,0.0,4.0,0.7174679119902582,1.0,4.0,0.7059258120752339,2.0,20.0,0.0660337912019363,0.0,0.0,1.0,0.0,0.0,1.0,0.0,2.0,0.828767340642298,0.0,0.0,0.9546525505733836,0.0,0.0,1.0
1704.0,2.0,2.0,0.037037037037037,8.96034761406751,54.0,168.0,3.111111111111111,0.0,0.0,2.0,23.0,0.0,8.494351745241694,0.8518518518518519,0.8518518518518519,27.0,0.0,6.0,0.8894647051307397,1.0,4.0,0.6700145608114855,0.0,8.0,0.4409814610176901,0.0,0.0,0.0240874959109746,0.0,0.0,1.0,1.0,3.0,0.0148379390940484,0.0,2.0,0.923126803949647,0.0,0.0,1.0
1712.0,3.0,15.0,0.2631578947368421,9.849293034818178,57.0,192.0,3.3684210526315788,24.0,0.4210526315789473,3.0,24.0,1.0,9.521179960289254,1.0,1.0,24.0,1.0,5.0,0.8507429869057603,2.0,19.0,0.6533636695101644,0.0,0.0,1.0,0.0,0.0,0.8199648917444249,0.0,0.0,1.0,0.0,0.0,1.0,0.0,0.0,0.9856531404084652,0.0,0.0,1.0
1720.0,6.0,12.0,0.2068965517241379,8.79981925829121,58.0,212.0,3.655172413793104,20.0,0.3448275862068966,6.0,24.0,0.0,7.777124269532236,0.75,0.75,32.0,1.0,4.0,0.7142605389326808,4.0,16.0,0.5750807748154134,0.0,0.0,0.9589455351496456,0.0,0.0,0.9009510842834252,0.0,0.0,1.0,0.0,0.0,0.2012169057730251,1.0,4.0,0.4896711516768415,0.0,0.0,0.9806373872016182
1728.0,5.0,18.0,0.3333333333333333,8.056215273461268,54.0,201.0,3.7222222222222223,0.0,0.0,4.0,22.0,0.0,6.593026257474321,0.9166666666666666,0.9166666666666666,24.0,0.0,0.0,0.6017006985684243,0.0,3.0,0.6592264631942516,0.0,0.0,1.0,2.0,5.0,0.3298194448536843,0.0,0.0,0.4384008612482707,1.0,7.0,0.0,1.0,7.0,5.358471489260033e-05,0.0,0.0,0.9778328318532018
1736.0,9.0,46.0,0.8363636363636363,7.932123538427092,55.0,208.0,3.7818181818181817,7.0,0.1272727272727272,8.0,66.0,44.0,6.977304297434685,2.5384615384615383,2.5384615384615383,26.0,2.0,22.0,0.6756795271207827,4.0,16.0,0.546398010834452,0.0,7.0,0.9197722076398608,2.0,21.0,0.2221688625033119,0.0,0.0,1.0,0.0,0.0,1.0,0.0,0.0,1.0,0.0,0.0,1.0
1744.0,2.0,9.0,0.1698113207547169,8.234933681209686,53.0,230.0,4.339622641509434,22.0,0.4150943396226415,2.0,39.0,0.0,7.588876689735028,1.8571428571428568,1.8571428571428568,21.0,1.0,16.0,0.6815338596145136,0.0,6.0,0.670960282249181,1.0,12.0,0.5674339620941927,0.0,5.0,0.7840494516121721,0.0,0.0,1.0,0.0,0.0,1.0,0.0,0.0,1.0,0.0,0.0,1.0
1752.0,4.0,22.0,0.4150943396226415,9.099998181976172,53.0,229.0,4.320754716981132,0.0,0.0,3.0,52.0,13.0,9.275060910216077,2.4761904761904763,2.4761904761904763,21.0,3.0,40.0,0.7021294920214962,0.0,3.0,0.916713792689424,0.0,9.0,0.884408494344774,0.0,0.0,0.9030549430579072,0.0,0.0,1.0,0.0,0.0,1.0,0.0,0.0,1.0,0.0,0.0,1.0
1760.0,4.0,28.0,0.5283018867924528,7.733268066380767,53.0,205.0,3.867924528301887,0.0,0.0,3.0,58.0,6.0,6.211401473272673,2.636363636363636,2.636363636363636,22.0,3.0,46.0,0.3756085262735126,0.0,3.0,0.7110660889951443,0.0,9.0,0.9405160579575648,0.0,0.0,0.8092223148320346,0.0,0.0,1.0,0.0,0.0,1.0,0.0,0.0,1.0,0.0,0.0,1.0
1768.0,12.0,97.0,1.7962962962962965,7.429721181678892,54.0,244.0,4.518518518518518,39.0,0.7222222222222222,12.0,130.0,72.0,4.685468137321822,5.2,5.2,25.0,10.0,105.0,0.1575315028653808,0.0,3.0,0.7982314031439768,0.0,12.0,0.8906913745429504,2.0,10.0,5.736833281565125e-06,0.0,0.0,1.0,0.0,0.0,1.0,0.0,0.0,1.0,0.0,0.0,1.0
1776.0,3.0,4.0,0.0769230769230769,7.772011386744632,52.0,279.0,5.365384615384615,35.0,0.6730769230769231,1.0,79.0,0.0,7.185642958153161,3.16,3.16,25.0,0.0,58.0,0.3425715016329451,1.0,6.0,0.6791859973835416,0.0,15.0,0.6903611149731439,0.0,0.0,1.0,0.0,0.0,0.8885149063470139,0.0,0.0,0.998323143005208,0.0,0.0,0.9791866813496504,0.0,0.0,1.0
1784.0,5.0,9.0,0.1551724137931034,8.75232739685451,58.0,295.0,5.086206896551724,16.0,0.2758620689655172,4.0,28.0,0.0,7.117681900544573,1.3333333333333333,1.3333333333333333,21.0,1.0,3.0,0.7127464883960772,2.0,8.0,0.6448199800846055,0.0,12.0,0.7226555487534991,0.0,0.0,1.0,0.0,0.0,0.3878172472477103,0.0,0.0,0.395149986909477,1.0,5.0,0.0,0.0,0.0,1.0
1792.0,9.0,23.0,0.3833333333333333,7.627125134105114,60.0,204.0,3.4,0.0,0.0,6.0,44.0,16.0,5.540127229377552,2.2,2.2,20.0,1.0,10.0,0.4503108241930643,3.0,11.0,0.4541153403686137,2.0,21.0,0.4350368515073806,0.0,0.0,0.9845237502809108,0.0,0.0,1.0,0.0,0.0,1.0,0.0,2.0,0.5565303496215442,0.0,0.0,1.0
1800.0,3.0,30.0,0.5769230769230769,8.95272410365342,52.0,195.0,3.75,0.0,0.0,3.0,57.0,13.0,8.094848234665385,2.590909090909091,2.590909090909091,22.0,0.0,6.0,0.8276199600294982,0.0,4.0,0.7632664923671472,2.0,37.0,0.4635187053735942,1.0,7.0,0.5906727092465874,0.0,0.0,1.0,0.0,3.0,0.993055448806031,0.0,0.0,1.0,0.0,0.0,1.0
1808.0,6.0,55.0,1.0377358490566038,7.804791805305278,53.0,223.0,4.2075471698113205,28.0,0.5283018867924528,6.0,82.0,25.0,6.746422379148681,2.9285714285714284,2.9285714285714284,28.0,0.0,9.0,0.9201973964049504,1.0,9.0,0.5310302633709554,2.0,53.0,0.5921565446872337,2.0,11.0,0.1950771676251143,0.0,0.0,1.0,0.0,0.0,1.0,1.0,0.0,0.3199557188119389,0.0,0.0,1.0
1816.0,5.0,26.0,0.4642857142857143,6.952867973787532,56.0,230.0,4.107142857142857,7.0,0.125,5.0,64.0,0.0,6.015498097850472,1.8823529411764703,1.8823529411764703,34.0,1.0,11.0,0.4465217621051345,1.0,17.0,0.6589711163603422,0.0,17.0,0.7813660275839163,3.0,12.0,0.2258899463710906,0.0,4.0,0.2374753209250227,0.0,0.0,0.9507814976193828,0.0,3.0,0.8516539196728693,0.0,0.0,1.0
1824.0,14.0,60.0,1.0169491525423728,6.287670688748251,59.0,313.0,5.305084745762712,83.0,1.4067796610169492,13.0,100.0,36.0,2.5821938912408053,3.703703703703704,3.703703703703704,27.0,7.0,47.0,0.0152539947790482,2.0,10.0,0.4513382342799877,2.0,19.0,0.4560854422087841,2.0,24.0,0.275545139863967,0.0,0.0,1.0,0.0,0.0,0.4899334944153206,0.0,0.0,1.0,0.0,0.0,1.0
1832.0,10.0,106.0,1.7096774193548387,6.79875557997421,62.0,385.0,6.209677419354839,72.0,1.1612903225806452,10.0,134.0,34.0,3.636575983907045,6.380952380952381,6.380952380952381,21.0,8.0,112.0,0.1711298724143041,0.0,3.0,0.4573486553756905,1.0,9.0,0.5691045689434037,0.0,7.0,0.6257176015898748,0.0,0.0,1.0,1.0,3.0,0.0242954746449746,0.0,0.0,1.0,0.0,0.0,1.0
1840.0,12.0,185.0,2.8461538461538463,7.352079972792248,65.0,443.0,6.815384615384615,58.0,0.8923076923076924,11.0,213.0,79.0,5.42293091169276,8.875,8.875,24.0,8.0,180.0,0.2925693412634553,0.0,3.0,0.6423132388542832,3.0,27.0,0.2237557813605944,0.0,0.0,0.7662019205687186,0.0,0.0,1.0,0.0,0.0,1.0,0.0,3.0,0.9248603843099508,0.0,0.0,1.0
1848.0,13.0,239.0,3.7936507936507935,7.283044383220427,63.0,456.0,7.238095238095238,13.0,0.2063492063492063,10.0,272.0,59.0,5.457537613666859,10.88,10.88,25.0,8.0,242.0,0.2002501693797553,0.0,3.0,0.9097387252168376,0.0,11.0,0.5227919850397948,0.0,0.0,0.9764985631900562,0.0,3.0,0.6920718954699543,0.0,0.0,0.863433008517927,2.0,13.0,0.4712638309954065,0.0,0.0,1.0
1856.0,7.0,15.0,0.234375,6.858174686362917,64.0,480.0,7.5,24.0,0.375,5.0,172.0,0.0,5.406902897092507,6.615384615384615,6.615384615384615,26.0,2.0,148.0,0.3712034081692376,1.0,12.0,0.692192044809277,0.0,0.0,0.9478757161883798,1.0,3.0,0.6261864577589354,0.0,0.0,1.0,1.0,5.0,0.4733958797421229,0.0,4.0,0.2753325943367252,0.0,0.0,1.0
1864.0,10.0,43.0,0.6056338028169014,7.10468452368642,71.0,530.0,7.464788732394366,50.0,0.704225352112676,10.0,207.0,35.0,5.050777119559403,7.392857142857143,7.392857142857143,28.0,6.0,168.0,0.3566340595838775,0.0,10.0,0.8325211112375251,0.0,0.0,0.920340750798583,1.0,5.0,0.4701947122030409,0.0,0.0,1.0,3.0,24.0,0.2584158203471507,0.0,0.0,1.0,0.0,0.0,1.0
1872.0,7.0,61.0,0.8714285714285714,7.151797969654749,70.0,496.0,7.085714285714285,0.0,0.0,5.0,180.0,0.0,5.88866804267417,6.206896551724138,6.206896551724138,29.0,0.0,110.0,0.4744499289801653,0.0,7.0,0.8698667157815166,0.0,0.0,0.8930684505486247,0.0,0.0,0.9005634836290648,0.0,0.0,0.4853104292697633,5.0,63.0,0.1845817271409566,0.0,0.0,0.9520892742579709,0.0,0.0,1.0
1880.0,7.0,35.0,0.4861111111111111,7.964715131001814,72.0,507.0,7.041666666666667,11.0,0.1527777777777778,6.0,103.0,0.0,5.4685533144632,4.291666666666667,4.291666666666667,24.0,1.0,23.0,0.6286949878388454,0.0,7.0,0.8958280340936131,0.0,3.0,0.9524492783918036,0.0,0.0,0.9208957389906788,0.0,0.0,1.0,4.0,66.0,0.108279359985121,1.0,4.0,0.1559573911617143,0.0,0.0,1.0
1888.0,6.0,18.0,0.2608695652173913,8.319909684564943,69.0,410.0,5.942028985507246,0.0,0.0,5.0,66.0,0.0,6.4282845691443615,2.869565217391304,2.869565217391304,23.0,2.0,25.0,0.6158463225746142,1.0,7.0,0.6316037034493435,2.0,11.0,7.152864073429869e-05,0.0,0.0,0.5589850272503004,0.0,0.0,0.5419786091170232,0.0,23.0,0.6299143294640658,0.0,0.0,0.967245106524435,0.0,0.0,1.0
1896.0,4.0,30.0,0.4761904761904761,8.64394719978941,63.0,334.0,5.301587301587301,0.0,0.0,4.0,53.0,0.0,8.087547210941594,2.12,2.12,25.0,0.0,7.0,0.7487137198104505,0.0,7.0,0.7932164356787811,1.0,17.0,0.5392838553607895,2.0,20.0,0.5900916000980616,0.0,0.0,1.0,0.0,0.0,1.0,1.0,2.0,0.6673370346125301,0.0,0.0,1.0
1904.0,7.0,45.0,0.75,7.02785318614094,60.0,309.0,5.15,0.0,0.0,7.0,70.0,17.0,5.986902854929596,1.9444444444444444,1.9444444444444444,36.0,1.0,13.0,0.5527167792176328,1.0,10.0,0.661954972183099,2.0,26.0,0.4370074113845486,0.0,5.0,0.5395376993688128,0.0,0.0,0.8433421876347877,1.0,5.0,0.0081646287446231,2.0,11.0,0.3484768631398475,0.0,0.0,1.0
1912.0,7.0,42.0,0.6666666666666666,7.634385098697837,63.0,367.0,5.825396825396825,58.0,0.9206349206349206,7.0,73.0,3.0,5.506221137854986,2.607142857142857,2.607142857142857,28.0,1.0,24.0,0.6498285133293138,0.0,7.0,0.7275018012605716,3.0,22.0,0.2014459251796418,1.0,5.0,0.3450587725458142,0.0,0.0,1.0,0.0,0.0,0.9703944971766368,2.0,15.0,0.0688190141234536,0.0,0.0,1.0
1920.0,9.0,36.0,0.5714285714285714,7.65783531329373,63.0,388.0,6.158730158730159,21.0,0.3333333333333333,8.0,69.0,0.0,5.927194285347977,2.4642857142857144,2.4642857142857144,28.0,1.0,13.0,0.637114449295611,2.0,14.0,0.580726819902904,0.0,14.0,0.5241979860494957,1.0,1.0,0.4879615823004997,0.0,0.0,1.0,2.0,6.0,0.0009437052445153,2.0,21.0,0.1741205460749625,0.0,0.0,1.0
1928.0,8.0,50.0,0.8064516129032258,7.781581338023226,62.0,442.0,7.129032258064516,54.0,0.8709677419354839,7.0,73.0,4.0,7.498267392668375,2.212121212121212,2.212121212121212,33.0,1.0,16.0,0.6863480177011523,3.0,20.0,0.4373641506635949,0.0,4.0,0.8544122701762488,1.0,9.0,0.6173637676812477,0.0,0.0,1.0,2.0,22.0,0.0,0.0,2.0,0.4503403322887784,0.0,0.0,1.0
1936.0,10.0,48.0,0.7384615384615385,7.569523717880501,65.0,496.0,7.630769230769231,54.0,0.8307692307692308,10.0,87.0,14.0,6.824644038998332,2.71875,2.71875,32.0,5.0,59.0,0.606905325794494,4.0,21.0,0.4138042623575813,0.0,0.0,1.0,0.0,0.0,0.3533779638305649,0.0,0.0,0.9787562009901446,0.0,0.0,1.0,1.0,7.0,0.0,0.0,0.0,1.0
1944.0,3.0,9.0,0.140625,8.811116655899031,64.0,512.0,8.0,16.0,0.25,3.0,85.0,0.0,8.557951386395636,2.65625,2.65625,32.0,0.0,37.0,0.7137327519925433,2.0,21.0,0.416884073166865,0.0,5.0,0.9661394518513762,1.0,5.0,0.4857649964090872,0.0,0.0,1.0,0.0,5.0,0.4391245133637537,0.0,12.0,0.8697213189351952,0.0,0.0,1.0
1952.0,11.0,58.0,0.9206349206349206,7.962361929145589,63.0,500.0,7.936507936507937,0.0,0.0,11.0,127.0,42.0,7.152916958107927,3.4324324324324325,3.4324324324324325,37.0,5.0,71.0,0.6474965321570081,2.0,18.0,0.4798489033625757,1.0,11.0,0.5422715512888783,1.0,13.0,0.4535043507006902,0.0,0.0,1.0,0.0,0.0,0.7722481813744175,2.0,14.0,0.0007441396282772,0.0,0.0,1.0
1960.0,14.0,107.0,1.7258064516129032,6.985484880257098,62.0,473.0,7.629032258064516,0.0,0.0,13.0,177.0,50.0,6.571147807057415,4.317073170731708,4.317073170731708,41.0,6.0,112.0,0.5075042889632493,2.0,26.0,0.5962474158526755,3.0,35.0,0.6296985249864354,1.0,1.0,0.0035200676783524,0.0,0.0,1.0,1.0,0.0,0.4877363352898687,0.0,3.0,0.9591697292541912,0.0,0.0,1.0
1968.0,4.0,33.0,0.5076923076923077,7.964225944562711,65.0,510.0,7.846153846153846,37.0,0.5692307692307692,4.0,128.0,0.0,7.348325103384052,3.282051282051282,3.282051282051282,39.0,1.0,71.0,0.5587716537803351,2.0,34.0,0.547563282271183,0.0,22.0,0.6933446683339061,0.0,0.0,1.0,0.0,0.0,1.0,1.0,1.0,0.3253856759676842,0.0,0.0,0.9562822568608518,0.0,0.0,1.0
1976.0,6.0,51.0,0.7391304347826086,8.262895060855442,69.0,512.0,7.420289855072464,2.0,0.0289855072463768,6.0,80.0,0.0,7.103603311925913,2.6666666666666665,2.6666666666666665,30.0,3.0,35.0,0.4342654294354172,3.0,44.0,0.458890418665094,0.0,1.0,0.8073352025296793,0.0,0.0,1.0,0.0,0.0,1.0,0.0,0.0,1.0,0.0,0.0,0.8710266782901813,0.0,0.0,1.0
1984.0,8.0,32.0,0.4776119402985074,7.424021039584248,67.0,441.0,6.582089552238806,0.0,0.0,8.0,71.0,0.0,5.882590273074902,2.0285714285714285,2.0285714285714285,35.0,1.0,35.0,0.39800351441624,4.0,18.0,0.3692907622821901,2.0,13.0,0.5852290258838422,0.0,0.0,0.9166880447375338,0.0,1.0,0.8543791385748164,0.0,0.0,1.0,1.0,4.0,0.326615978743989,0.0,0.0,1.0
1992.0,6.0,30.0,0.5084745762711864,8.126825085333145,59.0,419.0,7.101694915254237,0.0,0.0,6.0,79.0,8.0,6.984973164620274,2.548387096774193,2.548387096774193,31.0,4.0,55.0,0.4822098661426403,0.0,2.0,0.5094410339548884,0.0,6.0,0.8072119278195758,0.0,0.0,0.9245207295343546,0.0,0.0,1.0,0.0,0.0,1.0,2.0,16.0,0.0,0.0,0.0,1.0
2000.0,14.0,81.0,1.528301886792453,7.08313795175021,53.0,368.0,6.943396226415095,0.0,0.0,13.0,141.0,62.0,5.358552013811438,4.2727272727272725,4.2727272727272725,33.0,4.0,90.0,0.585622490283282,5.0,24.0,0.2547105158846985,3.0,23.0,0.603267068552939,1.0,4.0,0.0880852037044248,0.0,0.0,1.0,0.0,0.0,1.0,0.0,0.0,1.0,0.0,0.0,1.0
2008.0,11.0,143.0,2.75,6.973341674378485,52.0,416.0,8.0,48.0,0.9230769230769232,11.0,207.0,66.0,6.010153934306249,6.2727272727272725,6.2727272727272725,33.0,5.0,122.0,0.4712954381579613,6.0,71.0,0.1244627308226765,0.0,11.0,0.8086121747507219,0.0,0.0,0.7700419920957171,0.0,0.0,1.0,0.0,3.0,0.9447295029854856,0.0,0.0,1.0,0.0,0.0,1.0
2016.0,4.0,14.0,0.2641509433962264,7.707637965486843,53.0,442.0,8.339622641509434,26.0,0.490566037735849,3.0,144.0,0.0,6.988912172033766,4.8,4.8,30.0,3.0,106.0,0.5390611308079711,0.0,31.0,0.5441221380523816,0.0,4.0,0.8446272204985565,0.0,0.0,0.0118044533422851,0.0,0.0,1.0,0.0,3.0,0.3799457658338634,0.0,0.0,0.9076307644156812,0.0,0.0,1.0
2024.0,8.0,53.0,0.9298245614035088,8.530858883565468,57.0,484.0,8.491228070175438,42.0,0.7368421052631579,8.0,108.0,0.0,7.519092460033605,3.4838709677419355,3.4838709677419355,31.0,4.0,59.0,0.6118049278315856,2.0,43.0,0.5413907816114877,1.0,5.0,0.6360720530599854,0.0,0.0,0.9547646390825754,0.0,0.0,1.0,0.0,0.0,1.0,1.0,1.0,0.6438973678961205,0.0,0.0,1.0
2032.0,15.0,114.0,2.150943396226415,6.629841258792847,53.0,473.0,8.924528301886792,0.0,0.0,15.0,149.0,41.0,4.072138447655153,4.806451612903226,4.806451612903226,31.0,6.0,105.0,0.4136155769280605,1.0,4.0,0.6189710987548286,6.0,30.0,0.1104793265725099,0.0,0.0,0.0586684434634747,0.0,0.0,0.7492579050051948,0.0,0.0,1.0,2.0,10.0,0.0002828426732695,0.0,0.0,1.0
2040.0,12.0,161.0,3.22,6.6064732382204445,50.0,473.0,9.46,0.0,0.0,12.0,227.0,78.0,5.5435320551410125,6.485714285714286,6.485714285714286,35.0,7.0,152.0,0.4868844390614226,0.0,7.0,0.6373002723592178,3.0,55.0,0.3489424705403145,1.0,7.0,0.3490408973174109,1.0,6.0,0.4187131700358772,0.0,0.0,0.728265906213937,0.0,0.0,1.0,0.0,0.0,1.0
2048.0,5.0,29.0,0.58,7.726942697660183,50.0,504.0,10.08,31.0,0.62,4.0,114.0,0.0,6.071469092246758,4.956521739130435,4.956521739130435,23.0,1.0,69.0,0.4359531087907994,1.0,9.0,0.7454822855282683,2.0,33.0,0.47137418662977,0.0,0.0,0.9784809600239166,0.0,3.0,0.3162746758648957,0.0,0.0,1.0,0.0,0.0,1.0,0.0,0.0,1.0
2056.0,10.0,43.0,0.8431372549019608,8.270231492768144,51.0,544.0,10.666666666666666,40.0,0.7843137254901961,9.0,127.0,13.0,4.317127351007284,6.684210526315789,6.684210526315789,19.0,5.0,90.0,0.421911874147724,2.0,17.0,0.3847659314465462,2.0,20.0,0.1492201088321836,0.0,0.0,1.0,0.0,0.0,1.0,0.0,0.0,0.877090550093167,0.0,0.0,1.0,0.0,0.0,1.0
2064.0,2.0,3.0,0.0612244897959183,8.514113522357185,49.0,396.0,8.081632653061224,0.0,0.0,1.0,38.0,0.0,7.620623571695181,2.0,2.0,19.0,1.0,24.0,0.6101645358586711,0.0,8.0,0.5867874960927807,0.0,0.0,1.0,0.0,3.0,0.9453137405451032,0.0,0.0,1.0,0.0,3.0,0.4648048242317761,0.0,0.0,0.8565965826722752,0.0,0.0,1.0
2072.0,4.0,8.0,0.1538461538461538,8.947563763665379,52.0,422.0,8.115384615384615,26.0,0.5,3.0,44.0,6.0,7.468521981698628,2.095238095238096,2.095238095238096,21.0,1.0,27.0,0.5986604829875557,1.0,14.0,0.4428386147247534,0.0,0.0,1.0,0.0,0.0,0.9484560160391452,0.0,0.0,1.0,0.0,0.0,0.924257272441422,1.0,3.0,0.5707882069211118,0.0,0.0,1.0
2080.0,9.0,45.0,1.0465116279069768,8.029964602267068,43.0,280.0,6.511627906976744,0.0,0.0,9.0,86.0,42.0,6.811525323701752,3.583333333333333,3.583333333333333,24.0,2.0,41.0,0.6857569364709746,3.0,14.0,0.2267412464865753,0.0,9.0,0.9033781742520404,2.0,6.0,0.3250206290080713,0.0,0.0,0.9271044480845728,0.0,0.0,1.0,2.0,16.0,0.3234337601711646,0.0,0.0,1.0
2088.0,2.0,4.0,0.0975609756097561,8.569138038843917,41.0,255.0,6.219512195121951,0.0,0.0,2.0,43.0,0.0,7.536245350492675,2.263157894736842,2.263157894736842,19.0,0.0,3.0,0.6700686374267859,0.0,20.0,0.5013245921825621,0.0,9.0,0.9533026684202864,1.0,10.0,0.6002083608346085,0.0,0.0,1.0,0.0,0.0,1.0,1.0,1.0,0.004805063841331,0.0,0.0,1.0
2096.0,5.0,33.0,0.6875,9.381550126578444,48.0,269.0,5.604166666666667,14.0,0.2916666666666667,4.0,52.0,9.0,8.830880486545906,2.0,2.0,26.0,1.0,13.0,0.7695540143190343,1.0,10.0,0.7150117072772377,0.0,9.0,0.9519235350138886,1.0,11.0,0.0,0.0,0.0,0.4472082289220713,0.0,0.0,0.6990454332947569,1.0,9.0,0.0,0.0,0.0,1.0
2104.0,6.0,37.0,0.6851851851851852,8.229811658937304,54.0,275.0,5.092592592592593,6.0,0.1111111111111111,4.0,53.0,1.0,7.707906826890327,2.208333333333333,2.208333333333333,24.0,0.0,7.0,0.6490114800750307,3.0,20.0,0.0854107031307448,0.0,9.0,0.982541969981366,0.0,0.0,0.8362571069541923,0.0,0.0,0.9772839516539866,0.0,0.0,1.0,1.0,17.0,0.0,0.0,0.0,1.0
2112.0,10.0,39.0,0.6842105263157895,7.574155194502638,57.0,319.0,5.596491228070176,44.0,0.7719298245614035,10.0,56.0,3.0,6.246293826695032,2.1538461538461537,2.1538461538461537,26.0,10.0,46.0,0.3574986452730512,0.0,0.0,0.9824497321734358,0.0,9.0,0.8670434788479816,0.0,0.0,0.4390752268279311,0.0,0.0,0.409319844554303,0.0,0.0,1.0,0.0,1.0,0.691814686263391,0.0,0.0,1.0
2120.0,10.0,73.0,1.2586206896551724,7.792371049588266,58.0,400.0,6.896551724137931,81.0,1.396551724137931,9.0,107.0,51.0,6.225687732152489,4.115384615384615,4.115384615384615,26.0,4.0,69.0,0.4860331295652275,0.0,0.0,1.0,0.0,9.0,0.923653166858952,3.0,16.0,0.2440517196932089,0.0,0.0,0.961512290092914,0.0,3.0,0.9213595005399292,2.0,10.0,0.3130565086910929,0.0,0.0,1.0
2128.0,11.0,132.0,2.3157894736842106,7.503703871693476,57.0,410.0,7.192982456140351,10.0,0.175438596491228,11.0,178.0,71.0,6.687559539438503,6.357142857142857,6.357142857142857,28.0,8.0,116.0,0.4448041337903349,0.0,8.0,0.9486848384898552,0.0,9.0,0.9456517501637846,3.0,40.0,0.2922705836547707,0.0,0.0,1.0,0.0,0.0,0.9283160778892,0.0,5.0,0.2732874273761906,0.0,0.0,1.0
2136.0,5.0,109.0,1.912280701754386,7.415542849201546,57.0,444.0,7.7894736842105265,34.0,0.5964912280701754,4.0,177.0,0.0,6.311261802890308,7.08,7.08,25.0,4.0,121.0,0.4450733569222618,0.0,7.0,0.8507864035891575,0.0,9.0,0.9004892925753453,0.0,37.0,0.2223249222952911,0.0,0.0,1.0,0.0,0.0,1.0,0.0,3.0,0.955716580185227,0.0,0.0,1.0
2144.0,6.0,146.0,2.56140350877193,8.79858038490789,57.0,461.0,8.087719298245615,17.0,0.2982456140350877,5.0,171.0,0.0,7.233723383535476,6.576923076923077,6.576923076923077,26.0,4.0,155.0,0.4978524038442044,0.0,3.0,0.906369918758358,0.0,9.0,0.8908843802721472,1.0,1.0,0.4911648737404248,0.0,0.0,0.3334563681288021,0.0,3.0,0.9087025794937272,0.0,0.0,1.0,0.0,0.0,1.0
2152.0,11.0,184.0,3.4716981132075477,8.302830667074042,53.0,465.0,8.773584905660377,4.0,0.0754716981132075,10.0,206.0,35.0,4.668437376423157,10.3,10.3,20.0,5.0,177.0,0.3507966070613506,0.0,0.0,1.0,1.0,15.0,0.6934648488316587,3.0,8.0,0.0020808177429941,1.0,0.0,0.0,0.0,6.0,0.6129147201148369,0.0,0.0,1.0,0.0,0.0,1.0
2160.0,11.0,251.0,5.456521739130435,7.463215837006123,46.0,468.0,10.173913043478262,3.0,0.0652173913043478,10.0,277.0,71.0,5.070946152016146,12.590909090909092,12.590909090909092,22.0,5.0,217.0,0.3529398865117011,0.0,0.0,1.0,1.0,20.0,0.6086773231865417,3.0,32.0,0.3680579142248946,0.0,0.0,1.0,1.0,8.0,0.0406454720611664,0.0,0.0,0.5101251646380887,0.0,0.0,1.0
2168.0,7.0,32.0,0.7111111111111111,7.080191020489727,45.0,494.0,10.977777777777778,26.0,0.5777777777777777,6.0,80.0,0.0,5.162655546801162,4.705882352941177,4.705882352941177,17.0,0.0,3.0,0.7941116253540779,0.0,3.0,0.7610572631626611,5.0,42.0,0.2062673496998436,1.0,32.0,0.276267459168666,0.0,0.0,1.0,0.0,0.0,1.0,0.0,0.0,1.0,0.0,0.0,1.0
2176.0,6.0,56.0,1.2727272727272727,9.023012369262744,44.0,528.0,12.0,34.0,0.7727272727272727,6.0,80.0,0.0,6.59663012110191,5.0,5.0,16.0,0.0,3.0,0.9597706966858088,0.0,3.0,0.9966620332610078,5.0,59.0,0.2657537108329056,1.0,12.0,0.4417636621075688,0.0,0.0,0.1936254684686413,0.0,0.0,1.0,0.0,3.0,0.8760006318734186,0.0,0.0,1.0
2184.0,4.0,16.0,0.3636363636363636,8.005425685987554,44.0,367.0,8.340909090909092,0.0,0.0,4.0,61.0,0.0,6.118638518973963,4.066666666666666,4.066666666666666,15.0,1.0,7.0,0.6852056568744477,0.0,3.0,0.0463886495354955,1.0,48.0,0.4544634674272926,1.0,3.0,0.0010836956071473,1.0,0.0,0.0,0.0,0.0,1.0,0.0,0.0,1.0,0.0,0.0,1.0
2192.0,4.0,39.0,0.951219512195122,9.256324618470428,41.0,358.0,8.731707317073171,0.0,0.0,3.0,51.0,0.0,9.226443728829292,2.55,2.55,20.0,0.0,4.0,0.6702574993893726,1.0,14.0,0.5881860508663341,2.0,33.0,0.6871096356117415,0.0,0.0,0.8358627470392832,0.0,0.0,1.0,0.0,0.0,0.9374232629037268,0.0,0.0,1.0,0.0,0.0,1.0
2200.0,5.0,32.0,0.8,8.325078440168463,40.0,386.0,9.65,28.0,0.7,5.0,62.0,11.0,7.007283262835684,2.952380952380953,2.952380952380953,21.0,1.0,8.0,0.7786640836055151,1.0,30.0,0.7411202218174429,3.0,21.0,0.2776604657787439,0.0,3.0,0.9397691776868602,0.0,0.0,1.0,0.0,0.0,0.0756046150436594,0.0,0.0,1.0,0.0,0.0,1.0
2208.0,12.0,110.0,2.8947368421052637,5.900595615297516,38.0,416.0,10.947368421052632,30.0,0.7894736842105263,12.0,136.0,74.0,4.161621414312657,5.44,5.44,25.0,2.0,20.0,0.5664402195984769,1.0,35.0,0.4863170451327068,8.0,72.0,0.0378476109230663,0.0,2.0,0.7178697017857413,0.0,0.0,1.0,1.0,7.0,0.0,0.0,0.0,1.0,0.0,0.0,1.0
2216.0,4.0,60.0,1.5384615384615383,6.929742794118085,39.0,462.0,11.846153846153848,46.0,1.1794871794871795,3.0,137.0,1.0,6.175882569870137,5.708333333333333,5.708333333333333,24.0,1.0,24.0,0.689583143659667,2.0,52.0,0.4450984363649261,0.0,59.0,0.2146293646672429,0.0,2.0,0.8203960006951173,0.0,0.0,1.0,0.0,0.0,1.0,0.0,0.0,1.0,0.0,0.0,1.0
2224.0,11.0,124.0,3.263157894736842,7.240631313111192,38.0,484.0,12.736842105263158,22.0,0.5789473684210527,10.0,174.0,37.0,6.0957138936949615,6.6923076923076925,6.6923076923076925,26.0,3.0,38.0,0.5132218651010763,2.0,68.0,0.6173853599523305,3.0,49.0,0.2441972338430232,2.0,10.0,0.3235686811679733,0.0,0.0,0.2623325652597616,0.0,0.0,0.9428438566401446,0.0,9.0,0.9527509593975058,0.0,0.0,1.0
2232.0,19.0,183.0,4.463414634146342,5.275750159169182,41.0,581.0,14.170731707317072,97.0,2.365853658536585,19.0,284.0,110.0,2.4645025961800973,10.51851851851852,10.51851851851852,27.0,5.0,71.0,0.280025866482483,3.0,101.0,0.4515396454434409,4.0,65.0,0.0021169040092536,3.0,30.0,0.0,1.0,0.0,0.3432943546343371,1.0,1.0,0.0017180332740154,2.0,16.0,6.024764047196781e-05,0.0,0.0,1.0
2240.0,9.0,107.0,2.675,6.032985578746011,40.0,609.0,15.225,28.0,0.7,9.0,209.0,0.0,3.190829755564376,9.952380952380953,9.952380952380953,21.0,1.0,33.0,0.3198689436152158,0.0,25.0,0.8795668687634017,5.0,97.0,0.0,3.0,54.0,0.0022751394011399,0.0,0.0,0.1296085245586721,0.0,0.0,1.0,0.0,0.0,0.5034583020840891,0.0,0.0,1.0
2248.0,4.0,19.0,0.5135135135135135,8.194354171465516,37.0,635.0,17.16216216216216,26.0,0.7027027027027027,4.0,102.0,0.0,6.122027805194664,6.375,6.375,16.0,4.0,36.0,0.1827474589872091,0.0,25.0,0.9204653375630416,0.0,31.0,0.4610666759183857,0.0,4.0,0.3339939899070798,0.0,0.0,1.0,0.0,3.0,0.6744966691491581,0.0,3.0,0.9857860330233952,0.0,0.0,1.0
2256.0,2.0,11.0,0.3548387096774194,9.628101220925323,31.0,459.0,14.806451612903226,0.0,0.0,2.0,47.0,0.0,9.361409614917749,2.9375,2.9375,16.0,1.0,3.0,0.487860975479753,0.0,32.0,0.8760144658052214,0.0,0.0,0.9330693845227728,1.0,12.0,0.4782854307149839,0.0,0.0,0.9696703817605752,0.0,0.0,1.0,0.0,0.0,1.0,0.0,0.0,1.0
2264.0,1.0,11.0,0.3666666666666666,9.647748882283954,30.0,431.0,14.366666666666667,0.0,0.0,1.0,32.0,0.0,7.222986243481926,2.6666666666666665,2.6666666666666665,12.0,1.0,11.0,0.4684826599029147,0.0,21.0,0.7756421987643494,0.0,0.0,0.5305323448871593,0.0,0.0,1.0,0.0,0.0,1.0,0.0,0.0,1.0,0.0,0.0,1.0,0.0,0.0,1.0
2272.0,3.0,12.0,0.4137931034482758,8.561841043836067,29.0,355.0,12.241379310344827,0.0,0.0,3.0,40.0,8.0,6.858990844490022,2.3529411764705883,2.3529411764705883,17.0,0.0,0.0,0.950096388347652,1.0,26.0,0.737100769677089,1.0,14.0,0.5085526511607302,0.0,0.0,1.0,1.0,0.0,0.0,0.0,0.0,1.0,0.0,0.0,1.0,0.0,0.0,1.0
2280.0,2.0,3.0,0.1,8.701485293753572,30.0,322.0,10.733333333333333,0.0,0.0,1.0,38.0,0.0,7.590184651870565,2.7142857142857144,2.7142857142857144,14.0,0.0,3.0,0.8624750311115019,1.0,23.0,0.6825347027838926,0.0,12.0,0.612802702590537,0.0,0.0,1.0,0.0,0.0,0.4169720714139298,0.0,0.0,1.0,0.0,0.0,1.0,0.0,0.0,1.0
2288.0,6.0,21.0,0.6363636363636364,7.332710847305035,33.0,289.0,8.757575757575758,0.0,0.0,6.0,64.0,26.0,5.186578873070375,3.3684210526315788,3.3684210526315788,19.0,0.0,3.0,0.6431085262915965,2.0,36.0,0.5729148810065454,3.0,25.0,0.3127947083163977,0.0,0.0,1.0,1.0,0.0,0.0,0.0,0.0,1.0,0.0,0.0,1.0,0.0,0.0,1.0
2296.0,4.0,5.0,0.1282051282051282,7.469464609794001,39.0,311.0,7.9743589743589745,22.0,0.5641025641025641,2.0,30.0,0.0,6.440400515937798,1.4285714285714286,1.4285714285714286,21.0,0.0,0.0,0.5654739609357506,1.0,12.0,0.7428916676516005,1.0,16.0,0.2832036504465072,0.0,0.0,1.0,0.0,0.0,1.0,0.0,0.0,1.0,0.0,0.0,1.0,0.0,2.0,0.9906779675554298
2304.0,5.0,15.0,0.3409090909090909,7.825167972063202,44.0,317.0,7.204545454545454,6.0,0.1363636363636363,5.0,57.0,27.0,7.187484619879146,1.9,1.9,30.0,2.0,13.0,0.5817865609559069,1.0,18.0,0.7746400888443188,2.0,24.0,0.4192428608652904,0.0,0.0,0.8948383290173609,0.0,0.0,1.0,0.0,0.0,0.9915469840989178,0.0,0.0,1.0,0.0,2.0,0.9708014275453796
2320.0,12.0,100.0,1.96078431372549,6.059304936608664,51.0,417.0,8.176470588235293,61.0,1.196078431372549,10.0,160.0,38.0,4.913259426918541,5.333333333333333,5.333333333333333,30.0,2.0,8.0,0.29368918641628,0.0,35.0,0.7357480618493868,6.0,101.0,0.3159126252501784,0.0,0.0,1.0,0.0,0.0,1.0,2.0,16.0,3.757245600989845e-05,0.0,0.0,1.0,0.0,0.0,1.0
2328.0,9.0,75.0,1.3157894736842106,6.843929060152551,57.0,504.0,8.842105263157896,87.0,1.5263157894736843,8.0,157.0,0.0,5.606233474601364,4.90625,4.90625,32.0,2.0,20.0,0.4949110270891368,0.0,13.0,0.7132280964943862,4.0,92.0,0.4031258462089693,0.0,0.0,1.0,0.0,0.0,1.0,2.0,32.0,0.1492216018702113,0.0,0.0,1.0,0.0,0.0,1.0
2336.0,5.0,52.0,0.8666666666666667,8.106638794768722,60.0,534.0,8.9,30.0,0.5,5.0,119.0,0.0,7.375812891630479,3.4,3.4,35.0,4.0,45.0,0.5979436436528459,0.0,14.0,0.9340268635499744,0.0,38.0,0.5095415732645237,0.0,0.0,0.928699137489192,0.0,0.0,0.3526981446572932,1.0,22.0,0.4717313583448652,0.0,0.0,1.0,0.0,0.0,1.0
2344.0,7.0,41.0,0.6507936507936508,7.460966705210059,63.0,532.0,8.444444444444445,0.0,0.0,7.0,105.0,0.0,6.520053110286644,2.5,2.5,42.0,2.0,2.0,0.4503480319510818,0.0,17.0,0.8551049922351045,4.0,50.0,0.4233289147236531,0.0,0.0,0.8974862913293805,0.0,0.0,1.0,1.0,30.0,0.4377942409403517,0.0,6.0,0.8544728456456764,0.0,0.0,1.0
2352.0,12.0,37.0,0.5606060606060606,6.6127705703798085,66.0,587.0,8.893939393939394,55.0,0.8333333333333334,12.0,104.0,0.0,5.246955319558889,2.4761904761904763,2.4761904761904763,42.0,4.0,16.0,0.3812915384476549,1.0,18.0,0.7811052263822768,3.0,48.0,0.4085530662523206,0.0,3.0,0.9503278392106044,0.0,0.0,1.0,1.0,6.0,0.0,3.0,13.0,0.0016152978944578,0.0,0.0,1.0
2360.0,10.0,73.0,1.0735294117647058,6.843498888570436,68.0,656.0,9.647058823529411,69.0,1.0147058823529411,10.0,161.0,57.0,5.014883967887432,3.8333333333333335,3.8333333333333335,42.0,4.0,48.0,0.5123533855222038,1.0,27.0,0.7911206622856847,4.0,71.0,0.2406723717381192,1.0,9.0,0.6315888960907158,0.0,0.0,1.0,0.0,0.0,0.9505734333541872,0.0,6.0,0.2156797045547108,0.0,0.0,1.0
2368.0,9.0,97.0,1.4477611940298507,7.087425949022692,67.0,634.0,9.462686567164178,0.0,0.0,9.0,179.0,18.0,6.169996758057914,3.7291666666666665,3.7291666666666665,48.0,4.0,83.0,0.596276668634812,0.0,13.0,0.8892998240452376,4.0,66.0,0.3111805811544935,0.0,3.0,0.5256821572317512,0.0,0.0,1.0,0.0,0.0,0.8914096110127567,1.0,14.0,0.6385330100754261,0.0,0.0,1.0
2376.0,8.0,22.0,0.3142857142857143,7.342747193872651,70.0,690.0,9.857142857142858,56.0,0.8,7.0,148.0,0.0,6.343941585687521,3.148936170212766,3.148936170212766,47.0,3.0,39.0,0.529493308724742,0.0,14.0,0.9344326229666388,4.0,87.0,0.3405044746017864,0.0,4.0,0.9606356510326804,0.0,0.0,1.0,0.0,0.0,1.0,0.0,0.0,0.3988632316362364,0.0,4.0,0.966352131080524
2384.0,7.0,23.0,0.3066666666666666,7.7076765654235135,75.0,741.0,9.88,51.0,0.68,7.0,157.0,9.0,6.191972340496445,3.14,3.14,50.0,4.0,60.0,0.4977447736129471,1.0,19.0,0.7898818069218497,2.0,74.0,0.3715532952411418,0.0,4.0,0.9753672634835608,0.0,0.0,0.2531934260524356,0.0,0.0,0.8787067003650783,0.0,0.0,0.9861390197554464,0.0,0.0,1.0
2392.0,9.0,40.0,0.4878048780487805,7.296803737067378,82.0,751.0,9.158536585365852,10.0,0.1219512195121951,8.0,178.0,21.0,5.744700538658328,3.358490566037736,3.358490566037736,53.0,3.0,63.0,0.5999243605182963,0.0,21.0,0.8471536765053898,4.0,88.0,0.2689160653657062,1.0,6.0,0.4710458092709397,0.0,0.0,1.0,0.0,0.0,1.0,0.0,0.0,1.0,0.0,0.0,1.0
2400.0,11.0,68.0,0.8,7.426771875503772,85.0,684.0,8.047058823529412,0.0,0.0,11.0,199.0,21.0,6.15806794846955,3.431034482758621,3.431034482758621,58.0,3.0,83.0,0.7203316691025827,3.0,30.0,0.6876667732920917,4.0,73.0,0.2989921635301104,1.0,7.0,0.5175609985393393,0.0,0.0,0.6472246164706199,0.0,0.0,1.0,0.0,0.0,1.0,0.0,6.0,0.957790527276816
2408.0,4.0,9.0,0.1058823529411764,6.752547831280798,85.0,668.0,7.858823529411764,0.0,0.0,3.0,74.0,0.0,5.962055148495433,1.3703703703703705,1.3703703703703705,54.0,1.0,11.0,0.5267205064853825,0.0,24.0,0.8144905577012934,2.0,39.0,0.3181398790320121,0.0,0.0,0.7534826102854049,0.0,0.0,1.0,0.0,0.0,0.3339852143818374,0.0,0.0,1.0,0.0,0.0,1.0
2416.0,11.0,49.0,0.5697674418604651,6.898520867253331,86.0,738.0,8.581395348837209,70.0,0.813953488372093,10.0,120.0,46.0,5.019046482031848,2.3529411764705883,2.3529411764705883,51.0,5.0,42.0,0.5431107566827862,2.0,35.0,0.6857595361945048,3.0,43.0,0.1650057611433567,0.0,0.0,1.0,0.0,0.0,0.9416794431015566,0.0,0.0,0.0156991741617523,0.0,0.0,1.0,0.0,0.0,1.0
2424.0,7.0,29.0,0.3536585365853658,6.79382609700205,82.0,724.0,8.829268292682928,0.0,0.0,7.0,135.0,15.0,5.485345106697729,2.9347826086956523,2.9347826086956523,46.0,1.0,48.0,0.594135067112094,2.0,30.0,0.7426652936657051,3.0,49.0,0.2615560835547817,0.0,0.0,1.0,0.0,0.0,1.0,1.0,8.0,0.0,0.0,0.0,0.9855993365520548,0.0,0.0,1.0
2432.0,14.0,68.0,0.8607594936708861,5.72943542282644,79.0,679.0,8.594936708860759,0.0,0.0,13.0,191.0,56.0,4.245001332549353,3.82,3.82,50.0,5.0,51.0,0.3429784562396202,3.0,53.0,0.7025835043615672,4.0,71.0,0.200010957626021,0.0,0.0,0.926133599342267,0.0,0.0,1.0,1.0,16.0,0.0,0.0,0.0,1.0,0.0,0.0,1.0
2440.0,8.0,18.0,0.2307692307692307,6.648870109208872,78.0,695.0,8.91025641025641,16.0,0.2051282051282051,6.0,146.0,0.0,4.980964349688525,3.2444444444444445,3.2444444444444445,45.0,2.0,7.0,0.6066493029325514,0.0,54.0,0.7526915397078363,4.0,85.0,0.2349992118293545,0.0,0.0,0.9731930615764922,0.0,0.0,1.0,0.0,0.0,1.0,0.0,0.0,1.0,0.0,0.0,1.0
2448.0,6.0,38.0,0.4810126582278481,6.979399090569819,79.0,715.0,9.050632911392404,20.0,0.2531645569620253,5.0,153.0,7.0,5.821660879616856,3.0,3.0,51.0,2.0,17.0,0.6852992223205298,2.0,43.0,0.7163169821193183,1.0,86.0,0.2864776376900163,0.0,0.0,0.9883661629036546,0.0,0.0,1.0,0.0,0.0,0.8384782723522199,0.0,7.0,0.883063267144449,0.0,0.0,1.0
2456.0,8.0,25.0,0.3289473684210526,6.361438841887191,76.0,656.0,8.631578947368421,0.0,0.0,8.0,142.0,0.0,5.11826774244755,2.84,2.84,50.0,1.0,3.0,0.7064239720544925,0.0,34.0,0.8656855442779144,5.0,98.0,0.2758331598713971,1.0,1.0,0.0057764915786993,0.0,0.0,1.0,0.0,0.0,1.0,1.0,6.0,0.0908908290826411,0.0,0.0,1.0
2464.0,7.0,22.0,0.2784810126582278,6.611354841516489,79.0,672.0,8.50632911392405,16.0,0.2025316455696202,6.0,147.0,5.0,5.66300159716514,2.7222222222222223,2.7222222222222223,54.0,1.0,1.0,0.584352182988993,0.0,30.0,0.7951511060514581,3.0,100.0,0.3450010523288561,2.0,11.0,0.4569065116337055,0.0,0.0,1.0,0.0,2.0,0.9565781168853394,0.0,3.0,0.3256909121046027,0.0,0.0,1.0
2472.0,17.0,80.0,0.975609756097561,6.466238842839114,82.0,698.0,8.512195121951219,26.0,0.3170731707317073,14.0,248.0,101.0,5.404903229306914,4.203389830508475,4.203389830508475,59.0,3.0,22.0,0.6515643999243668,2.0,48.0,0.731844521017332,4.0,135.0,0.3299755969010251,5.0,38.0,0.0511338968218616,0.0,0.0,1.0,0.0,5.0,0.7611486504724061,0.0,0.0,0.9310296539512992,0.0,0.0,1.0
2480.0,17.0,107.0,1.3375,5.538298884831923,80.0,721.0,9.0125,23.0,0.2875,16.0,301.0,53.0,4.83260216026764,4.934426229508197,4.934426229508197,61.0,4.0,53.0,0.4712198925272627,0.0,31.0,0.8225271874132425,8.0,179.0,0.3158278766446161,1.0,22.0,0.2828617283381428,0.0,0.0,0.1624028877880333,2.0,15.0,0.3006915566760756,1.0,1.0,0.4636386163524577,0.0,0.0,1.0
2488.0,21.0,165.0,2.0121951219512195,6.194009979711589,82.0,876.0,10.682926829268292,155.0,1.8902439024390243,20.0,369.0,68.0,5.230564569988174,6.709090909090909,6.709090909090909,55.0,4.0,55.0,0.5172082172890677,2.0,45.0,0.7104741810194435,13.0,265.0,0.3582892526128164,0.0,1.0,0.6853300714755114,0.0,0.0,1.0,1.0,3.0,0.0,0.0,0.0,0.5702166825169708,0.0,0.0,1.0
2496.0,16.0,170.0,2.098765432098765,7.078067301982212,81.0,994.0,12.271604938271604,118.0,1.4567901234567902,16.0,361.0,0.0,5.369561334820625,7.22,7.22,50.0,5.0,49.0,0.4990676843502092,2.0,37.0,0.6465167142654406,8.0,269.0,0.4331860693028442,0.0,0.0,0.9042412137224028,0.0,1.0,0.3177270026530905,0.0,0.0,1.0,1.0,5.0,0.0,0.0,0.0,1.0
2504.0,9.0,38.0,0.4523809523809524,6.879813039240596,84.0,1045.0,12.44047619047619,51.0,0.6071428571428571,9.0,398.0,37.0,5.553184068655546,7.509433962264151,7.509433962264151,53.0,4.0,38.0,0.4045100598438205,0.0,34.0,0.76867598116838,4.0,317.0,0.4311038535031717,1.0,3.0,0.0859168072908656,0.0,0.0,1.0,0.0,0.0,1.0,0.0,3.0,0.9539181882592253,0.0,3.0,0.9466361986105994
2512.0,9.0,47.0,0.5662650602409639,7.874569060153297,83.0,1104.0,13.301204819277109,59.0,0.7108433734939759,8.0,353.0,0.0,6.879854406080452,7.204081632653061,7.204081632653061,49.0,3.0,35.0,0.6251470414052882,1.0,44.0,0.7285322105134977,4.0,271.0,0.5281282257590939,0.0,0.0,0.8097843072631932,0.0,0.0,0.4951421211540475,0.0,0.0,1.0,0.0,0.0,1.0,0.0,3.0,0.9768570480391912
2536.0,3.0,10.0,0.1351351351351351,8.250401426175586,74.0,970.0,13.108108108108109,2.0,0.027027027027027,3.0,152.0,0.0,7.028882686633661,3.1020408163265305,3.1020408163265305,49.0,0.0,26.0,0.596136909353508,0.0,25.0,0.8512816500729066,3.0,97.0,0.554245417436316,0.0,0.0,1.0,0.0,0.0,1.0,0.0,4.0,0.812834839759409,0.0,0.0,0.9973544052742158,0.0,0.0,1.0
2544.0,10.0,46.0,0.647887323943662,7.857224305910653,71.0,910.0,12.816901408450704,0.0,0.0,8.0,143.0,0.0,6.514009854900421,3.25,3.25,44.0,2.0,22.0,0.5216796501370193,2.0,30.0,0.7474786155337385,3.0,89.0,0.6396352497689191,0.0,0.0,1.0,0.0,0.0,1.0,0.0,0.0,0.7943509969916428,1.0,2.0,0.4978953068805706,0.0,0.0,1.0
2552.0,4.0,35.0,0.5223880597014925,8.025282797505811,67.0,930.0,13.880597014925373,20.0,0.2985074626865671,4.0,120.0,0.0,6.771469113819882,3.1578947368421053,3.1578947368421053,38.0,2.0,32.0,0.498606290796487,1.0,34.0,0.7964887369971398,1.0,53.0,0.692769529076261,0.0,0.0,0.9198584501020992,0.0,0.0,1.0,0.0,1.0,0.8747239022416743,0.0,0.0,0.6420327368037637,0.0,0.0,1.0
2560.0,3.0,32.0,0.5079365079365079,8.291088601933486,63.0,927.0,14.714285714285714,0.0,0.0,3.0,116.0,0.0,6.613369063854275,3.741935483870968,3.741935483870968,31.0,1.0,8.0,0.5505662711597988,1.0,50.0,0.794469501997823,1.0,57.0,0.7344169850462591,0.0,0.0,0.1024128881384391,0.0,0.0,1.0,0.0,1.0,0.4991585798190351,0.0,0.0,1.0,0.0,0.0,1.0
2568.0,2.0,43.0,0.8113207547169812,8.971789616117238,53.0,859.0,16.20754716981132,0.0,0.0,2.0,133.0,17.0,8.250725372283513,3.911764705882353,3.911764705882353,34.0,0.0,6.0,0.7772778756491219,1.0,58.0,0.8169783199900816,1.0,65.0,0.7665864013967367,0.0,0.0,1.0,0.0,0.0,1.0,0.0,0.0,1.0,0.0,4.0,0.6105177211914016,0.0,0.0,1.0
2576.0,2.0,37.0,0.7551020408163265,8.464044943921854,49.0,785.0,16.020408163265305,0.0,0.0,2.0,86.0,0.0,7.749249554454709,2.6875,2.6875,32.0,0.0,3.0,0.8438302051995721,2.0,67.0,0.666569554154231,0.0,15.0,0.76642152274518,0.0,0.0,1.0,0.0,0.0,1.0,0.0,0.0,1.0,0.0,1.0,0.932244601307196,0.0,0.0,1.0
2584.0,9.0,86.0,1.8695652173913044,6.792358303850125,46.0,784.0,17.043478260869566,0.0,0.0,8.0,134.0,48.0,5.965003423740007,4.466666666666667,4.466666666666667,30.0,0.0,3.0,0.8971821819529712,5.0,100.0,0.4352351153867254,3.0,31.0,0.4956884957441509,0.0,0.0,1.0,0.0,0.0,0.4608024092092634,0.0,0.0,0.8892675632131389,0.0,0.0,1.0,0.0,0.0,1.0
2592.0,9.0,124.0,2.583333333333333,6.944754654465114,48.0,857.0,17.854166666666668,73.0,1.5208333333333333,9.0,179.0,45.0,5.377802088410195,6.172413793103448,6.172413793103448,29.0,0.0,5.0,0.8792088973324498,9.0,154.0,0.2120610371797005,0.0,20.0,0.8029640822714539,0.0,0.0,1.0,0.0,0.0,0.4554873925882159,0.0,0.0,1.0,0.0,0.0,1.0,0.0,0.0,1.0
2600.0,13.0,217.0,4.717391304347826,6.740033639684536,46.0,912.0,19.82608695652174,55.0,1.1956521739130437,13.0,272.0,93.0,5.293589320766977,9.379310344827584,9.379310344827584,29.0,0.0,5.0,0.9171273044105506,12.0,241.0,0.1750614775384762,1.0,26.0,0.7375921815616179,0.0,0.0,1.0,0.0,0.0,1.0,0.0,0.0,1.0,0.0,0.0,0.6452009549453289,0.0,0.0,1.0
2608.0,12.0,145.0,2.959183673469388,6.7675488784396105,49.0,991.0,20.22448979591837,79.0,1.6122448979591837,12.0,272.0,0.0,5.1655148007181655,8.5,8.5,32.0,0.0,8.0,0.8350219378160305,8.0,220.0,0.2653748731288514,3.0,40.0,0.5489749984846146,0.0,0.0,1.0,0.0,0.0,1.0,0.0,0.0,1.0,1.0,4.0,0.0001684292028948,0.0,0.0,1.0
2616.0,3.0,17.0,0.3469387755102041,7.711594136964819,49.0,1000.0,20.40816326530612,9.0,0.1836734693877551,3.0,179.0,0.0,7.372991279540384,5.114285714285714,5.114285714285714,35.0,1.0,17.0,0.7260434925872611,0.0,134.0,0.6048924941652073,1.0,13.0,0.583770971391154,0.0,0.0,0.9951785116010176,0.0,0.0,1.0,0.0,3.0,0.5978627570623296,1.0,12.0,0.0,0.0,0.0,1.0
2624.0,4.0,33.0,0.6226415094339622,8.547555974173857,53.0,1012.0,19.09433962264151,12.0,0.2264150943396226,4.0,96.0,0.0,7.940371799774498,2.742857142857143,2.742857142857143,35.0,0.0,14.0,0.7025588335920013,2.0,52.0,0.578571700081901,0.0,3.0,0.8615808559582374,0.0,0.0,0.6847958820814392,0.0,0.0,1.0,1.0,7.0,0.0,1.0,20.0,0.0,0.0,0.0,1.0
2632.0,11.0,81.0,1.4464285714285714,7.27664957863728,56.0,1076.0,19.214285714285715,64.0,1.1428571428571428,11.0,153.0,57.0,6.020650989872219,4.026315789473684,4.026315789473684,38.0,7.0,52.0,0.3904344133265436,2.0,55.0,0.6701290692300188,0.0,3.0,0.7868135819750643,0.0,0.0,1.0,0.0,0.0,0.1503071431955712,1.0,15.0,0.0,1.0,28.0,0.0,0.0,0.0,1.0
2648.0,8.0,52.0,1.04,6.92732130572357,50.0,1208.0,24.16,98.0,1.96,8.0,161.0,0.0,5.029120967200958,6.1923076923076925,6.1923076923076925,26.0,5.0,108.0,0.3665980651846734,2.0,19.0,0.4148782929679944,0.0,3.0,0.8949639502965111,0.0,0.0,1.0,0.0,0.0,1.0,1.0,31.0,0.0,0.0,0.0,1.0,0.0,0.0,1.0
2656.0,8.0,108.0,2.16,8.486328993293297,50.0,1215.0,24.3,7.0,0.14,8.0,160.0,0.0,6.363668967911335,6.666666666666667,6.666666666666667,24.0,3.0,71.0,0.6027729166233655,4.0,47.0,0.2952694723393269,0.0,3.0,0.909996825622918,0.0,0.0,0.6975011108028237,0.0,0.0,1.0,1.0,39.0,0.0,0.0,0.0,1.0,0.0,0.0,1.0
2664.0,4.0,65.0,1.5116279069767442,7.8130931450275,43.0,659.0,15.325581395348838,0.0,0.0,4.0,101.0,0.0,5.4073609914927685,5.315789473684211,5.315789473684211,19.0,2.0,37.0,0.3651137418422984,1.0,14.0,0.5874816882529037,0.0,3.0,0.946358364614469,0.0,0.0,1.0,0.0,0.0,1.0,1.0,47.0,0.47373463001453,0.0,0.0,1.0,0.0,0.0,1.0
2672.0,6.0,92.0,2.555555555555556,8.095241087431255,36.0,482.0,13.38888888888889,0.0,0.0,6.0,123.0,22.0,6.14858551169336,6.15,6.15,20.0,1.0,29.0,0.5826468611452584,2.0,23.0,0.6332863417338798,1.0,11.0,0.7155070841539138,0.0,0.0,1.0,0.0,0.0,1.0,2.0,60.0,0.0042451547625239,0.0,0.0,0.989767933368301,0.0,0.0,1.0
2680.0,9.0,142.0,3.9444444444444446,7.448919767655159,36.0,417.0,11.583333333333334,0.0,0.0,9.0,165.0,42.0,4.446934884301384,7.857142857142857,7.857142857142857,21.0,1.0,32.0,0.3895452108131355,3.0,45.0,0.3762091408306086,1.0,3.0,0.6903955360168937,0.0,0.0,0.803388262659344,0.0,0.0,1.0,3.0,84.0,0.0,1.0,1.0,0.0055819713006297,0.0,0.0,1.0
2688.0,8.0,188.0,5.696969696969697,7.1917039915779215,33.0,357.0,10.818181818181818,0.0,0.0,8.0,193.0,28.0,5.384787407702543,10.157894736842104,10.157894736842104,19.0,0.0,0.0,0.9196592935722494,5.0,81.0,0.1638604474029711,0.0,4.0,0.9163896704796246,0.0,0.0,0.7797009012492838,0.0,0.0,0.554560093141648,3.0,108.0,0.0,0.0,0.0,1.0,0.0,0.0,1.0
2696.0,4.0,132.0,3.882352941176471,8.00047439991443,34.0,341.0,10.029411764705882,0.0,0.0,3.0,162.0,0.0,7.241829626869164,9.529411764705882,9.529411764705882,17.0,0.0,6.0,0.7963717314341063,0.0,20.0,0.6632615765456242,0.0,4.0,0.9366070777945584,0.0,0.0,0.4665697795257605,0.0,0.0,1.0,3.0,132.0,0.24659918645449,0.0,0.0,1.0,0.0,0.0,1.0
2704.0,3.0,123.0,3.4166666666666665,8.504929609265815,36.0,318.0,8.833333333333334,0.0,0.0,3.0,145.0,0.0,7.456947325963033,6.904761904761905,6.904761904761905,21.0,0.0,17.0,0.8402458221558008,0.0,1.0,0.6617755920516255,0.0,4.0,0.9062139738162104,0.0,0.0,0.3171145551414091,0.0,0.0,1.0,3.0,123.0,0.2151992888182738,0.0,0.0,1.0,0.0,0.0,1.0
2712.0,6.0,154.0,4.052631578947368,7.718441535777388,38.0,348.0,9.157894736842104,30.0,0.7894736842105263,6.0,178.0,33.0,6.855131721814392,7.12,7.12,25.0,2.0,23.0,0.5915073937468331,0.0,0.0,0.7217831803931383,1.0,5.0,0.6664507988535266,0.0,0.0,1.0,0.0,0.0,1.0,3.0,147.0,0.2054581058627166,0.0,3.0,0.7214832181475817,0.0,0.0,1.0
2720.0,5.0,179.0,4.475,8.49952551687183,40.0,396.0,9.9,48.0,1.2,5.0,191.0,13.0,7.762584480349614,10.052631578947368,10.052631578947368,19.0,0.0,8.0,0.8107277370843192,0.0,0.0,0.9639445327347896,0.0,4.0,0.9479946568683998,0.0,0.0,0.9029225143578417,0.0,0.0,1.0,5.0,179.0,0.1124223105123343,0.0,0.0,1.0,0.0,0.0,1.0
2728.0,2.0,4.0,0.0952380952380952,9.429048848105223,42.0,429.0,10.214285714285714,33.0,0.7857142857142857,2.0,60.0,0.0,8.028059176685051,3.333333333333333,3.333333333333333,18.0,0.0,3.0,0.8438532069127316,1.0,2.0,0.4632317246952023,1.0,6.0,0.6403123739875989,0.0,0.0,0.968938964695776,0.0,3.0,0.720893242510082,0.0,46.0,0.3738954070266349,0.0,0.0,1.0,0.0,0.0,1.0
2736.0,6.0,23.0,0.5111111111111111,8.618971124037474,45.0,387.0,8.6,0.0,0.0,6.0,88.0,28.0,7.863210464232344,3.3846153846153846,3.3846153846153846,26.0,0.0,7.0,0.8180559503988264,1.0,0.0,0.667103488752576,1.0,14.0,0.6362078732746871,1.0,1.0,0.5916286131411211,0.0,1.0,0.4228593495880891,3.0,58.0,0.2444821421578822,0.0,7.0,0.9500465280485298,0.0,0.0,1.0
2744.0,4.0,36.0,0.8181818181818182,9.205493688334084,44.0,369.0,8.386363636363637,0.0,0.0,4.0,91.0,3.0,6.938977076622313,4.55,4.55,20.0,1.0,7.0,0.6481599334437965,0.0,0.0,0.9386077805456048,0.0,1.0,0.7340277357934704,0.0,0.0,0.3153116959456672,0.0,0.0,1.0,3.0,83.0,0.207783779810802,0.0,0.0,1.0,0.0,0.0,1.0
2752.0,3.0,15.0,0.3,9.30264685076412,50.0,399.0,7.98,30.0,0.6,3.0,48.0,0.0,8.423502631449647,2.0869565217391304,2.0869565217391304,23.0,1.0,14.0,0.7037818723767958,1.0,5.0,0.6969548039438442,0.0,1.0,0.8468040816961575,0.0,0.0,0.7544456115224594,0.0,0.0,1.0,1.0,28.0,0.3726939964235944,0.0,0.0,1.0,0.0,0.0,1.0
2760.0,9.0,55.0,1.0576923076923077,8.304635196450972,52.0,446.0,8.576923076923077,47.0,0.903846153846154,8.0,94.0,46.0,7.226057867860651,3.615384615384616,3.615384615384616,26.0,2.0,29.0,0.6260072192603744,2.0,17.0,0.3165332419979833,1.0,7.0,0.6183802993213381,2.0,6.0,0.2416092068472234,0.0,0.0,1.0,1.0,28.0,0.4864798933452986,0.0,7.0,0.9079265383303978,0.0,0.0,1.0
2768.0,12.0,122.0,2.259259259259259,6.959072160194983,54.0,508.0,9.407407407407408,62.0,1.148148148148148,10.0,165.0,71.0,6.109936155803947,5.15625,5.15625,32.0,3.0,53.0,0.6087561956323376,2.0,34.0,0.3968074888345702,1.0,15.0,0.0672562694755879,0.0,4.0,0.5537873522871185,0.0,0.0,1.0,2.0,40.0,0.0,2.0,19.0,0.4456610483366998,0.0,0.0,1.0
2776.0,5.0,69.0,1.4081632653061225,7.140720686539198,49.0,549.0,11.20408163265306,41.0,0.8367346938775511,5.0,98.0,0.0,5.707803266456463,4.454545454545454,4.454545454545454,22.0,2.0,39.0,0.4881980221532516,0.0,1.0,0.918408261914552,0.0,0.0,1.0,1.0,2.0,0.2653252865382597,0.0,0.0,1.0,2.0,56.0,0.4675824015450347,0.0,0.0,0.2456593209739875,0.0,0.0,1.0
2784.0,8.0,78.0,1.5918367346938775,7.595829411356198,49.0,606.0,12.36734693877551,57.0,1.163265306122449,7.0,118.0,20.0,4.447479856232245,6.2105263157894735,6.2105263157894735,19.0,0.0,3.0,0.4536040022025597,1.0,2.0,0.3335034667480485,0.0,7.0,0.9376310667739136,3.0,24.0,0.0,0.0,0.0,1.0,3.0,78.0,0.213210381034629,0.0,4.0,0.92592487880572,0.0,0.0,1.0
2792.0,5.0,78.0,1.625,8.537608109729968,48.0,613.0,12.770833333333334,7.0,0.1458333333333333,3.0,137.0,19.0,8.499474138559894,6.85,6.85,20.0,0.0,10.0,0.7708219609186775,0.0,1.0,0.972741604226952,0.0,11.0,0.9451978247997788,0.0,16.0,0.6181682505087354,0.0,0.0,1.0,3.0,99.0,0.1575466409840037,0.0,0.0,0.9995622524842516,0.0,0.0,1.0
2800.0,4.0,7.0,0.1489361702127659,8.115968270670065,47.0,577.0,12.27659574468085,0.0,0.0,2.0,55.0,0.0,7.4980785866276225,2.75,2.75,20.0,1.0,12.0,0.823452177966942,0.0,1.0,0.8905534282774318,1.0,18.0,0.4881147947418865,0.0,5.0,0.9419397899156156,0.0,0.0,1.0,0.0,19.0,0.6737340728004337,0.0,0.0,0.0828073203292634,0.0,0.0,1.0
2808.0,4.0,19.0,0.4130434782608695,8.22378246946945,46.0,554.0,12.043478260869565,0.0,0.0,4.0,70.0,15.0,7.841470540382827,3.5,3.5,20.0,1.0,17.0,0.7601638642868822,1.0,1.0,0.5903080852177536,0.0,15.0,0.7861746633134614,1.0,9.0,0.0,0.0,0.0,0.6471325807785457,1.0,21.0,0.2455463900812792,0.0,7.0,0.9090887947704074,0.0,0.0,1.0
2816.0,5.0,35.0,0.7608695652173914,8.174345782917538,46.0,562.0,12.217391304347826,8.0,0.1739130434782608,5.0,85.0,15.0,7.9969912003637615,4.047619047619048,4.047619047619048,21.0,0.0,7.0,0.780076458323972,0.0,1.0,0.8695948251009481,0.0,14.0,0.9180981815022712,1.0,17.0,0.0,0.0,0.0,1.0,2.0,34.0,0.3244364946659467,2.0,12.0,0.396901212858896,0.0,0.0,1.0
2824.0,1.0,8.0,0.1739130434782608,8.081684806555916,46.0,553.0,12.021739130434783,0.0,0.0,1.0,30.0,0.0,7.555446601379992,1.3636363636363635,1.3636363636363635,22.0,1.0,18.0,0.7173858581634892,0.0,1.0,0.6085076574789758,0.0,10.0,0.8533623534936959,0.0,0.0,1.0,0.0,0.0,0.4922013266277342,0.0,0.0,0.9162023706221848,0.0,1.0,0.1238654684517576,0.0,0.0,1.0
2832.0,7.0,29.0,0.6444444444444445,7.490735504460545,45.0,541.0,12.022222222222222,0.0,0.0,6.0,55.0,25.0,6.933503550689758,2.2,2.2,25.0,4.0,32.0,0.5367613335277934,1.0,1.0,0.5836520497197579,0.0,11.0,0.9086982577399816,0.0,0.0,1.0,0.0,0.0,0.2679748378397671,0.0,0.0,0.5601263467352312,1.0,11.0,0.642135371657084,0.0,0.0,1.0
2840.0,8.0,44.0,1.0476190476190477,6.990863219914648,42.0,411.0,9.785714285714286,0.0,0.0,8.0,78.0,23.0,6.573278356300403,2.888888888888889,2.888888888888889,27.0,4.0,45.0,0.5896758093729528,0.0,0.0,0.6365415612975607,0.0,11.0,0.9033477200301068,0.0,0.0,0.9456755015031716,0.0,0.0,1.0,3.0,17.0,0.3386163934930005,1.0,5.0,0.4379450650206306,0.0,0.0,1.0
2848.0,4.0,20.0,0.4545454545454545,6.682205549275113,44.0,466.0,10.590909090909092,55.0,1.25,4.0,71.0,0.0,5.888883607894831,3.380952380952381,3.380952380952381,21.0,2.0,31.0,0.5262262332307469,1.0,8.0,0.5995543272392044,0.0,11.0,0.8929655225970186,1.0,1.0,0.0030767350297671,0.0,0.0,1.0,0.0,20.0,0.4214411616381356,0.0,0.0,1.0,0.0,0.0,1.0
2856.0,5.0,20.0,0.4878048780487805,8.214461819137465,41.0,467.0,11.390243902439025,1.0,0.024390243902439,5.0,80.0,9.0,7.247455227027781,3.809523809523809,3.809523809523809,21.0,2.0,35.0,0.6136452266274043,0.0,3.0,0.8712699595018438,0.0,8.0,0.9502109656268716,0.0,0.0,1.0,0.0,0.0,1.0,3.0,27.0,0.1465367680857002,0.0,7.0,0.893531570054062,0.0,0.0,1.0
2864.0,6.0,37.0,0.902439024390244,7.472779473725416,41.0,389.0,9.48780487804878,0.0,0.0,6.0,87.0,7.0,6.632414870685637,3.954545454545455,3.954545454545455,22.0,3.0,56.0,0.55734254211531,2.0,8.0,0.5814054658207622,1.0,10.0,0.6056373323270388,0.0,3.0,0.9064080309566874,0.0,0.0,1.0,0.0,10.0,0.29546724120344,0.0,0.0,0.948407228642251,0.0,0.0,1.0
2872.0,6.0,63.0,1.6153846153846154,7.305474108567498,39.0,384.0,9.846153846153848,0.0,0.0,6.0,111.0,24.0,6.2413540502872085,5.55,5.55,20.0,3.0,80.0,0.4222601764594943,0.0,4.0,0.732664009615379,0.0,1.0,0.8652122283647997,1.0,5.0,0.0001237832713108,0.0,0.0,1.0,1.0,16.0,0.4705260664890292,1.0,5.0,0.4561245938324484,0.0,0.0,1.0
2880.0,10.0,109.0,2.725,6.49298954813292,40.0,402.0,10.05,18.0,0.45,9.0,150.0,39.0,5.301425894110678,7.5,7.5,20.0,3.0,101.0,0.5589961420682164,4.0,18.0,0.3372551350029091,0.0,1.0,0.8935158609161702,0.0,0.0,1.0,0.0,0.0,1.0,2.0,27.0,9.54645670927338e-06,0.0,3.0,0.7168619746605521,0.0,0.0,1.0
2888.0,4.0,39.0,0.975,7.679377846870063,40.0,442.0,11.05,40.0,1.0,3.0,94.0,0.0,7.791846389142053,4.947368421052632,4.947368421052632,19.0,0.0,42.0,0.7274100855562478,1.0,5.0,0.5105088890150797,0.0,1.0,0.9737787680451157,0.0,0.0,1.0,0.0,0.0,1.0,2.0,46.0,0.4778044881373487,0.0,0.0,1.0,0.0,0.0,1.0
2896.0,7.0,54.0,1.4210526315789471,7.831714366636198,38.0,423.0,11.13157894736842,0.0,0.0,7.0,120.0,26.0,7.495624857888773,5.714285714285714,5.714285714285714,21.0,4.0,66.0,0.6135188230010369,1.0,5.0,0.4802739930910943,0.0,6.0,0.9317176503107724,0.0,0.0,0.9573720509553704,0.0,0.0,1.0,2.0,43.0,9.14369013388567e-05,0.0,0.0,1.0,0.0,0.0,1.0
2904.0,0.0,0.0,0.0,8.956894907422924,37.0,375.0,10.135135135135137,0.0,0.0,0.0,52.0,0.0,8.8987659352275,2.736842105263158,2.736842105263158,19.0,0.0,38.0,0.654625635848917,0.0,0.0,1.0,0.0,8.0,0.7110174470333628,0.0,0.0,1.0,0.0,0.0,1.0,0.0,3.0,0.9969083131368616,0.0,3.0,0.9979727225330748,0.0,0.0,1.0
2912.0,3.0,20.0,0.5714285714285714,8.808794194053778,35.0,361.0,10.314285714285717,0.0,0.0,3.0,47.0,0.0,9.503054910546904,3.1333333333333333,3.1333333333333333,15.0,3.0,38.0,0.6591347200486645,0.0,0.0,1.0,0.0,5.0,0.773035124143491,0.0,0.0,0.9331616844414086,0.0,0.0,1.0,0.0,0.0,1.0,0.0,4.0,0.9352207389289956,0.0,0.0,1.0
2920.0,1.0,4.0,0.1176470588235294,8.633046923202883,34.0,256.0,7.529411764705882,0.0,0.0,1.0,18.0,0.0,7.661179387251915,1.2857142857142858,1.2857142857142858,14.0,0.0,5.0,0.6509936019082504,0.0,0.0,0.8510361477493826,0.0,5.0,0.8767924225390885,0.0,0.0,0.8943338786350842,0.0,0.0,1.0,0.0,0.0,1.0,1.0,8.0,0.2529250360195774,0.0,0.0,1.0
2928.0,3.0,4.0,0.1081081081081081,9.113000714239664,37.0,213.0,5.756756756756757,0.0,0.0,3.0,13.0,0.0,6.794189946458722,1.0833333333333333,1.0833333333333333,12.0,2.0,8.0,0.488240343691997,1.0,0.0,0.5280946459113323,0.0,5.0,0.9184394591611548,0.0,0.0,0.8493378346830102,0.0,0.0,1.0,0.0,0.0,1.0,0.0,0.0,1.0,0.0,0.0,1.0
2936.0,3.0,26.0,0.9285714285714286,8.928442414871862,28.0,141.0,5.035714285714286,0.0,0.0,3.0,36.0,23.0,7.124659764745702,2.571428571428572,2.571428571428572,14.0,2.0,24.0,0.3981867965450748,0.0,1.0,0.8198727022490395,0.0,5.0,0.9327652973817,1.0,6.0,0.0,0.0,0.0,1.0,0.0,0.0,1.0,0.0,0.0,1.0,0.0,0.0,0.6083328492393563
2944.0,4.0,58.0,2.071428571428572,8.724720483949252,28.0,175.0,6.25,34.0,1.2142857142857142,4.0,70.0,34.0,7.56106657786368,4.117647058823529,4.117647058823529,17.0,3.0,51.0,0.5766470794028646,0.0,0.0,0.8350720176351549,0.0,5.0,0.6066882331128135,1.0,14.0,0.0,0.0,0.0,1.0,0.0,0.0,1.0,0.0,0.0,0.9779165644654636,0.0,0.0,0.9851351915225296
2960.0,3.0,5.0,0.1612903225806451,8.528018107048407,31.0,239.0,7.709677419354839,23.0,0.7419354838709677,2.0,40.0,0.0,7.881583483701493,2.0,2.0,20.0,0.0,28.0,0.6252268540868402,0.0,2.0,0.8207607965220531,1.0,10.0,0.5163569604125998,0.0,0.0,1.0,1.0,0.0,0.0,0.0,0.0,1.0,0.0,0.0,0.9588128339815686,0.0,0.0,1.0
2968.0,4.0,23.0,0.71875,8.693141961443748,32.0,269.0,8.40625,30.0,0.9375,4.0,39.0,0.0,6.639585378419039,2.294117647058824,2.294117647058824,17.0,4.0,29.0,0.4104456683043403,0.0,2.0,0.8540654250843924,0.0,6.0,0.396328781309389,0.0,0.0,1.0,0.0,0.0,1.0,0.0,0.0,0.9716792992725768,0.0,2.0,0.9434012036531512,0.0,0.0,1.0
2976.0,5.0,21.0,0.65625,8.10244300917051,32.0,272.0,8.5,3.0,0.09375,5.0,38.0,0.0,6.6160792169436125,2.111111111111111,2.111111111111111,18.0,1.0,17.0,0.6243765961052731,0.0,5.0,0.8855970396972039,1.0,7.0,0.4486477169172612,0.0,0.0,0.8893995540207689,1.0,0.0,0.0,0.0,0.0,1.0,2.0,9.0,0.3293806942944167,0.0,0.0,1.0
2984.0,3.0,38.0,1.1875,8.058729008267589,32.0,223.0,6.96875,0.0,0.0,3.0,56.0,18.0,6.755395867613134,2.9473684210526314,2.9473684210526314,19.0,2.0,30.0,0.5404012580957134,0.0,5.0,0.9113139701356092,1.0,18.0,0.4633057139605127,0.0,0.0,1.0,0.0,0.0,0.6445060113882863,0.0,0.0,1.0,0.0,3.0,0.3385280876135786,0.0,0.0,1.0
2992.0,2.0,0.0,0.0,8.137244622180903,35.0,221.0,6.314285714285714,0.0,0.0,2.0,13.0,0.0,7.468177957005373,0.6842105263157895,0.6842105263157895,19.0,1.0,8.0,0.6070672450175736,1.0,5.0,0.6836139307319874,0.0,0.0,0.883426454541697,0.0,0.0,1.0,0.0,0.0,0.3467318377719711,0.0,0.0,1.0,0.0,0.0,1.0,0.0,0.0,1.0
3000.0,3.0,9.0,0.2432432432432432,9.308452048665169,37.0,202.0,5.45945945945946,0.0,0.0,3.0,32.0,19.0,9.20440362442927,1.5238095238095235,1.5238095238095235,21.0,2.0,23.0,0.7295285560142544,0.0,9.0,0.9296949414744168,0.0,0.0,0.9505710377871028,0.0,0.0,1.0,1.0,0.0,0.0,0.0,0.0,1.0,0.0,0.0,1.0,0.0,0.0,1.0
3008.0,4.0,32.0,0.8,8.927365831797747,40.0,149.0,3.725,0.0,0.0,4.0,51.0,19.0,8.185266808890974,1.8214285714285716,1.8214285714285716,28.0,4.0,46.0,0.5089531301339807,0.0,5.0,0.7834845264716634,0.0,0.0,0.9404968950332008,0.0,0.0,0.6701486767031615,0.0,0.0,1.0,0.0,0.0,1.0,0.0,0.0,0.9885339490599424,0.0,0.0,1.0
3016.0,10.0,30.0,0.6521739130434783,6.625437122518307,46.0,148.0,3.217391304347826,0.0,0.0,9.0,48.0,0.0,5.639465836769211,1.7142857142857142,1.7142857142857142,28.0,1.0,18.0,0.4924550805637308,3.0,12.0,0.6565510998894769,1.0,1.0,0.444474582934907,3.0,15.0,0.2088425478034086,0.0,0.0,0.2931404316453386,0.0,0.0,1.0,1.0,2.0,0.3293205253179134,0.0,0.0,1.0
3024.0,6.0,33.0,0.6346153846153846,7.999587072120419,52.0,195.0,3.75,47.0,0.903846153846154,6.0,51.0,3.0,6.328183760724124,1.8214285714285716,1.8214285714285716,28.0,1.0,18.0,0.7209639856721045,2.0,6.0,0.3105445130885474,0.0,0.0,0.9134438086581214,0.0,9.0,0.3486451159037064,1.0,3.0,0.1815161199767382,0.0,0.0,1.0,2.0,15.0,0.1781089834460192,0.0,0.0,1.0
3032.0,3.0,36.0,0.72,9.67399130304637,50.0,178.0,3.56,0.0,0.0,3.0,59.0,8.0,8.165735230761282,2.269230769230769,2.269230769230769,26.0,0.0,13.0,0.8813370531214225,0.0,9.0,0.8363378914112685,0.0,0.0,0.887714048162053,0.0,0.0,1.0,0.0,1.0,0.2283772981025096,0.0,0.0,1.0,3.0,36.0,0.0,0.0,0.0,1.0
3040.0,1.0,4.0,0.0869565217391304,9.28098003411265,46.0,163.0,3.5434782608695654,0.0,0.0,1.0,31.0,0.0,8.78176512292001,2.066666666666667,2.066666666666667,15.0,1.0,14.0,0.7959435483695975,0.0,3.0,0.723994385840605,0.0,0.0,0.7966378876139837,0.0,0.0,1.0,0.0,0.0,1.0,0.0,0.0,1.0,0.0,14.0,0.4705528268827926,0.0,0.0,1.0
3048.0,4.0,12.0,0.2666666666666666,7.72014866951341,45.0,158.0,3.511111111111111,0.0,0.0,3.0,27.0,0.0,5.999597988507352,1.8,1.8,15.0,0.0,7.0,0.4940949366628756,2.0,12.0,0.2568707783304148,1.0,5.0,0.6791830639148602,0.0,0.0,1.0,0.0,0.0,1.0,0.0,3.0,0.8593900213712883,0.0,0.0,1.0,0.0,0.0,1.0
3056.0,7.0,30.0,0.75,6.99525649384905,40.0,187.0,4.675,29.0,0.725,5.0,49.0,22.0,6.34152360696343,2.7222222222222223,2.7222222222222223,18.0,3.0,22.0,0.3552096051265835,0.0,6.0,0.8064019002063799,1.0,12.0,0.7389307987162901,0.0,0.0,1.0,0.0,0.0,1.0,1.0,9.0,0.0408801768878892,0.0,0.0,1.0,0.0,0.0,1.0
3064.0,4.0,39.0,0.951219512195122,8.021980642628034,41.0,208.0,5.073170731707317,21.0,0.5121951219512195,4.0,55.0,6.0,7.220670299268622,3.235294117647059,3.235294117647059,17.0,2.0,35.0,0.414931196392909,0.0,6.0,0.9242369333963928,1.0,6.0,0.6838979669916531,0.0,0.0,0.9204899907282338,0.0,0.0,1.0,1.0,8.0,0.0,0.0,0.0,1.0,0.0,0.0,1.0
3072.0,3.0,19.0,0.4523809523809524,7.339679507441965,42.0,208.0,4.9523809523809526,0.0,0.0,2.0,38.0,0.0,7.069341555898081,2.111111111111111,2.111111111111111,18.0,0.0,4.0,0.9093971517847425,1.0,12.0,0.6538978084156695,0.0,3.0,0.9181228418888736,0.0,0.0,0.1412455321067394,0.0,0.0,1.0,1.0,19.0,0.284751891946792,0.0,0.0,1.0,0.0,0.0,1.0
3080.0,3.0,24.0,0.5333333333333333,8.331896063517037,45.0,178.0,3.955555555555556,0.0,0.0,3.0,45.0,7.0,8.33956250808633,1.8,1.8,25.0,1.0,9.0,0.6583680767712679,1.0,9.0,0.7721082177924532,0.0,3.0,0.900311057511451,0.0,0.0,0.5503574845696476,0.0,0.0,0.9100089054787954,1.0,24.0,0.0,0.0,0.0,0.8704014919437527,0.0,0.0,1.0
3088.0,0.0,0.0,0.0,8.829770556433559,48.0,133.0,2.770833333333333,0.0,0.0,0.0,24.0,0.0,9.649410599253512,1.0,1.0,24.0,0.0,9.0,0.8179783123556582,0.0,9.0,0.8749763860626945,0.0,3.0,0.8991990191164829,0.0,3.0,0.6355007216148923,0.0,0.0,1.0,0.0,0.0,1.0,0.0,0.0,1.0,0.0,0.0,1.0
3096.0,3.0,7.0,0.1320754716981132,8.829875801104805,53.0,140.0,2.641509433962264,7.0,0.1320754716981132,3.0,28.0,4.0,8.214969821967173,0.9333333333333332,0.9333333333333332,30.0,1.0,9.0,0.702313243602114,0.0,9.0,0.8988497081601706,1.0,5.0,0.5480534687790893,1.0,5.0,0.19279565303967,0.0,0.0,1.0,0.0,0.0,1.0,0.0,0.0,0.9528526098544252,0.0,0.0,1.0
3104.0,10.0,51.0,0.9272727272727272,7.735491617608735,55.0,193.0,3.5090909090909093,53.0,0.9636363636363636,10.0,68.0,40.0,6.415968774886589,2.193548387096774,2.193548387096774,31.0,7.0,31.0,0.4616062043310609,0.0,9.0,0.8016867838786167,0.0,3.0,0.7493485865788801,3.0,25.0,0.2485640991492932,0.0,0.0,1.0,0.0,0.0,1.0,0.0,0.0,1.0,0.0,0.0,1.0
3112.0,5.0,11.0,0.1929824561403508,7.799899390385829,57.0,239.0,4.192982456140351,46.0,0.8070175438596491,5.0,42.0,0.0,7.791803654244923,1.2352941176470589,1.2352941176470589,34.0,1.0,8.0,0.6775212636255902,2.0,13.0,0.6213521633932431,2.0,10.0,0.5036476966096333,0.0,11.0,0.2288135114488143,0.0,0.0,1.0,0.0,0.0,1.0,0.0,0.0,0.9641709875341296,0.0,0.0,1.0
3120.0,14.0,79.0,1.2153846153846153,7.499267342762432,65.0,299.0,4.6,60.0,0.9230769230769232,12.0,103.0,61.0,6.99856003875538,2.710526315789474,2.710526315789474,38.0,6.0,37.0,0.5194880505480517,3.0,29.0,0.62905572490173,3.0,37.0,0.4173709985980812,0.0,0.0,0.6607851572163996,0.0,0.0,1.0,0.0,0.0,0.9578567727983298,0.0,0.0,1.0,0.0,0.0,1.0
3128.0,9.0,92.0,1.4603174603174602,7.5068454123651644,63.0,366.0,5.809523809523809,67.0,1.0634920634920637,9.0,138.0,35.0,6.070356255145359,4.181818181818182,4.181818181818182,33.0,5.0,63.0,0.5231058748225685,2.0,40.0,0.2713841769102556,1.0,31.0,0.3949273916306373,0.0,0.0,0.8943139858839746,0.0,0.0,1.0,1.0,4.0,0.0013009729163195,0.0,0.0,1.0,0.0,0.0,1.0
3136.0,9.0,116.0,1.901639344262295,7.909189841057864,61.0,436.0,7.147540983606557,70.0,1.147540983606557,9.0,166.0,28.0,5.909965838360337,5.928571428571429,5.928571428571429,28.0,3.0,76.0,0.5303410412954683,5.0,74.0,1.5317425645422313e-05,1.0,16.0,0.6619783391196955,0.0,0.0,0.5065560553110069,0.0,0.0,0.6330451101345862,0.0,0.0,1.0,0.0,0.0,0.2528447628393773,0.0,0.0,1.0
3144.0,3.0,41.0,0.6721311475409836,8.001327776637025,61.0,454.0,7.442622950819672,18.0,0.2950819672131147,3.0,106.0,0.0,7.255555047285187,3.655172413793104,3.655172413793104,29.0,2.0,39.0,0.5548792981038492,0.0,39.0,0.3420156387511858,1.0,28.0,0.7856283744567402,0.0,0.0,0.6722153325281487,0.0,0.0,0.2498505952487074,0.0,0.0,1.0,0.0,0.0,1.0,0.0,0.0,1.0
3152.0,8.0,97.0,1.6724137931034482,8.873227458487582,58.0,427.0,7.362068965517241,0.0,0.0,7.0,114.0,8.0,8.422503710030847,4.222222222222222,4.222222222222222,27.0,6.0,82.0,0.6304012575463637,0.0,0.0,0.8512983333908622,1.0,32.0,0.6207545835298954,0.0,0.0,1.0,0.0,0.0,1.0,0.0,0.0,1.0,0.0,0.0,1.0,0.0,0.0,1.0
3160.0,6.0,122.0,2.067796610169492,8.753130188327539,59.0,411.0,6.966101694915254,0.0,0.0,5.0,147.0,33.0,8.971775036069237,4.2,4.2,35.0,4.0,98.0,0.6381998031043794,0.0,0.0,0.9787632172501488,1.0,40.0,0.7219221728479945,0.0,0.0,1.0,0.0,0.0,0.4359565667486303,0.0,3.0,0.7967117429919657,0.0,3.0,0.9330683589168144,0.0,3.0,0.9829833155149468
3168.0,5.0,18.0,0.2903225806451613,8.321238334366146,62.0,428.0,6.903225806451613,17.0,0.2741935483870967,5.0,34.0,0.0,7.804952283395126,1.1333333333333333,1.1333333333333333,30.0,2.0,16.0,0.6152578769623628,0.0,0.0,0.935668431591212,1.0,4.0,0.6146183005892476,0.0,0.0,1.0,0.0,0.0,1.0,1.0,8.0,0.3221076068968615,1.0,6.0,0.623124272703481,0.0,0.0,1.0
3176.0,11.0,78.0,1.2580645161290325,7.443244798728383,62.0,446.0,7.193548387096774,18.0,0.2903225806451613,11.0,89.0,55.0,6.0590014196581095,2.870967741935484,2.870967741935484,31.0,6.0,40.0,0.5087578204627676,0.0,0.0,0.9189266214743104,2.0,15.0,0.2991843193598772,0.0,0.0,0.988345768956843,0.0,0.0,1.0,3.0,27.0,0.0433723558573077,0.0,7.0,0.5104854883080632,0.0,0.0,0.9217153494396242
3184.0,5.0,19.0,0.3064516129032258,7.694827383376592,62.0,444.0,7.161290322580645,0.0,0.0,5.0,87.0,0.0,6.313111078587857,3.0,3.0,29.0,3.0,64.0,0.482103093334313,1.0,0.0,0.5162404177312899,0.0,0.0,0.8714818717215357,0.0,0.0,1.0,0.0,0.0,1.0,0.0,13.0,0.4936868493795104,1.0,10.0,0.0,0.0,0.0,0.9985571389333822
3192.0,2.0,9.0,0.15,8.449550438200264,60.0,355.0,5.916666666666667,0.0,0.0,2.0,62.0,0.0,7.32079959156044,1.878787878787879,1.878787878787879,33.0,0.0,37.0,0.4913473569138448,0.0,0.0,0.8349700939986099,0.0,0.0,0.8888046939069275,0.0,0.0,0.9422388503185356,0.0,0.0,1.0,2.0,22.0,0.0003005923018767,0.0,3.0,0.9881330850391664,0.0,0.0,0.9315016620952612
3200.0,2.0,2.0,0.0350877192982456,7.840136659753666,57.0,275.0,4.824561403508772,0.0,0.0,2.0,32.0,0.0,6.500287295568583,1.0666666666666669,1.0666666666666669,30.0,1.0,28.0,0.4689488254336392,0.0,0.0,0.8192814369142222,1.0,2.0,9.529782263792508e-05,0.0,2.0,0.968584757576886,0.0,0.0,1.0,0.0,0.0,1.0,0.0,0.0,0.4744120069552462,0.0,0.0,1.0
3208.0,2.0,5.0,0.0909090909090909,8.372821429408175,55.0,229.0,4.163636363636364,0.0,0.0,2.0,15.0,0.0,7.007779674174221,0.5555555555555556,0.5555555555555556,27.0,1.0,6.0,0.5095570669315626,0.0,0.0,0.9436907960147676,0.0,0.0,0.9334100352616506,1.0,5.0,4.627817380268839e-05,0.0,0.0,1.0,0.0,0.0,1.0,0.0,4.0,0.977881362416631,0.0,0.0,1.0
3216.0,0.0,0.0,0.0,8.647285141024618,49.0,153.0,3.122448979591837,0.0,0.0,0.0,6.0,0.0,7.295471575470458,0.25,0.25,24.0,0.0,3.0,0.5006355679267879,0.0,0.0,0.8353721509441278,0.0,0.0,1.0,0.0,0.0,1.0,0.0,0.0,1.0,0.0,0.0,1.0,0.0,3.0,0.9825319380071204,0.0,0.0,1.0
3224.0,4.0,9.0,0.18,7.848779752057951,50.0,145.0,2.9,0.0,0.0,4.0,19.0,13.0,6.637660444858544,0.6785714285714286,0.6785714285714286,28.0,3.0,10.0,0.496343078638686,0.0,0.0,0.9764985955027484,0.0,0.0,1.0,0.0,0.0,1.0,0.0,0.0,1.0,0.0,0.0,1.0,1.0,9.0,0.0550017031039747,0.0,0.0,0.8102661236682136
3232.0,2.0,6.0,0.12,7.279505960602198,50.0,159.0,3.18,14.0,0.28,2.0,21.0,2.0,6.15932106680521,0.8076923076923077,0.8076923076923077,26.0,2.0,21.0,0.4182022043241268,0.0,0.0,0.949918134659846,0.0,0.0,1.0,0.0,0.0,1.0,0.0,0.0,1.0,0.0,0.0,1.0,0.0,0.0,1.0,0.0,0.0,0.9431688616612935
3240.0,2.0,6.0,0.1276595744680851,6.840382489346027,47.0,168.0,3.574468085106383,9.0,0.1914893617021276,1.0,33.0,12.0,4.9614171518871135,1.1785714285714286,1.1785714285714286,28.0,1.0,27.0,0.310156511819031,0.0,0.0,0.9047895470719732,0.0,3.0,0.9184489363504243,0.0,0.0,1.0,0.0,0.0,0.7144096366977747,0.0,3.0,0.5761283201199058,0.0,0.0,1.0,0.0,0.0,1.0
3248.0,4.0,15.0,0.3191489361702128,6.823576362557875,47.0,128.0,2.723404255319149,0.0,0.0,4.0,31.0,0.0,5.163946496792986,1.1071428571428572,1.1071428571428572,28.0,3.0,29.0,0.3060225857919773,1.0,2.0,0.0039104014242443,0.0,0.0,0.9561734179295942,0.0,0.0,1.0,0.0,0.0,1.0,0.0,0.0,1.0,0.0,0.0,0.9621064800594216,0.0,0.0,1.0
3256.0,6.0,46.0,0.9583333333333334,6.767942227093326,48.0,149.0,3.1041666666666665,21.0,0.4375,6.0,51.0,20.0,4.852726132725454,1.7,1.7,30.0,3.0,38.0,0.3418589273034662,2.0,10.0,0.1363047851337847,0.0,0.0,1.0,0.0,0.0,0.9598747583784256,0.0,0.0,1.0,0.0,0.0,1.0,1.0,3.0,0.0001611975457884,0.0,0.0,1.0
3264.0,6.0,87.0,1.9772727272727275,7.531541774665865,44.0,115.0,2.613636363636364,0.0,0.0,6.0,88.0,37.0,5.900974418477034,3.142857142857143,3.142857142857143,28.0,3.0,58.0,0.3527288965224096,1.0,18.0,0.642934719706366,0.0,0.0,1.0,1.0,1.0,0.5486501114166171,0.0,0.0,1.0,0.0,0.0,1.0,1.0,11.0,0.4989652817036213,0.0,0.0,1.0
3272.0,11.0,100.0,2.127659574468085,6.998885570247419,47.0,154.0,3.276595744680851,39.0,0.8297872340425532,9.0,103.0,15.0,4.372766008092652,4.12,4.12,25.0,5.0,88.0,0.346771509921259,2.0,3.0,0.0024382568705144,0.0,0.0,0.9497998372960408,1.0,9.0,0.3617688356622998,0.0,0.0,1.0,0.0,0.0,1.0,1.0,3.0,2.874983307450249e-05,0.0,0.0,1.0
3280.0,7.0,127.0,2.8222222222222224,7.269869659225325,45.0,202.0,4.488888888888889,48.0,1.0666666666666669,7.0,136.0,33.0,5.631573831954479,5.037037037037037,5.037037037037037,27.0,4.0,113.0,0.4408305630530717,2.0,19.0,0.3146433060217722,0.0,0.0,0.0521521268446719,1.0,1.0,0.5505486760740432,0.0,0.0,1.0,0.0,0.0,1.0,0.0,3.0,0.3542712175235629,0.0,0.0,1.0
3288.0,9.0,58.0,1.288888888888889,6.331885591445367,45.0,247.0,5.488888888888889,45.0,1.0,8.0,69.0,0.0,4.613870301635748,2.4642857142857144,2.4642857142857144,28.0,4.0,18.0,0.4175371645188782,2.0,38.0,0.207844111078728,1.0,8.0,0.0,0.0,2.0,0.1843420756328128,0.0,0.0,1.0,0.0,3.0,0.6908702804416521,1.0,0.0,0.2154060255217181,0.0,0.0,1.0
3296.0,8.0,40.0,0.9090909090909092,7.26749768843596,44.0,310.0,7.045454545454546,63.0,1.431818181818182,7.0,77.0,8.0,6.2278432922717615,3.08,3.08,25.0,6.0,50.0,0.2600832936766393,0.0,11.0,0.962573619460038,1.0,16.0,0.4338824770724875,0.0,0.0,0.92160791655995,0.0,0.0,0.8496506308526952,0.0,0.0,1.0,0.0,0.0,0.6644544377860493,0.0,0.0,1.0
3304.0,6.0,35.0,0.7446808510638298,6.700064084056052,47.0,358.0,7.617021276595745,48.0,1.0212765957446808,5.0,113.0,36.0,5.085983981716138,4.52,4.52,25.0,3.0,68.0,0.2810778655431061,0.0,16.0,0.4633385763626013,1.0,26.0,0.606865138870213,1.0,3.0,0.4683946922901144,0.0,0.0,1.0,0.0,0.0,1.0,0.0,0.0,1.0,0.0,0.0,1.0
3312.0,13.0,105.0,2.142857142857143,6.609329573224995,49.0,415.0,8.46938775510204,57.0,1.163265306122449,13.0,168.0,55.0,4.668659769471127,6.72,6.72,25.0,10.0,113.0,0.1428343328338886,0.0,5.0,0.9222591005361798,1.0,36.0,0.6985647659778419,2.0,14.0,9.779219216805386e-05,0.0,0.0,1.0,0.0,0.0,1.0,0.0,0.0,1.0,0.0,0.0,1.0
3320.0,10.0,106.0,2.208333333333333,7.354448337921085,48.0,456.0,9.5,41.0,0.8541666666666666,10.0,192.0,24.0,5.384061225661027,6.857142857142857,6.857142857142857,28.0,7.0,142.0,0.3240210204111597,0.0,0.0,1.0,3.0,50.0,0.5209732442882936,0.0,0.0,0.7980722068967652,0.0,0.0,1.0,0.0,0.0,0.7774150697278932,0.0,0.0,1.0,0.0,0.0,1.0
3328.0,2.0,2.0,0.0392156862745098,8.805555191548581,51.0,451.0,8.843137254901961,0.0,0.0,2.0,103.0,0.0,7.664621674578263,3.678571428571429,3.678571428571429,28.0,1.0,91.0,0.5427460168547282,0.0,0.0,1.0,0.0,5.0,0.9241230256495984,1.0,2.0,0.5993964016976823,0.0,2.0,0.5195076016303433,0.0,3.0,0.9366303524049532,0.0,0.0,1.0,0.0,0.0,1.0
3336.0,4.0,9.0,0.1836734693877551,9.102960616786776,49.0,377.0,7.693877551020408,0.0,0.0,4.0,38.0,0.0,8.45549345610325,1.3571428571428572,1.3571428571428572,28.0,3.0,31.0,0.6024535480388519,0.0,0.0,0.9223927201162002,1.0,7.0,0.6816767980858803,0.0,0.0,0.7864655691941912,0.0,0.0,1.0,0.0,0.0,0.9794316022714932,0.0,0.0,0.7738719233925206,0.0,0.0,1.0
3344.0,8.0,25.0,0.4807692307692308,8.734692599999743,52.0,386.0,7.423076923076923,9.0,0.173076923076923,8.0,56.0,18.0,7.789845985295838,1.8666666666666667,1.8666666666666667,30.0,3.0,29.0,0.609448582239757,0.0,2.0,0.8399549965465053,2.0,16.0,0.6056427109516356,1.0,3.0,6.998188311142388e-05,0.0,0.0,1.0,2.0,6.0,0.0002854997209343,0.0,0.0,0.9538761219910236,0.0,0.0,1.0
3352.0,6.0,52.0,1.1304347826086956,8.127551679871571,46.0,329.0,7.152173913043479,0.0,0.0,6.0,67.0,11.0,6.766260624327424,2.4814814814814814,2.4814814814814814,27.0,1.0,4.0,0.5947675282564465,0.0,5.0,0.8329416695302734,2.0,32.0,0.6317988972189196,0.0,0.0,1.0,0.0,0.0,1.0,2.0,22.0,0.0,1.0,4.0,0.003781649231471,0.0,0.0,1.0
3360.0,4.0,49.0,1.065217391304348,8.4111246843425,46.0,341.0,7.413043478260869,12.0,0.2608695652173913,4.0,69.0,2.0,7.60898111023854,2.555555555555556,2.555555555555556,27.0,2.0,13.0,0.6614845953882792,0.0,3.0,0.9740407357666372,0.0,12.0,0.6273260523777203,0.0,0.0,1.0,0.0,0.0,1.0,2.0,41.0,0.3065066687827605,0.0,0.0,0.1726528370840756,0.0,0.0,1.0
3368.0,2.0,5.0,0.1136363636363636,8.72024197857963,44.0,320.0,7.272727272727272,0.0,0.0,1.0,32.0,0.0,8.63409267918885,1.1851851851851851,1.1851851851851851,27.0,0.0,5.0,0.7430842044045718,0.0,10.0,0.824370707246543,0.0,5.0,0.8097940206071337,0.0,0.0,1.0,0.0,0.0,1.0,1.0,12.0,0.1156841189681622,0.0,0.0,0.7386557769912557,0.0,0.0,1.0
3376.0,6.0,37.0,0.8222222222222222,8.258989736794275,45.0,336.0,7.466666666666667,16.0,0.3555555555555555,6.0,70.0,38.0,7.710524353121992,2.5,2.5,28.0,4.0,26.0,0.499614105318167,0.0,13.0,0.9108885341553934,0.0,3.0,0.9197753214940274,0.0,0.0,1.0,0.0,0.0,0.5219891367189646,2.0,28.0,0.0,0.0,0.0,1.0,0.0,0.0,1.0
3384.0,5.0,56.0,1.2173913043478262,7.998311532330879,46.0,351.0,7.630434782608695,15.0,0.3260869565217391,5.0,86.0,16.0,7.117711594162521,3.071428571428572,3.071428571428572,28.0,1.0,21.0,0.6718347301965135,1.0,19.0,0.5931244163425072,1.0,2.0,0.5837420101637744,0.0,0.0,1.0,0.0,0.0,1.0,2.0,44.0,0.3395803679731201,0.0,0.0,1.0,0.0,0.0,1.0
3392.0,6.0,81.0,1.7234042553191489,8.875345463157837,47.0,399.0,8.48936170212766,48.0,1.0212765957446808,6.0,102.0,16.0,8.152319031906682,3.642857142857143,3.642857142857143,28.0,1.0,13.0,0.746924583282403,0.0,7.0,0.8861914816124286,2.0,16.0,0.6397616168799611,0.0,0.0,1.0,0.0,0.0,1.0,3.0,66.0,0.0,0.0,0.0,1.0,0.0,0.0,1.0
3400.0,6.0,85.0,1.8478260869565215,8.978815234509707,46.0,368.0,8.0,0.0,0.0,5.0,110.0,8.0,8.285686366966784,3.928571428571429,3.928571428571429,28.0,1.0,7.0,0.7777724376022873,1.0,9.0,0.7481369039560428,0.0,0.0,0.7853776077720503,0.0,4.0,0.9816800302243596,0.0,0.0,1.0,3.0,90.0,0.0,0.0,0.0,1.0,0.0,0.0,1.0
3408.0,8.0,125.0,2.840909090909091,7.956885272722444,44.0,327.0,7.431818181818182,0.0,0.0,8.0,160.0,50.0,7.480561531759294,4.705882352941177,4.705882352941177,34.0,2.0,13.0,0.717973464091019,1.0,20.0,0.7624740636342219,2.0,5.0,0.6319150944943754,0.0,4.0,0.4786759151483646,0.0,0.0,1.0,3.0,114.0,0.0,0.0,4.0,0.5428353043865796,0.0,0.0,1.0
3416.0,6.0,165.0,3.75,7.484340982656954,44.0,373.0,8.477272727272727,46.0,1.0454545454545454,6.0,196.0,36.0,6.882596932684005,7.2592592592592595,7.2592592592592595,27.0,1.0,19.0,0.5737212266208285,1.0,28.0,0.8013687206798963,0.0,0.0,0.8411956182783242,0.0,0.0,1.0,0.0,0.0,1.0,3.0,138.0,0.0,1.0,11.0,8.434062096574127e-06,0.0,0.0,1.0
3424.0,9.0,224.0,4.977777777777778,7.737020812506381,45.0,410.0,9.11111111111111,37.0,0.8222222222222222,9.0,255.0,59.0,6.298608695139452,9.807692307692308,9.807692307692308,26.0,3.0,28.0,0.3740176464201974,1.0,39.0,0.8113267226463594,1.0,3.0,0.7915843339391199,0.0,4.0,0.940391897389256,0.0,0.0,1.0,3.0,162.0,0.0,1.0,19.0,0.0,0.0,0.0,1.0
3432.0,7.0,255.0,5.543478260869565,8.374515273328429,46.0,467.0,10.152173913043478,57.0,1.2391304347826086,7.0,277.0,22.0,6.584757300428799,10.653846153846152,10.653846153846152,26.0,2.0,42.0,0.5712124839656062,1.0,46.0,0.8051146757636798,1.0,3.0,0.6222871242765355,0.0,0.0,0.903245037093177,0.0,0.0,1.0,3.0,186.0,0.0,0.0,0.0,1.0,0.0,0.0,1.0
3440.0,5.0,207.0,4.5,7.837777478049645,46.0,471.0,10.23913043478261,4.0,0.0869565217391304,5.0,238.0,0.0,7.197491210063999,7.212121212121212,7.212121212121212,33.0,2.0,10.0,0.635064116258722,0.0,15.0,0.821097052966873,0.0,0.0,0.6551470973804463,0.0,0.0,0.8990394398830619,0.0,0.0,1.0,3.0,213.0,0.1448571478385579,0.0,0.0,1.0,0.0,0.0,1.0
3448.0,9.0,254.0,5.291666666666667,7.7374788861094,48.0,527.0,10.979166666666666,56.0,1.1666666666666667,9.0,283.0,45.0,6.718767642095177,8.323529411764707,8.323529411764707,34.0,1.0,5.0,0.5097056043923438,2.0,25.0,0.7575220740152492,0.0,0.0,0.7939201997113301,1.0,4.0,0.4480376394883688,0.0,0.0,1.0,5.0,249.0,0.1284685363148028,0.0,0.0,1.0,0.0,0.0,1.0
3456.0,8.0,117.0,2.3877551020408165,7.087807170557399,49.0,557.0,11.36734693877551,30.0,0.6122448979591837,7.0,161.0,0.0,6.063343267450263,5.03125,5.03125,32.0,2.0,24.0,0.4937652790586089,0.0,19.0,0.7545854676546062,2.0,12.0,0.5311095023568425,2.0,17.0,0.0,0.0,0.0,1.0,1.0,86.0,0.3740505055793355,0.0,3.0,0.8994843986280051,0.0,0.0,1.0
3464.0,13.0,183.0,3.73469387755102,7.025715257857602,49.0,631.0,12.877551020408164,74.0,1.510204081632653,13.0,216.0,55.0,5.535868946874613,6.75,6.75,32.0,4.0,56.0,0.4802403290585723,2.0,35.0,0.7254748103282715,6.0,43.0,0.120049438776505,0.0,0.0,1.0,0.0,0.0,1.0,1.0,78.0,0.0,0.0,4.0,0.9176628256364724,0.0,0.0,1.0
3472.0,16.0,208.0,4.078431372549019,6.083056699433883,51.0,736.0,14.431372549019608,105.0,2.0588235294117645,16.0,242.0,26.0,4.1875391152590105,7.117647058823529,7.117647058823529,34.0,4.0,80.0,0.3833364942000252,2.0,51.0,0.7223811457032422,8.0,102.0,2.645859260421353e-05,0.0,0.0,1.0,0.0,0.0,1.0,0.0,0.0,0.8872822800600069,2.0,9.0,0.251710125004785,0.0,0.0,1.0
3480.0,5.0,47.0,0.9591836734693876,7.241562730240177,49.0,821.0,16.755102040816325,85.0,1.7346938775510203,4.0,134.0,0.0,6.39001381689397,5.153846153846154,5.153846153846154,26.0,1.0,8.0,0.7221700444798058,0.0,16.0,0.7712981973374733,3.0,103.0,0.2154787218062855,0.0,0.0,1.0,0.0,0.0,1.0,0.0,0.0,1.0,0.0,7.0,0.43697725015122,0.0,0.0,1.0
3488.0,7.0,20.0,0.3636363636363636,8.130904890051735,55.0,810.0,14.727272727272728,0.0,0.0,6.0,149.0,15.0,5.830656649448977,5.518518518518518,5.518518518518518,27.0,2.0,7.0,0.5668977924272859,0.0,13.0,0.7631553999909906,3.0,121.0,0.2609978487989638,0.0,0.0,1.0,0.0,0.0,1.0,0.0,0.0,1.0,1.0,8.0,0.0,0.0,0.0,1.0
3496.0,3.0,8.0,0.1538461538461538,8.905669323723753,52.0,720.0,13.846153846153848,0.0,0.0,3.0,122.0,0.0,8.906909553245281,4.518518518518518,4.518518518518518,27.0,2.0,17.0,0.7703078689244879,0.0,10.0,0.8027399931779285,1.0,92.0,0.5050263351737766,0.0,3.0,0.9550508583312964,0.0,0.0,1.0,0.0,0.0,1.0,0.0,0.0,1.0,0.0,0.0,1.0
3504.0,2.0,13.0,0.26,9.07456603783666,50.0,711.0,14.22,0.0,0.0,2.0,49.0,0.0,9.146465269989925,1.8148148148148149,1.8148148148148149,27.0,1.0,31.0,0.7185760621131398,1.0,8.0,0.6974011502337981,0.0,3.0,0.8788268489577212,0.0,4.0,0.6666764924549818,0.0,0.0,1.0,0.0,3.0,0.9821342959320292,0.0,0.0,1.0,0.0,0.0,1.0
3512.0,8.0,62.0,1.319148936170213,8.087761327137686,47.0,744.0,15.829787234042554,33.0,0.7021276595744681,8.0,91.0,42.0,7.280721233078927,3.3703703703703702,3.3703703703703702,27.0,5.0,60.0,0.637887381740973,1.0,16.0,0.5879348913890547,1.0,8.0,0.4573209077872194,1.0,7.0,0.4588670610294579,0.0,0.0,1.0,0.0,0.0,1.0,0.0,0.0,1.0,0.0,0.0,1.0
3520.0,7.0,49.0,1.0,7.76934750481649,49.0,773.0,15.775510204081632,29.0,0.5918367346938775,7.0,76.0,0.0,6.22586395905264,3.04,3.04,25.0,4.0,58.0,0.465772987279251,2.0,9.0,0.4952515515805151,0.0,3.0,0.8889456232258409,1.0,5.0,0.6117277383408098,0.0,0.0,1.0,0.0,1.0,0.911546689968665,0.0,0.0,1.0,0.0,0.0,1.0
3528.0,4.0,27.0,0.5869565217391305,9.04264784612223,46.0,773.0,16.804347826086957,0.0,0.0,4.0,59.0,0.0,7.824351854870332,2.6818181818181817,2.6818181818181817,22.0,1.0,18.0,0.7406894891412974,2.0,36.0,0.5898967386124675,0.0,3.0,0.9125128103879948,0.0,0.0,0.799958179796076,0.0,0.0,1.0,1.0,2.0,0.0096778899364565,0.0,0.0,1.0,0.0,0.0,1.0
3536.0,4.0,27.0,0.6,9.177644930833695,45.0,684.0,15.2,0.0,0.0,3.0,59.0,0.0,7.47328522665098,3.2777777777777777,3.2777777777777777,18.0,2.0,28.0,0.5555985504990933,0.0,18.0,0.734032540911814,0.0,3.0,0.924714281158513,0.0,0.0,0.960112472578425,0.0,0.0,1.0,1.0,10.0,0.0,0.0,0.0,1.0,0.0,0.0,1.0
3544.0,5.0,38.0,0.9047619047619048,7.884867455684168,42.0,618.0,14.714285714285714,0.0,0.0,5.0,63.0,4.0,5.237486295945299,3.9375,3.9375,16.0,4.0,40.0,0.0085854006511331,1.0,17.0,0.7429232097496806,0.0,3.0,0.8818486278009652,0.0,0.0,0.9206815389410729,0.0,3.0,0.9788615655151726,0.0,0.0,0.8820359155408196,0.0,0.0,1.0,0.0,0.0,1.0
3552.0,7.0,79.0,1.880952380952381,7.557743183585059,42.0,640.0,15.238095238095235,22.0,0.5238095238095238,7.0,100.0,37.0,5.8443364561496365,5.882352941176471,5.882352941176471,17.0,6.0,89.0,0.267200073101388,1.0,5.0,0.5773418305283603,0.0,3.0,0.6638344690853791,0.0,0.0,1.0,0.0,0.0,0.9234651952952112,0.0,0.0,1.0,0.0,3.0,0.7850509263386755,0.0,0.0,1.0
3560.0,1.0,9.0,0.2307692307692307,7.684629099459521,39.0,615.0,15.76923076923077,0.0,0.0,1.0,51.0,0.0,7.099830621174402,3.923076923076923,3.923076923076923,13.0,0.0,35.0,0.4287057153464791,1.0,16.0,0.6533179792663184,0.0,0.0,0.9870279525799858,0.0,0.0,1.0,0.0,0.0,0.791952629783746,0.0,0.0,1.0,0.0,0.0,1.0,0.0,0.0,1.0
3568.0,3.0,12.0,0.3157894736842105,8.059348646640728,38.0,572.0,15.052631578947368,0.0,0.0,3.0,26.0,0.0,7.471173640440367,2.1666666666666665,2.1666666666666665,12.0,2.0,14.0,0.4390034014745515,0.0,7.0,0.8738413325383316,1.0,2.0,0.0001571173869151,0.0,0.0,0.9505344544911638,0.0,0.0,1.0,0.0,0.0,1.0,0.0,3.0,0.9789168549713568,0.0,0.0,1.0
3576.0,3.0,14.0,0.4,7.278199228913265,35.0,412.0,11.771428571428572,0.0,0.0,2.0,28.0,2.0,6.916553220223629,2.0,2.0,14.0,0.0,1.0,0.602945826356102,0.0,10.0,0.6610333388118548,1.0,10.0,0.0,0.0,0.0,0.6211497227093977,0.0,0.0,1.0,0.0,0.0,0.9343176172017256,1.0,7.0,0.4620316602712235,0.0,0.0,1.0
3584.0,3.0,19.0,0.5428571428571428,7.91020897375776,35.0,269.0,7.685714285714286,0.0,0.0,3.0,30.0,2.0,7.221671694120875,2.3076923076923075,2.3076923076923075,13.0,0.0,1.0,0.711534694866957,2.0,23.0,0.3948859728976303,0.0,0.0,1.0,1.0,6.0,0.4711950476363325,0.0,0.0,1.0,0.0,0.0,1.0,0.0,0.0,0.950230151527861,0.0,0.0,1.0
3592.0,4.0,33.0,0.9705882352941176,8.555524526613727,34.0,271.0,7.970588235294118,2.0,0.0588235294117647,3.0,35.0,5.0,8.159455714504496,2.6923076923076925,2.6923076923076925,13.0,0.0,1.0,0.9334308796816472,1.0,18.0,0.4174019504245591,0.0,0.0,1.0,2.0,16.0,0.0002727087110334,0.0,0.0,0.5715826316082971,0.0,0.0,0.9090213312314872,0.0,0.0,0.9585854302965654,0.0,0.0,1.0
3600.0,5.0,60.0,1.7142857142857142,7.651004303879129,35.0,308.0,8.8,37.0,1.0571428571428572,5.0,68.0,33.0,5.439986828410895,4.25,4.25,16.0,1.0,5.0,0.6952187754903365,2.0,28.0,0.0018178650255649,0.0,3.0,0.5573873375221731,2.0,32.0,0.0,0.0,0.0,1.0,0.0,0.0,0.9000755409431385,0.0,0.0,0.0248604649761042,0.0,0.0,0.6064188827813375
