step,system_total_stopped,system_total_waiting_time,system_mean_waiting_time,system_mean_speed,system_cars_present,system_accumulated_waiting_time (100),system_accumulated_mean_waiting_time (100),system_accumulated_waiting_time (delta),system_accumulated_mean_waiting_time (delta),agents_total_stopped,agents_total_accumulated_waiting_time (100),agents_total_accumulated_waiting_time (delta),agents_mean_speed,agents_mean_waiting_time (100),agents_mean_waiting_time (delta),agents_cars_present,Col8_1_stopped,Col8_1_accumulated_waiting_time,Col8_1_average_speed,Col8_2_stopped,Col8_2_accumulated_waiting_time,Col8_2_average_speed,Col8_3_stopped,Col8_3_accumulated_waiting_time,Col8_3_average_speed,Col8_4_stopped,Col8_4_accumulated_waiting_time,Col8_4_average_speed,Col8_5_stopped,Col8_5_accumulated_waiting_time,Col8_5_average_speed,Col8_6_stopped,Col8_6_accumulated_waiting_time,Col8_6_average_speed,Col8_7_stopped,Col8_7_accumulated_waiting_time,Col8_7_average_speed,Col8_8_stopped,Col8_8_accumulated_waiting_time,Col8_8_average_speed
8.0,1,1.0,0.1428571428571428,6.935427637650408,7,1.0,0.1428571428571428,1.0,0.1428571428571428,0,0.0,0.0,9.58373626219538,0.0,0.0,4,0,0.0,1.0,0,0.0,0.9747362870124042,0,0.0,0.5613217849164936,0,0.0,0.9730829268395702,0,0.0,1.0,0,0.0,1.0,0,0.0,1.0,0,0.0,1.0
16.0,2,4.0,0.2857142857142857,7.461200469196081,14,5.0,0.3571428571428571,4.0,0.2857142857142857,2,5.0,5.0,7.562844736174219,0.5,0.5,10,0,0.0,1.0,1,1.0,0.4058697878285949,0,0.0,0.6975508425041043,1,4.0,0.333659754375158,0,0.0,1.0,0,0.0,1.0,0,0.0,1.0,0,0.0,1.0
24.0,1,9.0,0.45,7.997969170958439,20,20.0,1.0,15.0,0.75,1,11.0,6.0,7.59324783729579,0.7857142857142857,0.7857142857142857,14,0,0.0,0.224224072790711,1,9.0,0.3522828982796708,0,0.0,0.7336603251845109,0,2.0,0.2997058516333872,0,0.0,1.0,0,0.0,1.0,0,0.0,1.0,0,0.0,1.0
32.0,0,0.0,0.0,9.491666295924116,25,23.0,0.92,3.0,0.12,0,3.0,0.0,9.846720097611476,0.2,0.2,15,0,3.0,0.6376279443340322,0,0.0,0.6145858998597399,0,0.0,0.8136829376685097,0,0.0,1.0,0,0.0,1.0,0,0.0,1.0,0,0.0,0.9037559527243272,0,0.0,1.0
40.0,3,10.0,0.2941176470588235,9.280816810518978,34,33.0,0.9705882352941176,10.0,0.2941176470588235,3,13.0,10.0,8.764234911250435,0.5652173913043478,0.5652173913043478,23,0,3.0,0.7471284450081382,2,5.0,0.6592137843000689,0,0.0,0.7980787446189781,0,0.0,1.0,0,0.0,1.0,0,0.0,1.0,1,5.0,8.245960664339666e-06,0,0.0,1.0
48.0,4,19.0,0.5135135135135135,8.914108469545914,37,47.0,1.2702702702702702,14.0,0.3783783783783784,4,22.0,9.0,7.594410785641866,1.0476190476190477,1.0476190476190477,21,0,0.0,0.7508055617846493,4,22.0,0.5136451103919479,0,0.0,0.7118856390390915,0,0.0,1.0,0,0.0,1.0,0,0.0,1.0,0,0.0,1.0,0,0.0,1.0
56.0,5,9.0,0.2195121951219512,7.675614405302991,41,63.0,1.5365853658536586,16.0,0.3902439024390244,4,26.0,4.0,7.18821621911045,0.9629629629629628,0.9629629629629628,27,1,5.0,0.5930241771969651,2,19.0,0.5616648529219449,1,2.0,0.5591611451726186,0,0.0,0.946629756780575,0,0.0,1.0,0,0.0,1.0,0,0.0,1.0,0,0.0,1.0
64.0,6,35.0,0.7777777777777778,7.681137086922559,45,98.0,2.1777777777777776,35.0,0.7777777777777778,6,41.0,15.0,6.403871793303147,1.5769230769230769,1.5769230769230769,26,2,14.0,0.3786497998161288,4,24.0,0.5789512240915318,0,3.0,0.5793014387711033,0,0.0,0.8541898659727415,0,0.0,1.0,0,0.0,1.0,0,0.0,1.0,0,0.0,1.0
72.0,4,8.0,0.1739130434782608,7.870709790749781,46,110.0,2.391304347826087,12.0,0.2608695652173913,2,21.0,0.0,7.037478609084755,0.9545454545454546,0.9545454545454546,22,0,5.0,0.8726919323711183,2,10.0,0.5115246970930526,0,3.0,0.4725272699128726,0,0.0,0.7144076092938608,0,0.0,1.0,0,3.0,0.814935786599527,0,0.0,1.0,0,0.0,1.0
80.0,3,26.0,0.5416666666666666,9.07681079628226,48,129.0,2.6875,19.0,0.3958333333333333,3,41.0,20.0,8.123452869804687,1.64,1.64,25,1,12.0,0.6865264916037375,2,26.0,0.7259269515505609,0,3.0,0.8372504410768895,0,0.0,0.83208839237743,0,0.0,1.0,0,0.0,0.6284912533031847,0,0.0,1.0,0,0.0,1.0
88.0,6,29.0,0.6041666666666666,8.829116060843772,48,155.0,3.2291666666666665,26.0,0.5416666666666666,5,45.0,4.0,7.640888944925639,1.875,1.875,24,4,32.0,0.4423641559066033,0,3.0,0.7491556699316387,0,3.0,0.8665088097921924,0,3.0,0.9201430017788264,0,0.0,1.0,1,4.0,8.776003857071972e-05,0,0.0,0.9646845911060432,0,0.0,1.0
96.0,1,7.0,0.1627906976744186,8.615318364722128,43,157.0,3.651162790697674,2.0,0.0465116279069767,1,17.0,0.0,6.633579618827863,1.0625,1.0625,16,0,4.0,0.1792770390734633,1,10.0,0.7597824937933041,0,3.0,0.7288311535544211,0,0.0,0.9092366168599662,0,0.0,1.0,0,0.0,1.0,0,0.0,1.0,0,0.0,1.0
104.0,2,15.0,0.3658536585365853,9.215777302723936,41,136.0,3.317073170731707,0.0,0.0,1,17.0,0.0,8.703487184573492,1.3076923076923077,1.3076923076923077,13,0,0.0,0.8014496520307225,1,11.0,0.6225968915262453,0,3.0,0.9403614807266024,0,3.0,0.930803660821056,0,0.0,1.0,0,0.0,1.0,0,0.0,1.0,0,0.0,1.0
112.0,3,28.0,0.717948717948718,9.002566289026598,39,146.0,3.743589743589744,10.0,0.2564102564102564,3,30.0,13.0,7.252589492828593,2.0,2.0,15,0,3.0,0.8462869469498123,2,19.0,0.6560629656452357,0,3.0,0.8924319886957195,1,5.0,0.0,0,0.0,1.0,0,0.0,0.9982739069882682,0,0.0,0.5922038993095746,0,0.0,1.0
120.0,2,4.0,0.0975609756097561,9.66376178438044,41,129.0,3.1463414634146343,0.0,0.0,2,17.0,0.0,9.114425218230204,0.9444444444444444,0.9444444444444444,18,0,6.0,0.8693487000084046,2,7.0,0.6713105430772801,0,3.0,0.8940121332977656,0,1.0,0.90887479404841,0,0.0,1.0,0,0.0,0.9631546395550128,0,0.0,0.9697254370733828,0,0.0,1.0
128.0,1,2.0,0.05,9.344821065075347,40,121.0,3.025,0.0,0.0,1,19.0,2.0,9.547054557235583,1.0555555555555556,1.0555555555555556,18,0,6.0,0.9133699985566978,0,3.0,0.7803189115674689,0,6.0,0.486997352126543,1,3.0,0.4934373223584941,0,0.0,1.0,0,1.0,0.9155715027205776,0,0.0,0.9627886374272268,0,0.0,1.0
136.0,4,14.0,0.3333333333333333,10.097625030255724,42,138.0,3.2857142857142856,17.0,0.4047619047619047,4,33.0,14.0,8.957456558550303,1.5714285714285714,1.5714285714285714,21,1,10.0,0.7633499737997914,2,8.0,0.58760332988117,1,12.0,0.6878605539727154,0,3.0,0.9796860482052856,0,0.0,1.0,0,0.0,0.7727979949100934,0,0.0,1.0,0,0.0,0.919010240241888
144.0,5,23.0,0.5609756097560976,9.778696972259697,41,152.0,3.707317073170732,14.0,0.3414634146341463,4,38.0,5.0,8.62215895452048,1.9,1.9,20,1,1.0,0.7759171497637084,2,27.0,0.5519608724681773,1,4.0,0.7003018688143321,0,3.0,0.8674877569361815,0,0.0,1.0,0,0.0,1.0,0,3.0,0.6085448311720956,0,0.0,0.9883712270617092
152.0,5,47.0,1.236842105263158,8.539372440645518,38,154.0,4.052631578947368,2.0,0.0526315789473684,4,51.0,13.0,7.022306009255721,3.1875,3.1875,16,1,1.0,0.5663315523726532,3,49.0,0.3974148880202626,0,0.0,0.8647324183668856,0,0.0,0.6551947574092445,0,0.0,1.0,0,0.0,1.0,0,1.0,0.9435241182271192,0,0.0,1.0
160.0,3,20.0,0.5714285714285714,8.471223191530296,35,167.0,4.771428571428571,13.0,0.3714285714285714,3,37.0,0.0,6.053562155057908,2.3125,2.3125,16,3,23.0,0.2906050136181263,0,9.0,0.6987619810197362,0,0.0,0.8759206792750818,0,0.0,0.0094721844200053,0,0.0,1.0,0,0.0,0.7435593174676061,0,4.0,0.9099572723359568,0,1.0,0.9872398728859596
168.0,1,8.0,0.2580645161290322,9.743700752814942,31,162.0,5.225806451612903,0.0,0.0,1,32.0,0.0,9.246014788035414,2.2857142857142856,2.2857142857142856,14,0,8.0,0.7809939620290435,1,20.0,0.6959853380661893,0,3.0,0.8720829726866943,0,0.0,1.0,0,0.0,1.0,0,0.0,0.9109281050747078,0,0.0,1.0,0,1.0,0.964233417985539
176.0,2,2.0,0.0625,8.856259217106334,32,131.0,4.09375,0.0,0.0,0,19.0,0.0,8.36796846576658,1.2666666666666666,1.2666666666666666,15,0,3.0,0.5081458724518089,0,9.0,0.6163747455136936,0,3.0,0.8121853759352259,0,0.0,1.0,0,0.0,1.0,0,3.0,0.94406053659841,0,1.0,0.915838000072562,0,0.0,1.0
184.0,7,25.0,0.8064516129032258,7.193507369444268,31,137.0,4.419354838709677,6.0,0.1935483870967742,6,40.0,21.0,6.146184576109637,2.3529411764705883,2.3529411764705883,17,3,16.0,0.3834844231923198,2,14.0,0.5556425180721,0,3.0,0.9901107935515354,0,0.0,0.4867057095570432,0,0.0,1.0,1,7.0,0.488154553268139,0,0.0,0.9141097653209176,0,0.0,1.0
192.0,3,19.0,0.5757575757575758,8.675097957586274,33,146.0,4.424242424242424,9.0,0.2727272727272727,3,31.0,0.0,7.838262921231912,2.066666666666667,2.066666666666667,15,0,3.0,0.8661398321671321,1,16.0,0.524529167672482,0,3.0,0.6830043134315833,2,9.0,0.0004510360405466,0,0.0,1.0,0,0.0,0.9618443562342552,0,0.0,1.0,0,0.0,0.9332461931827862
200.0,2,5.0,0.1612903225806451,10.519726276253138,31,159.0,5.129032258064516,13.0,0.4193548387096774,2,17.0,0.0,9.721698726728878,1.1333333333333333,1.1333333333333333,15,0,3.0,0.9605669135205018,0,6.0,0.9155015472783248,1,4.0,0.619536813753036,0,0.0,1.0,0,0.0,1.0,1,4.0,0.6070550547749285,0,0.0,0.4098090853460894,0,0.0,0.8028907714043892
208.0,3,16.0,0.5714285714285714,8.142793514574148,28,100.0,3.571428571428572,0.0,0.0,3,28.0,11.0,6.31215560700868,2.333333333333333,2.333333333333333,12,1,5.0,0.4686503372259055,0,6.0,0.5983438176841933,0,3.0,0.9536853970391088,0,0.0,0.5956971548302354,0,0.0,1.0,2,14.0,0.0003874605171724,0,0.0,1.0,0,0.0,1.0
216.0,5,26.0,0.8387096774193549,7.275094537605662,31,86.0,2.774193548387097,0.0,0.0,4,35.0,7.0,6.583350173258842,2.333333333333333,2.333333333333333,15,2,5.0,0.0024527636368916,0,6.0,0.7576944884807868,0,3.0,0.8840152708185163,1,1.0,0.626834333592001,0,0.0,0.3903833353269761,1,20.0,0.4979185333832513,0,0.0,1.0,0,0.0,1.0
224.0,1,1.0,0.03125,8.123176419470903,32,103.0,3.21875,17.0,0.53125,1,13.0,0.0,7.027112168769008,1.3,1.3,10,0,0.0,1.0,1,7.0,0.5921788857860105,0,3.0,0.949269047919308,0,0.0,1.0,0,0.0,1.0,0,0.0,0.9272765226039704,0,3.0,0.5065650953697627,0,0.0,1.0
232.0,3,17.0,0.5666666666666667,8.8517609218798,30,111.0,3.7,8.0,0.2666666666666666,3,29.0,16.0,6.583057439825486,3.2222222222222223,3.2222222222222223,9,0,0.0,0.964117648690764,2,18.0,0.4060658799503667,0,3.0,0.9209581845850874,0,0.0,1.0,0,0.0,1.0,0,0.0,1.0,1,8.0,0.4817871582040683,0,0.0,1.0
240.0,1,5.0,0.1923076923076923,9.320556328255172,26,94.0,3.615384615384616,0.0,0.0,1,11.0,0.0,9.325635769407423,1.375,1.375,8,0,3.0,0.8007949973720969,0,0.0,0.9205610746929008,1,8.0,0.6301923706730892,0,0.0,0.9786259886728724,0,0.0,1.0,0,0.0,1.0,0,0.0,1.0,0,0.0,1.0
248.0,2,17.0,0.7083333333333334,8.152505902698955,24,97.0,4.041666666666667,3.0,0.125,2,27.0,16.0,7.400157479754459,2.7,2.7,10,0,3.0,0.96863123381526,1,4.0,0.5170377371821754,1,16.0,0.4432608572744138,0,0.0,0.9711103138543536,0,0.0,1.0,0,4.0,0.9967402366419956,0,0.0,1.0,0,0.0,1.0
256.0,2,4.0,0.1666666666666666,7.703982820963279,24,100.0,4.166666666666667,3.0,0.125,2,14.0,0.0,6.391740618813384,1.2727272727272727,1.2727272727272727,11,0,3.0,0.6350515210613715,0,0.0,0.9373502740277392,0,3.0,0.987747028761606,1,2.0,0.399483616618814,0,0.0,1.0,1,6.0,0.0005915602899674,0,0.0,1.0,0,0.0,1.0
264.0,5,32.0,1.1428571428571428,7.253093660095677,28,131.0,4.678571428571429,31.0,1.1071428571428572,5,42.0,28.0,5.566356860360306,3.230769230769231,3.230769230769231,13,0,0.0,0.9260722314673928,1,3.0,0.592073937163263,0,3.0,0.8746010409056209,3,19.0,0.0028722563830518,0,0.0,1.0,1,17.0,0.0089273472979015,0,0.0,1.0,0,0.0,1.0
272.0,2,11.0,0.3235294117647059,7.897175272831292,34,158.0,4.647058823529412,27.0,0.7941176470588235,2,22.0,0.0,7.306496369533389,1.375,1.375,16,1,0.0,0.5226078698743268,1,11.0,0.5826422251207799,0,3.0,0.9490523214916166,0,6.0,0.4634975616684173,0,0.0,1.0,0,2.0,0.9218759433911704,0,0.0,1.0,0,0.0,1.0
280.0,6,34.0,1.0,7.876161259897595,34,148.0,4.352941176470588,0.0,0.0,5,46.0,24.0,7.154755218723114,2.555555555555556,2.555555555555556,18,1,6.0,0.7344667166607791,2,20.0,0.450764634274111,0,3.0,0.8584583004441729,1,12.0,0.0,0,0.0,0.6548127411101093,1,2.0,0.3372663994873663,0,3.0,0.9830355480484784,0,0.0,1.0
288.0,3,19.0,0.6333333333333333,7.718859072168425,30,151.0,5.033333333333333,3.0,0.1,3,22.0,0.0,5.99650101949621,1.8333333333333333,1.8333333333333333,12,2,16.0,0.5362220097443328,1,3.0,0.4856607724972226,0,3.0,0.969106301910576,0,0.0,0.8597953330823573,0,0.0,1.0,0,0.0,0.0921360667957406,0,0.0,1.0,0,0.0,1.0
296.0,2,33.0,1.1785714285714286,8.073137811717375,28,133.0,4.75,0.0,0.0,2,40.0,18.0,5.788731779520566,2.857142857142857,2.857142857142857,14,1,22.0,0.3923647715368935,1,11.0,0.031769966691471,0,7.0,0.8436920096086533,0,0.0,0.5214440405304377,0,0.0,0.2649592111307872,0,0.0,1.0,0,0.0,0.988588239979466,0,0.0,1.0
304.0,5,39.0,1.4444444444444444,6.64313289102633,27,120.0,4.444444444444445,0.0,0.0,5,46.0,6.0,3.581791449588249,4.181818181818182,4.181818181818182,11,1,4.0,0.0,2,26.0,0.2155003349773067,2,16.0,0.3048538781524515,0,0.0,0.9804193196070268,0,0.0,0.3795232032791689,0,0.0,1.0,0,0.0,1.0,0,0.0,1.0
312.0,1,27.0,1.0384615384615383,9.29901381131786,26,142.0,5.461538461538462,22.0,0.8461538461538461,1,33.0,0.0,6.919744586697418,5.5,5.5,6,0,0.0,0.9590433302080178,1,27.0,0.2831531707832361,0,6.0,0.6850041444694803,0,0.0,0.8669278875942188,0,0.0,1.0,0,0.0,1.0,0,0.0,1.0,0,0.0,1.0
320.0,1,3.0,0.125,8.520219734411787,24,112.0,4.666666666666667,0.0,0.0,1,9.0,0.0,7.037050241930297,1.125,1.125,8,0,3.0,0.554598873442242,0,0.0,0.3089340963697583,0,3.0,0.9390087870375968,1,3.0,0.0002108952605469,0,0.0,1.0,0,0.0,1.0,0,0.0,1.0,0,0.0,1.0
328.0,2,4.0,0.16,9.179889626575006,25,96.0,3.84,0.0,0.0,1,16.0,7.0,10.137430029453418,1.3333333333333333,1.3333333333333333,12,1,9.0,0.7669656449730203,0,0.0,0.9723816874787148,0,3.0,0.9991565324152056,0,4.0,0.9276191347244196,0,0.0,1.0,0,0.0,0.876781819866249,0,0.0,1.0,0,0.0,1.0
336.0,3,14.0,0.5833333333333334,6.598142175926111,24,67.0,2.7916666666666665,0.0,0.0,3,23.0,7.0,4.494026970658772,1.7692307692307692,1.7692307692307692,13,2,18.0,0.2995892949561997,1,1.0,0.4844408817636454,0,0.0,1.0,0,4.0,0.5028240840365764,0,0.0,1.0,0,0.0,1.0,0,0.0,1.0,0,0.0,1.0
344.0,7,46.0,1.7037037037037035,5.556828354311949,27,107.0,3.962962962962963,40.0,1.4814814814814814,4,55.0,32.0,4.556134400908972,3.928571428571429,3.928571428571429,14,4,52.0,0.2491007150983849,0,0.0,0.9036891990221556,0,0.0,1.0,0,0.0,0.2106512571132242,0,0.0,1.0,0,3.0,0.9026819273762112,0,0.0,0.6567480127237284,0,0.0,1.0
352.0,7,65.0,2.321428571428572,6.592048761234085,28,139.0,4.964285714285714,32.0,1.1428571428571428,6,78.0,23.0,4.916142798904057,5.571428571428571,5.571428571428571,14,3,67.0,0.4657156312932137,0,0.0,0.8351243506221013,0,0.0,1.0,3,11.0,0.0887328600052373,0,0.0,1.0,0,0.0,1.0,0,0.0,1.0,0,0.0,1.0
360.0,2,0.0,0.0,7.27398965679238,39,170.0,4.358974358974359,31.0,0.7948717948717948,2,19.0,0.0,6.953022162890246,1.2666666666666666,1.2666666666666666,15,2,3.0,0.5282999600150895,0,0.0,0.9312331612828784,0,0.0,1.0,0,16.0,0.3772618706517981,0,0.0,1.0,0,0.0,1.0,0,0.0,0.5340484057190226,0,0.0,1.0
368.0,2,8.0,0.1904761904761904,8.598601548294281,42,180.0,4.285714285714286,10.0,0.238095238095238,2,11.0,0.0,7.313305860883201,0.7333333333333333,0.7333333333333333,15,2,11.0,0.6102712132806188,0,0.0,0.6467954000974464,0,0.0,0.7965908317343584,0,0.0,0.5789706987382524,0,0.0,1.0,0,0.0,1.0,0,0.0,1.0,0,0.0,1.0
384.0,2,14.0,0.2692307692307692,8.808332904945605,52,169.0,3.25,0.0,0.0,2,16.0,10.0,9.16612076719944,1.1428571428571428,1.1428571428571428,14,0,2.0,0.9030786082255312,1,12.0,0.5938404969463523,0,0.0,0.8716510348094599,1,2.0,0.0,0,0.0,0.2295691854669233,0,0.0,1.0,0,0.0,1.0,0,0.0,1.0
392.0,3,10.0,0.1886792452830188,8.16874213146374,53,179.0,3.3773584905660377,10.0,0.1886792452830188,3,19.0,3.0,8.429771466968779,0.9047619047619048,0.9047619047619048,21,1,7.0,0.5774888177346349,0,3.0,0.7740917263027792,2,9.0,0.6576779586227823,0,0.0,1.0,0,0.0,1.0,0,0.0,1.0,0,0.0,0.9654385640973044,0,0.0,1.0
400.0,0,0.0,0.0,8.539281051386213,57,186.0,3.263157894736842,7.0,0.1228070175438596,0,8.0,0.0,8.217388721721152,0.4444444444444444,0.4444444444444444,18,0,2.0,0.7952380141052556,0,3.0,0.5319607082683415,0,3.0,0.6871180824191319,0,0.0,1.0,0,0.0,1.0,0,0.0,1.0,0,0.0,1.0,0,0.0,1.0
408.0,4,12.0,0.2105263157894736,8.173590482490079,57,186.0,3.263157894736842,0.0,0.0,3,20.0,12.0,9.031069791240345,0.8,0.8,25,2,14.0,0.7251536823097022,1,3.0,0.7422014686506,0,3.0,0.9309166721542792,0,0.0,0.9856748486908272,0,0.0,0.659636360346011,0,0.0,0.9374182432113134,0,0.0,1.0,0,0.0,1.0
416.0,4,8.0,0.1290322580645161,7.829953814099385,62,191.0,3.0806451612903225,5.0,0.0806451612903225,3,36.0,16.0,7.850812494946212,1.44,1.44,25,1,11.0,0.6805148103201681,0,8.0,0.8566836438050448,0,6.0,0.7417259854454453,1,3.0,0.3398185404484659,0,0.0,1.0,1,1.0,0.4892055451717332,0,7.0,0.976606014183708,0,0.0,1.0
424.0,1,0.0,0.0,8.542232811338335,62,203.0,3.274193548387097,12.0,0.1935483870967742,0,18.0,0.0,7.95831706939563,0.72,0.72,25,0,5.0,0.7664090272401622,0,8.0,0.8418187796860225,0,4.0,0.8011738849598696,0,1.0,0.4409107951301047,0,0.0,1.0,0,0.0,0.8530789239987424,0,0.0,1.0,0,0.0,1.0
432.0,2,9.0,0.1475409836065573,8.124767175504493,61,200.0,3.278688524590164,0.0,0.0,2,28.0,10.0,7.601556833494391,0.9655172413793104,0.9655172413793104,29,1,12.0,0.6844213395208231,0,8.0,0.7633895098546388,0,3.0,0.8903746694159774,0,0.0,0.3783529387302106,0,0.0,0.104938561716687,1,2.0,0.2692895511799812,0,3.0,0.875833553195856,0,0.0,1.0
440.0,5,23.0,0.3898305084745763,7.708020022378348,59,194.0,3.288135593220339,0.0,0.0,5,39.0,11.0,6.227929107401014,1.95,1.95,20,0,2.0,0.9718194606116504,3,23.0,0.6374398715469632,1,4.0,0.443235249404951,1,10.0,0.4637775363517488,0,0.0,1.0,0,0.0,1.0,0,0.0,0.6406682981451486,0,0.0,1.0
448.0,1,0.0,0.0,8.54463218536644,60,201.0,3.35,7.0,0.1166666666666666,0,16.0,0.0,7.5275937984917505,0.8,0.8,20,0,5.0,0.8413180935215037,0,8.0,0.8040095950676811,0,3.0,0.9727752040675044,0,0.0,0.7659230012383731,0,0.0,1.0,0,0.0,0.9511480460266736,0,0.0,1.0,0,0.0,1.0
456.0,4,15.0,0.2542372881355932,8.529078702658847,59,148.0,2.5084745762711864,0.0,0.0,4,31.0,15.0,7.043654575821208,1.4090909090909092,1.4090909090909092,22,0,5.0,0.96571806921351,3,18.0,0.6723560753660577,0,3.0,0.9860455427430886,1,5.0,0.4632096730328719,0,0.0,1.0,0,0.0,1.0,0,0.0,1.0,0,0.0,1.0
464.0,2,3.0,0.0545454545454545,7.733665726457605,55,133.0,2.418181818181818,0.0,0.0,2,21.0,0.0,7.087849462869879,0.84,0.84,25,0,3.0,0.5062060288753357,2,14.0,0.6535474083207575,0,3.0,0.6300158221343257,0,0.0,0.9121092229809264,0,0.0,1.0,0,0.0,0.9259260207187028,0,0.0,0.9696113354774172,0,1.0,0.9999683649028608
472.0,3,12.0,0.2068965517241379,7.881890143354062,58,159.0,2.7413793103448274,26.0,0.4482758620689655,3,33.0,12.0,6.371112116042793,1.5714285714285714,1.5714285714285714,21,0,0.0,1.0,3,26.0,0.6277331860377348,0,0.0,0.545144448616543,0,0.0,1.0,0,0.0,1.0,0,3.0,0.5153012413087017,0,3.0,0.9443919662564572,0,1.0,0.9198290241421578
480.0,6,37.0,0.6491228070175439,7.650090048362157,57,164.0,2.8771929824561404,5.0,0.087719298245614,4,63.0,30.0,7.236660727325411,2.032258064516129,2.032258064516129,31,0,7.0,0.9014515085860432,3,47.0,0.5226130529394286,0,0.0,0.851819113785087,0,0.0,0.6293621884575441,0,0.0,1.0,1,6.0,0.5556293002259018,0,3.0,0.91645804353121,0,0.0,1.0
488.0,5,14.0,0.2222222222222222,7.877665294065845,63,184.0,2.9206349206349205,20.0,0.3174603174603174,4,43.0,0.0,6.931259972638705,1.34375,1.34375,32,0,7.0,0.7763868957719293,3,24.0,0.395129885558245,0,0.0,0.7958599222861203,0,0.0,0.853147061980005,0,0.0,1.0,1,12.0,0.6302964764763701,0,0.0,0.9871818784645268,0,0.0,1.0
496.0,8,44.0,0.6470588235294118,8.43795230630715,68,212.0,3.117647058823529,28.0,0.4117647058823529,8,54.0,11.0,7.479567858352893,1.588235294117647,1.588235294117647,34,0,7.0,0.9180526307396668,4,18.0,0.5121203775787481,0,0.0,0.8021057408330602,2,5.0,0.3889355897874608,0,0.0,1.0,2,24.0,0.0,0,0.0,0.9726222053400466,0,0.0,1.0
504.0,2,1.0,0.0158730158730158,8.287941278034179,63,216.0,3.4285714285714284,4.0,0.0634920634920634,2,22.0,0.0,7.537860181097933,0.7857142857142857,0.7857142857142857,28,1,14.0,0.7978032041879278,1,0.0,0.4644182195928751,0,0.0,0.831352584233719,0,8.0,0.2943311720369622,0,0.0,1.0,0,0.0,1.0,0,0.0,0.9851344234154806,0,0.0,1.0
512.0,6,32.0,0.5423728813559322,8.299956726355951,59,232.0,3.9322033898305087,16.0,0.2711864406779661,6,46.0,24.0,7.037028108523154,1.84,1.84,25,3,24.0,0.6109458967279164,2,14.0,0.4895696891399401,0,0.0,0.8538570961798087,1,5.0,3.026268488506638e-05,0,0.0,1.0,0,3.0,0.9930202756027277,0,0.0,0.5933025107202027,0,0.0,1.0
520.0,4,57.0,0.9661016949152542,8.597891468088672,59,221.0,3.745762711864407,0.0,0.0,4,65.0,19.0,8.046590160025744,2.6,2.6,25,2,35.0,0.6769169558921625,2,30.0,0.5488714733570351,0,0.0,0.846558127444338,0,0.0,0.5787565740314471,0,0.0,1.0,0,0.0,0.913686516488073,0,0.0,1.0,0,0.0,1.0
528.0,5,89.0,1.5344827586206895,8.997296640018128,58,241.0,4.155172413793103,20.0,0.3448275862068966,4,92.0,27.0,7.499973508595244,4.6,4.6,20,2,45.0,0.6421850782693566,2,46.0,0.300257075684388,0,0.0,0.8943207456052442,0,0.0,0.8546356664265952,0,0.0,1.0,0,1.0,0.9295667669956912,0,0.0,0.9109137762051794,0,0.0,1.0
536.0,2,5.0,0.0961538461538461,9.318218922732264,52,160.0,3.076923076923077,0.0,0.0,1,12.0,0.0,9.064266285286848,0.5714285714285714,0.5714285714285714,21,1,12.0,0.7809755873297348,0,0.0,0.5767686107311905,0,0.0,0.918471121778102,0,0.0,0.9146782935058532,0,0.0,1.0,0,0.0,0.9097161162817964,0,0.0,0.932553300295776,0,0.0,1.0
544.0,3,9.0,0.2093023255813953,9.092029573260216,43,161.0,3.744186046511628,1.0,0.0232558139534883,3,24.0,12.0,9.0017052790422,1.0434782608695652,1.0434782608695652,23,0,5.0,0.8581168145997596,0,4.0,0.9172823978080722,0,3.0,0.7481463980987384,1,1.0,0.0056922136839441,0,0.0,1.0,1,7.0,0.4659642111060021,1,4.0,0.0,0,0.0,1.0
552.0,2,4.0,0.0869565217391304,9.19164985550182,46,146.0,3.1739130434782608,0.0,0.0,2,8.0,0.0,8.497959881036774,0.3478260869565217,0.3478260869565217,23,0,0.0,0.742406665670698,2,8.0,0.3629944546595267,0,0.0,0.8506868679421398,0,0.0,0.9795393909262238,0,0.0,1.0,0,0.0,0.8547460121869154,0,0.0,1.0,0,0.0,1.0
560.0,5,10.0,0.1886792452830188,9.060890653263224,53,156.0,2.943396226415094,10.0,0.1886792452830188,3,17.0,9.0,8.51518724012811,0.6538461538461539,0.6538461538461539,26,1,7.0,0.7775593094840322,1,4.0,0.3585181246198994,0,0.0,1.0,1,3.0,0.3599627460823027,0,0.0,0.3003901643825699,0,0.0,0.6300306054281614,0,3.0,0.9896020695292516,0,0.0,1.0
568.0,2,0.0,0.0,9.051130703128266,54,116.0,2.1481481481481484,0.0,0.0,1,10.0,0.0,10.20102894554672,0.4166666666666667,0.4166666666666667,24,0,7.0,0.84656998989884,1,0.0,0.4869132086190317,0,0.0,1.0,0,0.0,0.9523447263229486,0,0.0,1.0,0,0.0,0.6968429758182918,0,0.0,1.0,0,3.0,0.99008480741583
576.0,2,8.0,0.1538461538461538,9.83960482831216,52,118.0,2.269230769230769,2.0,0.0384615384615384,2,24.0,14.0,10.307482401289528,1.0,1.0,24,2,18.0,0.6772136642711768,0,0.0,0.8769915115559572,0,3.0,0.9686567706224606,0,1.0,0.9578826319899154,0,0.0,1.0,0,1.0,0.8972142131667847,0,1.0,0.95198520389566,0,0.0,1.0
584.0,8,26.0,0.5416666666666666,7.63686302225485,48,111.0,2.3125,0.0,0.0,7,30.0,6.0,5.447370892257887,1.4285714285714286,1.4285714285714286,21,4,20.0,0.4667290660198057,1,3.0,0.3839063776532984,0,0.0,0.909438801713532,1,2.0,0.0047937257244764,0,0.0,1.0,1,5.0,0.2924525312891869,0,0.0,0.5195776697714631,0,0.0,1.0
592.0,4,30.0,0.7142857142857143,7.886124083559974,42,153.0,3.642857142857143,42.0,1.0,4,54.0,24.0,5.809301225682677,2.8421052631578947,2.8421052631578947,19,1,30.0,0.3221529636108337,3,24.0,0.4417277353407591,0,0.0,0.9163386164441288,0,0.0,0.7899517794472033,0,0.0,1.0,0,0.0,0.5907351740417596,0,0.0,1.0,0,0.0,1.0
600.0,10,67.0,1.7179487179487178,6.188640649854035,39,183.0,4.6923076923076925,30.0,0.7692307692307693,10,100.0,46.0,4.560855876933836,4.761904761904762,4.761904761904762,21,4,39.0,0.2865208656092183,6,55.0,0.1173313011531019,0,0.0,0.995950552668794,0,0.0,0.6924282797448145,0,0.0,1.0,0,0.0,1.0,0,6.0,0.8547226651604527,0,0.0,1.0
608.0,0,0.0,0.0,8.61221419217189,40,210.0,5.25,27.0,0.675,0,49.0,0.0,8.166995895051915,3.0625,3.0625,16,0,30.0,0.6426442944888661,0,16.0,0.4866077066189102,0,0.0,0.9402837827688436,0,0.0,0.9514672897897516,0,0.0,1.0,0,3.0,0.9997887458390488,0,0.0,1.0,0,0.0,1.0
616.0,1,0.0,0.0,10.112683008388778,44,202.0,4.590909090909091,0.0,0.0,1,17.0,0.0,10.442798261867669,0.7391304347826086,0.7391304347826086,23,1,14.0,0.8147816021516978,0,0.0,0.8129250014264289,0,0.0,0.9814319315187096,0,0.0,1.0,0,0.0,1.0,0,3.0,0.3129336838645784,0,0.0,1.0,0,0.0,1.0
624.0,1,1.0,0.024390243902439,9.925426675820548,41,150.0,3.658536585365854,0.0,0.0,1,15.0,0.0,10.657695381833191,0.5769230769230769,0.5769230769230769,26,1,15.0,0.7540741070609697,0,0.0,0.6438978484328538,0,0.0,0.9146599677404958,0,0.0,1.0,0,0.0,1.0,0,0.0,0.9835841550298484,0,0.0,1.0,0,0.0,1.0
632.0,2,3.0,0.0652173913043478,8.60800618506066,46,151.0,3.282608695652174,1.0,0.0217391304347826,1,9.0,0.0,8.655642572238124,0.3214285714285714,0.3214285714285714,28,0,3.0,0.6399114760265882,1,3.0,0.4596787170552857,0,0.0,0.914343615481248,0,0.0,1.0,0,0.0,1.0,0,0.0,1.0,0,3.0,0.7618549655141406,0,0.0,1.0
640.0,7,14.0,0.2745098039215686,9.522411632612233,51,157.0,3.07843137254902,6.0,0.1176470588235294,6,19.0,10.0,8.11214550945481,0.7307692307692307,0.7307692307692307,26,5,19.0,0.6001154491114254,1,0.0,0.4589902251147387,0,0.0,0.9006837141753999,0,0.0,0.8437482797629313,0,0.0,1.0,0,0.0,1.0,0,0.0,1.0,0,0.0,1.0
648.0,4,6.0,0.1224489795918367,9.175235786902704,49,118.0,2.4081632653061225,0.0,0.0,3,30.0,11.0,9.111678121623576,1.0344827586206895,1.0344827586206895,29,1,24.0,0.6648194426011704,0,0.0,0.9381698435311708,0,0.0,0.900757444025255,2,6.0,0.3660016341079408,0,0.0,1.0,0,0.0,1.0,0,0.0,1.0,0,0.0,1.0
656.0,2,4.0,0.0851063829787234,8.370418804215408,47,122.0,2.595744680851064,4.0,0.0851063829787234,2,12.0,0.0,7.025731744832754,0.4,0.4,30,2,10.0,0.633325740755293,0,0.0,0.2877002400704268,0,0.0,0.0148466194813073,0,2.0,0.367173452793295,0,0.0,1.0,0,0.0,1.0,0,0.0,1.0,0,0.0,1.0
664.0,4,26.0,0.52,8.255564034473267,50,104.0,2.08,0.0,0.0,4,33.0,21.0,7.272816059360445,1.2222222222222223,1.2222222222222223,27,4,33.0,0.4708860077400166,0,0.0,0.5962979671696196,0,0.0,1.0,0,0.0,0.7238191941565378,0,0.0,1.0,0,0.0,1.0,0,0.0,1.0,0,0.0,1.0
672.0,7,68.0,1.3076923076923077,8.615298589441782,52,139.0,2.673076923076923,35.0,0.6730769230769231,7,78.0,45.0,6.73278153785692,2.689655172413793,2.689655172413793,29,6,73.0,0.4136379994986369,0,0.0,0.9530404751472032,0,0.0,1.0,1,5.0,0.6226733341184427,0,0.0,1.0,0,0.0,1.0,0,0.0,1.0,0,0.0,1.0
688.0,4,9.0,0.1607142857142857,7.923549882404979,56,232.0,4.142857142857143,45.0,0.8035714285714286,4,59.0,0.0,6.375364843757577,1.7352941176470589,1.7352941176470589,34,3,59.0,0.3425042507986913,1,0.0,0.5975026524798599,0,0.0,0.6446030023027041,0,0.0,0.9765013166222049,0,0.0,1.0,0,0.0,1.0,0,0.0,0.968568330708336,0,0.0,1.0
696.0,10,58.0,1.0943396226415094,8.41324847187596,53,271.0,5.113207547169812,39.0,0.7358490566037735,10,66.0,7.0,5.780935314405832,2.4444444444444446,2.4444444444444446,27,9,65.0,0.3381618001495594,1,1.0,0.5324373748157573,0,0.0,0.5885276788037019,0,0.0,1.0,0,0.0,1.0,0,0.0,1.0,0,0.0,1.0,0,0.0,1.0
704.0,10,57.0,1.14,7.154898726137108,50,212.0,4.24,0.0,0.0,10,115.0,49.0,5.071575266321796,3.8333333333333335,3.8333333333333335,30,9,108.0,0.247693497483396,1,0.0,0.6859229717413077,0,3.0,0.9392726618165138,0,0.0,1.0,0,0.0,0.9849394478873446,0,4.0,0.8293966118583557,0,0.0,1.0,0,0.0,1.0
712.0,8,26.0,0.5306122448979592,6.991810854862543,49,251.0,5.122448979591836,39.0,0.7959183673469388,8,155.0,40.0,5.6499557177277495,4.5588235294117645,4.5588235294117645,34,5,152.0,0.3467507856568764,2,2.0,0.5709886776357892,0,1.0,0.9741046168116398,0,0.0,1.0,0,0.0,1.0,0,0.0,0.979985317764728,1,0.0,0.0,0,0.0,1.0
720.0,4,12.0,0.2448979591836734,6.857971764466448,49,245.0,5.0,0.0,0.0,4,168.0,13.0,5.613845270149448,4.8,4.8,35,4,166.0,0.2696353541183683,0,1.0,0.8201057187748553,0,0.0,1.0,0,0.0,1.0,0,0.0,1.0,0,0.0,1.0,0,1.0,0.882538612194869,0,0.0,1.0
728.0,12,41.0,0.7735849056603774,6.4565950139201815,53,287.0,5.415094339622642,42.0,0.7924528301886793,10,151.0,0.0,4.544777084254092,4.314285714285714,4.314285714285714,35,6,140.0,0.3442223786622276,3,8.0,0.4319919148325724,1,0.0,0.0,0,0.0,1.0,0,0.0,1.0,0,3.0,0.9997851936035484,0,0.0,1.0,0,0.0,1.0
736.0,9,73.0,1.2372881355932204,7.269436051226139,59,304.0,5.152542372881356,17.0,0.288135593220339,8,129.0,0.0,5.873939255503617,3.3947368421052637,3.3947368421052637,38,7,126.0,0.327139781884389,1,0.0,0.6881132859487996,0,0.0,0.959963147623231,0,0.0,1.0,0,0.0,1.0,0,3.0,0.6394095404445019,0,0.0,1.0,0,0.0,1.0
744.0,11,140.0,2.3728813559322037,6.993655831308716,59,262.0,4.440677966101695,0.0,0.0,11,164.0,35.0,6.12685027653684,3.727272727272727,3.727272727272727,44,10,161.0,0.4133155627088396,1,3.0,0.6787668331279803,0,0.0,0.4981151470813831,0,0.0,1.0,0,0.0,1.0,0,0.0,0.4455471874979348,0,0.0,1.0,0,0.0,1.0
752.0,6,13.0,0.2,7.448140334224869,65,293.0,4.507692307692308,31.0,0.4769230769230769,5,83.0,0.0,7.050257512429075,1.8444444444444448,1.8444444444444448,45,5,79.0,0.3967358717443184,0,1.0,0.7650742058302502,0,1.0,0.8234855047326369,0,0.0,1.0,0,0.0,1.0,0,0.0,0.4767724221678245,0,2.0,0.9662889978397224,0,0.0,1.0
760.0,10,77.0,1.115942028985507,8.890551186931702,69,321.0,4.652173913043479,28.0,0.4057971014492754,9,81.0,0.0,7.754968070978602,1.975609756097561,1.975609756097561,41,8,72.0,0.4758421805326683,1,8.0,0.7266254233381582,0,1.0,0.955043142679278,0,0.0,1.0,0,0.0,1.0,0,0.0,0.8326262063800934,0,0.0,0.9584875996746084,0,0.0,1.0
768.0,15,165.0,2.462686567164179,7.225722293349898,67,265.0,3.955223880597015,0.0,0.0,15,181.0,100.0,5.759090459442895,4.113636363636363,4.113636363636363,44,14,163.0,0.3376868243612547,1,17.0,0.7115652730855625,0,1.0,0.8972530629480191,0,0.0,0.6807030759842162,0,0.0,1.0,0,0.0,1.0,0,0.0,1.0,0,0.0,1.0
776.0,23,200.0,3.225806451612903,4.547592577074599,62,396.0,6.387096774193548,131.0,2.1129032258064515,22,272.0,91.0,3.4995168253929485,5.913043478260869,5.913043478260869,46,18,263.0,0.2052321511857688,3,9.0,0.4304778404969934,1,0.0,0.0,0,0.0,0.9772184392536164,0,0.0,1.0,0,0.0,1.0,0,0.0,1.0,0,0.0,1.0
784.0,18,200.0,2.985074626865672,5.411554304721067,67,575.0,8.582089552238806,179.0,2.671641791044776,18,401.0,129.0,3.952511519288044,8.717391304347826,8.717391304347826,46,16,393.0,0.2464430539713492,2,8.0,0.2839780642065292,0,0.0,0.9461460173912222,0,0.0,0.7501244941823395,0,0.0,1.0,0,0.0,1.0,0,0.0,1.0,0,0.0,1.0
792.0,11,37.0,0.4868421052631579,6.080774175177639,76,649.0,8.539473684210526,74.0,0.9736842105263158,9,385.0,0.0,4.589211290182095,8.369565217391305,8.369565217391305,46,7,358.0,0.2801111682697865,1,22.0,0.5478675586533451,0,0.0,0.9595751946719758,1,5.0,0.4681478773642604,0,0.0,0.2147286407452338,0,0.0,1.0,0,0.0,1.0,0,0.0,1.0
800.0,12,43.0,0.5308641975308642,6.585355157553116,81,689.0,8.506172839506172,40.0,0.4938271604938271,12,390.0,5.0,4.608223540391711,7.647058823529412,7.647058823529412,51,7,350.0,0.2749402170601649,4,22.0,0.5007128292846159,0,3.0,0.9094430077328072,1,15.0,0.6089329813038492,0,0.0,0.3550350196243216,0,0.0,1.0,0,0.0,1.0,0,0.0,1.0
808.0,11,58.0,0.6744186046511628,6.501191263687718,86,667.0,7.755813953488372,0.0,0.0,11,324.0,0.0,5.040958201177525,5.785714285714286,5.785714285714286,56,9,303.0,0.2923177815401116,2,8.0,0.5112567538646637,0,3.0,0.7418008577430867,0,10.0,0.726217726507531,0,0.0,1.0,0,0.0,1.0,0,0.0,0.9703459012816884,0,0.0,1.0
816.0,13,141.0,1.6588235294117648,5.772963267712612,85,698.0,8.211764705882352,31.0,0.3647058823529411,13,370.0,46.0,4.168977863365502,6.491228070175438,6.491228070175438,57,9,320.0,0.2259937162702664,4,37.0,0.4512047087405453,0,3.0,0.9490435205823816,0,10.0,0.6610588242641352,0,0.0,1.0,0,0.0,1.0,0,0.0,1.0,0,0.0,1.0
824.0,18,199.0,2.094736842105263,6.178715454668359,95,709.0,7.463157894736842,11.0,0.1157894736842105,18,371.0,1.0,4.897043176339345,5.707692307692308,5.707692307692308,65,11,336.0,0.3331298357413499,4,13.0,0.4640687878179875,0,3.0,0.7252315315554378,3,19.0,0.1897779525455554,0,0.0,1.0,0,0.0,1.0,0,0.0,1.0,0,0.0,1.0
832.0,15,72.0,0.7272727272727273,6.222728892385224,99,739.0,7.464646464646464,30.0,0.303030303030303,14,345.0,0.0,4.773944207650058,5.307692307692308,5.307692307692308,65,5,261.0,0.3562762187762797,7,46.0,0.3621480345263628,2,12.0,0.3626293785290692,0,26.0,0.4626354937044248,0,0.0,1.0,0,0.0,1.0,0,0.0,1.0,0,0.0,1.0
840.0,18,75.0,0.7281553398058253,5.87873656153048,103,759.0,7.368932038834951,20.0,0.1941747572815534,18,355.0,10.0,4.328570486693496,5.0,5.0,71,12,272.0,0.2528170841694572,5,73.0,0.3734891257562805,0,5.0,0.7544938637496736,1,2.0,0.352438801120515,0,3.0,0.9312361373947424,0,0.0,1.0,0,0.0,0.7099060570731409,0,0.0,1.0
848.0,16,73.0,0.7156862745098039,5.971128926741772,102,724.0,7.098039215686274,0.0,0.0,16,320.0,0.0,4.112288127727898,4.776119402985074,4.776119402985074,67,11,257.0,0.2464446276780545,4,52.0,0.3403236624109583,1,11.0,0.6281657433909492,0,0.0,1.0,0,0.0,1.0,0,0.0,0.9956794880925974,0,0.0,1.0,0,0.0,1.0
864.0,17,84.0,0.8571428571428571,6.037651239344266,98,700.0,7.142857142857143,0.0,0.0,16,360.0,47.0,4.254684437956789,5.625,5.625,64,11,278.0,0.2587411441909739,5,72.0,0.3172554999786695,0,3.0,0.772664723688353,0,7.0,0.514225000114425,0,0.0,1.0,0,0.0,1.0,0,0.0,1.0,0,0.0,1.0
872.0,12,85.0,0.8762886597938144,6.832210345519816,97,703.0,7.247422680412371,3.0,0.0309278350515463,11,284.0,0.0,4.423125685716824,4.896551724137931,4.896551724137931,58,10,232.0,0.2871411861237778,1,49.0,0.2491137679122292,0,3.0,0.8405863151804288,0,0.0,0.7910017189705967,0,0.0,1.0,0,0.0,1.0,0,0.0,1.0,0,0.0,1.0
880.0,21,94.0,1.0,6.065161809481935,94,723.0,7.691489361702128,20.0,0.2127659574468085,20,292.0,8.0,3.377424049790302,5.214285714285714,5.214285714285714,56,16,228.0,0.2004112789218382,4,58.0,0.1045516233786449,0,3.0,0.7795119730699005,0,3.0,0.917771754590367,0,0.0,1.0,0,0.0,1.0,0,0.0,1.0,0,0.0,1.0
888.0,22,151.0,1.755813953488372,5.777153017512411,86,729.0,8.476744186046512,6.0,0.0697674418604651,20,316.0,24.0,3.800107151139094,5.745454545454545,5.745454545454545,55,18,284.0,0.1717084032994176,0,21.0,0.861154879726824,1,4.0,0.7476185719869356,1,7.0,0.6239601863629604,0,0.0,1.0,0,0.0,1.0,0,0.0,1.0,0,0.0,1.0
896.0,20,217.0,2.6144578313253013,5.471307933358987,83,735.0,8.855421686746988,6.0,0.072289156626506,20,398.0,82.0,3.5425855675987625,7.236363636363636,7.236363636363636,55,18,386.0,0.1839965461952709,0,4.0,0.9125111151998392,2,5.0,0.4858073639114315,0,0.0,0.1866677543384576,0,3.0,0.8410904570931778,0,0.0,1.0,0,0.0,1.0,0,0.0,1.0
904.0,18,312.0,3.50561797752809,6.016521156285847,89,810.0,9.101123595505618,75.0,0.8426966292134831,18,504.0,106.0,4.021505346794319,8.842105263157896,8.842105263157896,57,17,491.0,0.1636108931797858,0,1.0,0.6394048439455232,0,0.0,0.8420720084136326,1,7.0,0.4787864837149141,0,0.0,0.9064305403358582,0,5.0,0.9024072990880836,0,0.0,0.927784064296894,0,0.0,1.0
912.0,19,415.0,4.56043956043956,6.236419291909833,91,877.0,9.637362637362637,67.0,0.7362637362637363,19,580.0,76.0,4.347598969050183,10.357142857142858,10.357142857142858,56,17,578.0,0.1682325205026148,1,1.0,0.6732704069542528,0,0.0,0.9045823744129312,0,0.0,0.821211448157253,0,0.0,1.0,0,0.0,1.0,1,1.0,0.4664205054917316,0,0.0,1.0
920.0,10,32.0,0.3265306122448979,6.3735012862521625,98,941.0,9.60204081632653,64.0,0.6530612244897959,9,435.0,0.0,4.629106362669185,7.372881355932203,7.372881355932203,59,5,424.0,0.2235761040054912,0,6.0,0.6844073548067752,2,2.0,0.5581054134499522,1,2.0,0.4622272839591826,0,0.0,1.0,0,0.0,0.9502102572235228,1,1.0,0.0022558170530241,0,0.0,1.0
928.0,13,45.0,0.4787234042553192,6.865029681697561,94,943.0,10.03191489361702,2.0,0.0212765957446808,13,436.0,1.0,5.61448573504768,7.032258064516129,7.032258064516129,62,8,406.0,0.243587058002767,2,13.0,0.6969906813820987,3,17.0,0.6222949454962203,0,0.0,0.9993846626211268,0,0.0,0.987293032700298,0,0.0,0.8700421497496722,0,0.0,1.0,0,0.0,1.0
936.0,18,119.0,1.3076923076923077,6.29173073201232,91,945.0,10.384615384615383,2.0,0.0219780219780219,18,488.0,52.0,4.188682027505028,8.271186440677965,8.271186440677965,59,11,427.0,0.2385442342334448,4,32.0,0.3682573115532416,0,9.0,0.7131192221432973,1,1.0,0.007207605264233,0,0.0,1.0,2,8.0,0.2930715557662731,0,11.0,0.9518492203276856,0,0.0,1.0
944.0,16,60.0,0.6382978723404256,5.873295711323477,94,975.0,10.372340425531917,30.0,0.3191489361702128,16,276.0,0.0,3.9059606412644503,4.842105263157895,4.842105263157895,57,5,209.0,0.2966692591836973,5,38.0,0.3736535496283643,4,22.0,0.327565746591634,0,0.0,0.8920412813448213,0,0.0,1.0,1,3.0,0.0003755161340095,1,4.0,1.0015475668886617e-05,0,0.0,1.0
952.0,9,34.0,0.3541666666666667,7.344832735154726,96,1033.0,10.760416666666666,58.0,0.6041666666666666,9,280.0,4.0,6.106450825072987,5.0,5.0,56,6,218.0,0.4382737647027204,3,38.0,0.4086955104236383,0,21.0,0.6393390317674318,0,3.0,0.938211608805066,0,0.0,1.0,0,0.0,1.0,0,0.0,1.0,0,0.0,1.0
960.0,14,69.0,0.6831683168316832,7.182845477008527,101,847.0,8.386138613861386,0.0,0.0,13,273.0,0.0,5.6995319748385205,4.403225806451613,4.403225806451613,62,7,225.0,0.3087246036575023,4,37.0,0.5377268633378341,1,3.0,0.7634280474462347,1,5.0,0.2655027349253141,0,0.0,0.2975176282291946,0,0.0,0.9326972576048363,0,3.0,0.9491022434120469,0,0.0,1.0
968.0,15,127.0,1.2095238095238094,7.253491486704005,105,816.0,7.771428571428571,0.0,0.0,14,308.0,35.0,6.595320893717869,4.666666666666667,4.666666666666667,66,11,274.0,0.390896966799359,2,19.0,0.5589071127362637,0,3.0,0.8711097983355183,0,5.0,0.7753895884662181,0,0.0,1.0,0,0.0,1.0,1,7.0,0.4578203117189106,0,0.0,1.0
976.0,18,80.0,0.7692307692307693,6.749282233433428,104,888.0,8.538461538461538,72.0,0.6923076923076923,18,210.0,0.0,5.590975480952013,3.28125,3.28125,64,7,145.0,0.413148786077715,7,50.0,0.4079715090874384,2,7.0,0.7298148092556799,2,8.0,0.0970207952024349,0,0.0,1.0,0,0.0,0.9870443031029424,0,0.0,0.9979585271817542,0,0.0,1.0
984.0,20,176.0,1.8144329896907216,6.594949237421853,97,933.0,9.618556701030927,45.0,0.4639175257731959,20,293.0,83.0,4.698382853737111,4.966101694915254,4.966101694915254,59,9,152.0,0.3140318936777728,11,130.0,0.2896349664101716,0,3.0,0.6252806414073903,0,8.0,0.8203090907102915,0,0.0,1.0,0,0.0,0.8791058249963657,0,0.0,1.0,0,0.0,1.0
992.0,29,295.0,3.1052631578947367,5.162433252860899,95,943.0,9.926315789473684,10.0,0.1052631578947368,28,433.0,140.0,3.217811717798265,6.983870967741935,6.983870967741935,62,11,177.0,0.2659057962705922,12,227.0,0.1612259013818733,2,12.0,0.6081682611250194,3,17.0,0.2354384081408033,0,0.0,1.0,0,0.0,1.0,0,0.0,0.848192449383847,0,0.0,1.0
1000.0,13,66.0,0.673469387755102,6.842010151002209,98,1137.0,11.60204081632653,194.0,1.9795918367346936,12,373.0,0.0,5.261789232178342,7.313725490196078,7.313725490196078,51,11,252.0,0.2955913477031194,0,110.0,0.5160755205740943,0,3.0,0.891104125552426,0,4.0,0.7608407429151374,0,0.0,1.0,0,0.0,1.0,1,4.0,2.854602161115032e-05,0,0.0,1.0
1008.0,12,99.0,1.010204081632653,8.36269806130845,98,1080.0,11.020408163265309,0.0,0.0,11,320.0,0.0,6.143242062890362,7.619047619047619,7.619047619047619,42,10,301.0,0.3910890214644775,0,7.0,0.9427592090671788,0,3.0,0.8431161172683783,1,9.0,0.5821709870322915,0,0.0,1.0,0,0.0,1.0,0,0.0,1.0,0,0.0,1.0
1016.0,11,66.0,0.7415730337078652,7.479764345290437,89,987.0,11.089887640449438,0.0,0.0,11,309.0,0.0,5.524962198601617,7.0227272727272725,7.0227272727272725,44,8,293.0,0.3461023859947207,1,4.0,0.6379194003953387,1,8.0,0.7534955178374964,0,0.0,0.655173205719267,0,0.0,1.0,0,0.0,0.9778055582152276,1,4.0,0.4785974595270665,0,0.0,1.0
1024.0,17,91.0,1.0224719101123596,6.719345640921521,89,978.0,10.98876404494382,0.0,0.0,16,434.0,125.0,4.963284342008626,9.23404255319149,9.23404255319149,47,11,374.0,0.2864892040959059,1,17.0,0.698348204499889,2,30.0,0.628912185483141,2,9.0,0.3273273305735482,0,0.0,1.0,0,4.0,0.9707712919590264,0,0.0,1.0,0,0.0,1.0
1032.0,12,30.0,0.3370786516853932,7.330255787813136,89,1009.0,11.337078651685394,31.0,0.348314606741573,9,389.0,0.0,6.251267838362285,8.104166666666666,8.104166666666666,48,6,353.0,0.405315341147158,0,8.0,0.9452779443870464,1,12.0,0.5724221624499979,1,8.0,0.6353268319159273,0,0.0,1.0,1,8.0,0.6031848330106802,0,0.0,0.9898225812162684,0,0.0,1.0
1040.0,15,63.0,0.7,7.4310254012456705,90,932.0,10.355555555555556,0.0,0.0,14,440.0,51.0,5.4433060011647605,8.627450980392156,8.627450980392156,51,9,393.0,0.3823794605595608,1,4.0,0.6232593197980048,3,34.0,0.5235500501718495,0,0.0,0.4664836811100086,0,0.0,1.0,1,9.0,0.4279925067178321,0,0.0,1.0,0,0.0,1.0
1048.0,7,40.0,0.4301075268817204,7.76954091758912,93,903.0,9.709677419354838,0.0,0.0,7,399.0,0.0,7.350728434512107,7.0,7.0,57,6,361.0,0.4657395075784562,0,6.0,0.8555219682772431,1,23.0,0.7183698327376012,0,3.0,0.8330924529123402,0,0.0,1.0,0,3.0,0.5416567095095778,0,3.0,0.7311098597842012,0,0.0,1.0
1056.0,13,27.0,0.2727272727272727,7.26211436832315,99,775.0,7.828282828282828,0.0,0.0,10,327.0,0.0,6.786053879680538,5.637931034482759,5.637931034482759,58,5,294.0,0.4397355348723242,0,10.0,0.7008508605332986,5,16.0,0.5277039053266632,0,4.0,0.6078221277920236,0,0.0,1.0,0,3.0,0.877419536318606,0,0.0,0.9381090559755014,0,0.0,1.0
1064.0,8,26.0,0.2524271844660194,7.388703021510026,103,782.0,7.592233009708738,7.0,0.0679611650485436,5,281.0,0.0,6.931754803377366,4.762711864406779,4.762711864406779,59,1,238.0,0.4650106031699113,1,18.0,0.5164555279677651,1,10.0,0.5901651804037019,2,11.0,0.3107464898772439,0,0.0,1.0,0,2.0,0.9073064937194408,0,2.0,0.9154238589112468,0,0.0,1.0
1072.0,7,25.0,0.2403846153846154,6.827804706151795,104,759.0,7.298076923076923,0.0,0.0,7,277.0,0.0,5.171380302503335,5.12962962962963,5.12962962962963,54,4,243.0,0.3612431620874043,0,4.0,0.4569340045610724,2,21.0,0.4403062762446678,1,8.0,0.4982206774484726,0,1.0,0.6834235477157438,0,0.0,0.3491901646556118,0,0.0,1.0,0,0.0,1.0
1080.0,16,82.0,0.7592592592592593,6.732425102024056,108,710.0,6.574074074074074,0.0,0.0,15,340.0,63.0,4.80483597598058,5.862068965517241,5.862068965517241,58,10,295.0,0.3237711909066259,2,12.0,0.3046934204287989,3,33.0,0.3255658583317585,0,0.0,0.9635794339605104,0,0.0,0.7331686386712608,0,0.0,1.0,0,0.0,0.8995741907820122,0,0.0,1.0
1088.0,24,154.0,1.4666666666666666,5.768774850584191,105,699.0,6.6571428571428575,0.0,0.0,21,389.0,49.0,4.116943626061521,6.706896551724138,6.706896551724138,58,9,276.0,0.2962221528723333,2,28.0,0.2529496252039272,9,83.0,0.3297603759397561,0,0.0,1.0,0,0.0,1.0,0,0.0,1.0,1,2.0,0.0004472290861231,0,0.0,1.0
1096.0,25,236.0,2.185185185185185,5.972438101341135,108,853.0,7.898148148148148,154.0,1.4259259259259258,23,516.0,127.0,4.655136558730243,8.6,8.6,60,10,295.0,0.3272215994192816,3,50.0,0.3699490974065677,9,152.0,0.2933029694862138,0,9.0,0.9737524176779078,0,0.0,0.5807711192373195,0,0.0,1.0,1,10.0,0.0,0,0.0,1.0
1104.0,17,112.0,1.0566037735849056,6.109068824490837,106,938.0,8.849056603773585,85.0,0.8018867924528302,16,407.0,0.0,4.117139693662375,7.679245283018868,7.679245283018868,53,8,244.0,0.3206409427139454,1,3.0,0.4580980548382359,6,149.0,0.1920759102824721,1,11.0,0.4625431639843898,0,0.0,1.0,0,0.0,1.0,0,0.0,1.0,0,0.0,1.0
1112.0,11,45.0,0.4285714285714285,6.385174275985613,105,1027.0,9.780952380952382,89.0,0.8476190476190476,10,433.0,26.0,4.593393155503876,7.596491228070175,7.596491228070175,57,6,231.0,0.3179495783943909,1,20.0,0.7234503781662197,3,177.0,0.2196564781629338,0,5.0,0.8210875412952898,0,0.0,0.9398179686990116,0,0.0,1.0,0,0.0,1.0,0,0.0,1.0
1120.0,9,61.0,0.6421052631578947,5.788313809694669,95,879.0,9.25263157894737,0.0,0.0,6,414.0,0.0,4.257570254762049,7.527272727272727,7.527272727272727,55,1,200.0,0.3568272013288797,1,28.0,0.7183670557640637,4,177.0,0.1750149559063016,0,5.0,0.1126276620291299,0,0.0,1.0,0,4.0,0.6188053805609033,0,0.0,1.0,0,0.0,1.0
1136.0,8,47.0,0.5340909090909091,6.292268378989263,88,879.0,9.988636363636363,38.0,0.4318181818181818,7,415.0,0.0,4.43501297787171,7.685185185185185,7.685185185185185,54,3,188.0,0.2643971954750386,0,12.0,0.9463350409569182,3,194.0,0.3136844613354336,1,9.0,0.5342948397424521,0,0.0,1.0,0,12.0,0.9172287682033492,0,0.0,0.828100082633096,0,0.0,1.0
1144.0,5,52.0,0.65,5.69995589770141,80,820.0,10.25,0.0,0.0,5,402.0,0.0,4.222377167489001,7.178571428571429,7.178571428571429,56,1,169.0,0.2879322668389633,1,20.0,0.7756388138396979,3,212.0,0.227501214059461,0,1.0,0.8278016209969685,0,0.0,1.0,0,0.0,1.0,0,0.0,0.6093084031243586,0,0.0,1.0
1152.0,16,89.0,1.141025641025641,5.498239144620022,78,847.0,10.85897435897436,27.0,0.3461538461538461,16,446.0,44.0,3.908204814453574,7.689655172413793,7.689655172413793,58,5,146.0,0.2665437137073041,0,22.0,0.8943052773533341,11,276.0,0.1994538058393069,0,0.0,0.768666290771244,0,2.0,0.976435234615292,0,0.0,1.0,0,0.0,0.2489052585291521,0,0.0,1.0
1160.0,10,68.0,0.8395061728395061,5.875806752098545,81,931.0,11.493827160493828,84.0,1.037037037037037,9,435.0,0.0,4.668991201017729,7.5,7.5,58,3,133.0,0.3413541030804822,0,22.0,0.8999097487283672,5,274.0,0.3113156921104251,1,6.0,0.0110544904670467,0,0.0,0.5459419202530944,0,0.0,1.0,0,0.0,1.0,0,0.0,1.0
1168.0,13,52.0,0.6582278481012658,6.001959379341791,79,965.0,12.21518987341772,34.0,0.430379746835443,11,460.0,25.0,4.435678892358127,8.363636363636363,8.363636363636363,55,4,118.0,0.3100404446748148,1,23.0,0.7592231015324817,6,316.0,0.2319112139770995,0,0.0,0.9304168037535268,0,0.0,1.0,0,0.0,1.0,0,3.0,0.9659710772761126,0,0.0,1.0
1176.0,12,66.0,0.825,5.9445037564976015,80,934.0,11.675,0.0,0.0,11,396.0,0.0,4.475069121133012,7.2,7.2,55,3,92.0,0.3333921701578802,2,41.0,0.6921580886346147,5,259.0,0.2308003846083693,1,4.0,0.4812799695487204,0,0.0,1.0,0,0.0,1.0,0,0.0,0.9148414331238198,0,0.0,1.0
1184.0,6,63.0,0.7590361445783133,6.9887755947907895,83,954.0,11.49397590361446,20.0,0.2409638554216867,5,239.0,0.0,5.629923286325984,4.686274509803922,4.686274509803922,51,2,78.0,0.3997286686455101,3,68.0,0.605065633639599,0,93.0,0.6242509826907451,0,0.0,0.7063954371524286,0,0.0,1.0,0,0.0,0.952046974878535,0,0.0,1.0,0,0.0,1.0
1192.0,10,67.0,0.8072289156626506,6.628117425783011,83,869.0,10.46987951807229,0.0,0.0,8,216.0,0.0,5.333605593476225,4.32,4.32,50,4,53.0,0.3809612476707836,4,97.0,0.5658443631287872,0,61.0,0.5675441860488439,0,0.0,1.0,0,0.0,1.0,0,5.0,0.933116368710416,0,0.0,1.0,0,0.0,1.0
1200.0,17,153.0,1.7586206896551724,5.870237420112061,87,939.0,10.79310344827586,70.0,0.8045977011494253,16,251.0,35.0,4.723952732049999,4.327586206896552,4.327586206896552,58,10,107.0,0.3100234791442664,5,129.0,0.6360457187595887,1,15.0,0.3906545025751546,0,0.0,0.0413827722123364,0,0.0,1.0,0,0.0,1.0,0,0.0,0.3912429121779475,0,0.0,1.0
1208.0,14,69.0,0.7419354838709677,6.14414661073447,93,1060.0,11.397849462365592,121.0,1.3010752688172045,13,237.0,0.0,4.775744753715599,4.157894736842105,4.157894736842105,57,9,154.0,0.2796512681792825,2,71.0,0.652660460425225,2,12.0,0.4884775538015655,0,0.0,0.9484987358413504,0,0.0,1.0,0,0.0,0.9972297940216632,0,0.0,1.0,0,0.0,1.0
1216.0,17,87.0,0.9157894736842104,6.29893790633538,95,1130.0,11.894736842105264,70.0,0.7368421052631579,16,329.0,92.0,4.301797209040229,5.9818181818181815,5.9818181818181815,55,13,247.0,0.2673674669688176,2,77.0,0.6489700134866043,0,0.0,0.3081542772643297,1,5.0,0.5578677072857271,0,0.0,1.0,0,0.0,1.0,0,0.0,0.9575452946482164,0,0.0,1.0
1224.0,13,64.0,0.6736842105263158,6.453294544929067,95,1185.0,12.473684210526317,55.0,0.5789473684210527,12,336.0,7.0,4.6252143747919,5.6,5.6,60,12,293.0,0.2338670245310381,0,33.0,0.7233288509350555,0,8.0,0.467314275530569,0,2.0,0.7608513954770549,0,0.0,1.0,0,0.0,1.0,0,0.0,0.6082367419480174,0,0.0,1.0
1232.0,10,65.0,0.6632653061224489,7.08615653250257,98,1242.0,12.673469387755102,57.0,0.5816326530612245,10,340.0,4.0,5.555429936217478,5.573770491803279,5.573770491803279,61,9,302.0,0.295951538220408,0,23.0,0.7470622692438158,0,5.0,0.8677955727114555,1,5.0,0.5751260524345974,0,0.0,1.0,0,5.0,0.9616049305476456,0,0.0,0.343746276039967,0,0.0,1.0
1240.0,7,82.0,0.8367346938775511,6.771967519155178,98,1166.0,11.89795918367347,0.0,0.0,6,359.0,19.0,5.277609921282836,5.790322580645161,5.790322580645161,62,6,316.0,0.2926063665183012,0,23.0,0.7906221293100552,0,3.0,0.9313524432275626,0,4.0,0.9088414104419305,0,0.0,1.0,0,13.0,0.8454068115060125,0,0.0,1.0,0,0.0,1.0
1248.0,9,129.0,1.3578947368421053,6.411448846297514,95,1082.0,11.389473684210529,0.0,0.0,9,348.0,0.0,4.702863732240505,5.4375,5.4375,64,9,320.0,0.2083173776995089,0,23.0,0.7366832929003253,0,3.0,0.7218655717828939,0,0.0,0.8857719627826344,0,0.0,1.0,0,2.0,0.8689467036188355,0,0.0,0.9707749875997236,0,0.0,1.0
1256.0,4,12.0,0.1276595744680851,7.2065970458914625,94,1086.0,11.5531914893617,4.0,0.0425531914893617,4,244.0,0.0,5.453217622263818,4.135593220338983,4.135593220338983,59,3,208.0,0.2632639786298171,0,29.0,0.755869216736542,0,3.0,0.8716494923208048,1,1.0,0.4912172709351623,0,3.0,0.3999544649250742,0,0.0,1.0,0,0.0,0.7819277563118321,0,0.0,1.0
1264.0,10,62.0,0.6595744680851063,7.259523217479956,94,1080.0,11.48936170212766,0.0,0.0,9,282.0,38.0,5.639967487115003,4.7,4.7,60,7,237.0,0.2759650184671152,1,33.0,0.7111558380336008,0,7.0,0.9497199355241353,0,0.0,0.7157433820193556,0,0.0,1.0,0,0.0,0.9537574264644822,1,5.0,0.4184210186172796,0,0.0,1.0
1272.0,13,67.0,0.7282608695652174,6.087118686282398,92,910.0,9.891304347826088,0.0,0.0,12,325.0,43.0,4.282513112662326,5.701754385964913,5.701754385964913,57,8,277.0,0.2593548007677488,4,45.0,0.4739290307062174,0,3.0,0.9387889498133308,0,0.0,0.5504519163975541,0,0.0,1.0,0,0.0,0.8995411907358455,0,0.0,1.0,0,0.0,1.0
1280.0,16,94.0,1.032967032967033,6.161125127198689,91,979.0,10.75824175824176,69.0,0.7582417582417582,16,337.0,12.0,4.49333140855454,5.435483870967742,5.435483870967742,62,8,255.0,0.3060689005366417,6,71.0,0.3674123849051898,2,10.0,0.4039877544540473,0,0.0,1.0,0,0.0,1.0,0,1.0,0.8429568241838474,0,0.0,0.8448521031846777,0,0.0,1.0
1288.0,13,79.0,0.8586956521739131,6.95949414442224,92,1044.0,11.347826086956522,65.0,0.7065217391304348,12,325.0,0.0,5.077180605313974,6.372549019607843,6.372549019607843,51,7,244.0,0.3478768804800912,4,71.0,0.4369259174975355,1,10.0,0.7208759760885739,0,0.0,1.0,0,0.0,1.0,0,0.0,1.0,0,0.0,1.0,0,0.0,1.0
1296.0,8,52.0,0.6190476190476191,7.463498147946676,84,948.0,11.285714285714286,0.0,0.0,8,326.0,1.0,5.961403949557867,5.821428571428571,5.821428571428571,56,4,233.0,0.3767256903205386,3,88.0,0.4125484218539949,1,5.0,0.7390587559034713,0,0.0,0.9443157802211436,0,0.0,1.0,0,0.0,0.8681916859127224,0,0.0,0.7642957345082624,0,0.0,1.0
1304.0,11,63.0,0.7777777777777778,6.923084066919564,81,942.0,11.62962962962963,0.0,0.0,10,309.0,0.0,5.577337174647154,5.722222222222222,5.722222222222222,54,2,212.0,0.4408061020489585,3,77.0,0.4847464585380348,3,17.0,0.3124573595270296,1,1.0,0.523486385876443,0,0.0,1.0,1,2.0,0.5403427509744416,0,0.0,1.0,0,0.0,1.0
1312.0,10,63.0,0.8076923076923077,6.557358747704176,78,953.0,12.217948717948715,11.0,0.141025641025641,8,293.0,0.0,5.151993127729667,6.104166666666667,6.104166666666667,48,3,194.0,0.4358448069629528,5,93.0,0.213986904882362,0,2.0,0.2822832384096235,0,3.0,0.6771423608851124,0,0.0,1.0,0,1.0,0.443506770956602,0,0.0,1.0,0,0.0,1.0
1320.0,11,93.0,1.1625,6.709243137102047,80,961.0,12.0125,8.0,0.1,10,299.0,6.0,4.906405458183327,6.5,6.5,46,5,207.0,0.3469382808999417,5,89.0,0.4189200154345694,0,0.0,1.0,0,0.0,1.0,0,0.0,1.0,0,0.0,1.0,0,3.0,0.94625217082488,0,0.0,1.0
1328.0,13,62.0,0.7560975609756098,6.885266425341491,82,1032.0,12.585365853658535,71.0,0.8658536585365854,11,224.0,0.0,5.712238374676438,4.666666666666667,4.666666666666667,48,9,177.0,0.3104318317610083,1,38.0,0.7876711712934533,0,0.0,0.93333314534111,0,0.0,0.8501342156092213,0,0.0,1.0,0,1.0,0.8562785872332768,1,8.0,0.4687587501840212,0,0.0,1.0
1336.0,11,64.0,0.8,6.946069197827375,80,1083.0,13.5375,51.0,0.6375,11,243.0,19.0,5.412886914838787,5.5227272727272725,5.5227272727272725,44,9,194.0,0.3463630953209805,1,38.0,0.7729812999831277,0,5.0,0.913157390389129,1,6.0,0.4705046427652526,0,0.0,1.0,0,0.0,0.8845058478230156,0,0.0,1.0,0,0.0,1.0
1344.0,12,93.0,1.24,6.973708194980254,75,948.0,12.64,0.0,0.0,10,275.0,32.0,4.80909894769899,6.395348837209302,6.395348837209302,43,9,218.0,0.2770960927237803,1,46.0,0.7158656655260597,0,5.0,0.4039862907501417,0,6.0,0.5309807681560763,0,0.0,1.0,0,0.0,0.9912881116125556,0,0.0,0.7170377867605888,0,0.0,1.0
1352.0,16,114.0,1.4805194805194806,6.548113284486677,77,936.0,12.155844155844155,0.0,0.0,15,314.0,39.0,4.190537914071871,7.658536585365853,7.658536585365853,41,12,282.0,0.242174560232398,2,23.0,0.560817897997851,0,4.0,0.2302417012274412,1,5.0,0.5844530823265038,0,0.0,1.0,0,0.0,0.9018698110178142,0,0.0,0.950977910600338,0,0.0,1.0
1360.0,7,50.0,0.6493506493506493,7.41365566778025,77,992.0,12.883116883116884,56.0,0.7272727272727273,7,287.0,0.0,4.081147834443105,8.441176470588236,8.441176470588236,34,7,276.0,0.2034166891019688,0,11.0,0.8910503339531703,0,0.0,1.0,0,0.0,0.5484831754865804,0,0.0,1.0,0,0.0,0.8416299022009307,0,0.0,0.9628114364167688,0,0.0,1.0
1368.0,15,142.0,1.868421052631579,7.3492004753225135,76,1016.0,13.36842105263158,24.0,0.3157894736842105,15,339.0,52.0,4.298111403447125,9.416666666666666,9.416666666666666,36,14,326.0,0.2085564899619263,0,11.0,0.8247085022257192,0,0.0,0.9365247115124125,0,1.0,0.4176689700754144,0,0.0,1.0,0,0.0,0.4455964732425084,1,1.0,0.365183341429224,0,0.0,0.9409249412875526
1376.0,21,285.0,3.8513513513513513,6.755836355819255,74,710.0,9.594594594594597,0.0,0.0,19,483.0,144.0,4.575872571023668,13.054054054054054,13.054054054054054,37,18,462.0,0.2016986234770718,0,11.0,0.7345597689038323,0,0.0,1.0,0,0.0,0.9283569548083288,0,3.0,0.9087768767219832,1,7.0,0.6203392466793043,0,0.0,0.7184135138846768,0,0.0,0.9371655937999154
1384.0,14,198.0,2.788732394366197,7.011240183659068,71,831.0,11.704225352112676,121.0,1.704225352112676,14,476.0,0.0,4.567823521532436,15.35483870967742,15.35483870967742,31,11,430.0,0.3143087246632627,2,24.0,0.260498664365879,0,0.0,1.0,0,1.0,0.943001114429571,0,0.0,1.0,1,21.0,0.3262994400200923,0,0.0,1.0,0,0.0,1.0
1392.0,7,58.0,0.7631578947368421,7.759100122656753,76,888.0,11.68421052631579,57.0,0.75,5,372.0,0.0,6.456008267527278,12.4,12.4,30,3,355.0,0.4723670562555707,0,2.0,0.810606409646208,0,0.0,0.4657863085281584,1,5.0,2.1252088893080887e-05,0,0.0,1.0,1,7.0,0.4981476415676981,0,3.0,0.9380733044662326,0,0.0,1.0
1400.0,5,53.0,0.7162162162162162,8.043116768488067,74,799.0,10.797297297297296,0.0,0.0,4,307.0,0.0,7.115046230987159,9.903225806451612,9.903225806451612,31,2,292.0,0.4778418453426071,1,7.0,0.5467966297315096,0,0.0,0.989520740816069,0,0.0,0.8853166377129441,0,0.0,1.0,1,5.0,0.4321172532257415,0,3.0,0.9518584595239384,0,0.0,1.0
1408.0,5,25.0,0.3623188405797101,7.9104369098183644,69,698.0,10.115942028985508,0.0,0.0,5,264.0,0.0,6.171638031341062,9.77777777777778,9.77777777777778,27,2,245.0,0.4433896750314367,0,0.0,0.9565766724049012,1,4.0,4.021472139591742e-05,1,5.0,0.6233836966335379,0,0.0,0.3261213793946035,1,10.0,0.6031040453242528,0,0.0,1.0,0,0.0,1.0
1416.0,10,44.0,0.6470588235294118,7.4087005580109455,68,684.0,10.058823529411764,0.0,0.0,7,258.0,0.0,5.088763784124425,10.75,10.75,24,4,234.0,0.3655773829372938,1,2.0,0.495965381769838,0,0.0,1.0,1,4.0,0.3213116330471603,0,0.0,1.0,1,18.0,0.0,0,0.0,0.9771659527156208,0,0.0,1.0
1424.0,3,40.0,0.6557377049180327,7.217818715692041,61,536.0,8.78688524590164,0.0,0.0,3,211.0,0.0,4.901302506740591,8.791666666666666,8.791666666666666,24,2,171.0,0.3533939934423362,0,0.0,0.8705450799712362,0,0.0,1.0,0,11.0,0.351639652363183,0,0.0,0.1485519910684662,1,29.0,0.4233547384073057,0,0.0,0.9510538047147236,0,0.0,1.0
1432.0,5,64.0,1.1228070175438596,8.281968037576823,57,519.0,9.105263157894736,0.0,0.0,3,119.0,0.0,7.396112710526274,4.407407407407407,4.407407407407407,27,2,63.0,0.4992076823569745,0,0.0,0.8845655399366856,0,3.0,0.9157483391234622,0,13.0,0.523701591519227,0,0.0,0.9830897029803748,1,40.0,0.700880823154414,0,0.0,0.92452091509958,0,0.0,1.0
1440.0,9,70.0,1.320754716981132,7.43286368328048,53,465.0,8.773584905660377,0.0,0.0,8,98.0,0.0,4.990279260879623,4.260869565217392,4.260869565217392,23,2,52.0,0.5175491751028402,0,0.0,0.9667883504383554,0,3.0,0.9471135675209,2,23.0,0.2594934294005906,0,0.0,0.3891153834046385,4,20.0,0.1681207307496159,0,0.0,1.0,0,0.0,1.0
1448.0,12,80.0,1.568627450980392,7.262971729007956,51,437.0,8.568627450980392,0.0,0.0,12,98.0,0.0,4.634727116622205,4.454545454545454,4.454545454545454,22,2,11.0,0.5815526377232757,2,2.0,0.2870104947860861,0,3.0,0.830118725904577,0,0.0,1.0,0,0.0,0.4989810471662247,8,76.0,9.987943098261944e-05,0,6.0,0.9482658385989682,0,0.0,1.0
1472.0,6,31.0,0.6595744680851063,7.593092288865945,47,522.0,11.106382978723405,0.0,0.0,6,201.0,34.0,5.388141806622643,9.571428571428571,9.571428571428571,21,0,0.0,0.8362337038943014,2,11.0,0.1884713199780715,0,6.0,0.9762618878862024,0,0.0,0.9645109517735982,0,0.0,1.0,4,181.0,0.1032341669189798,0,3.0,0.9449985232115052,0,0.0,1.0
1480.0,11,76.0,1.6888888888888889,6.547644837430545,45,504.0,11.2,0.0,0.0,10,247.0,46.0,4.3457132365169935,11.761904761904765,11.761904761904765,21,0,0.0,0.7837124374966403,0,0.0,1.0,0,3.0,0.8241515107649953,0,0.0,1.0,0,0.0,1.0,9,240.0,0.081329602282735,1,4.0,0.2648327584080911,0,0.0,1.0
1488.0,8,83.0,1.8043478260869563,6.253898880299702,46,569.0,12.369565217391305,65.0,1.4130434782608696,6,235.0,0.0,3.32100705584263,13.055555555555555,13.055555555555555,18,0,0.0,0.5155891468425445,0,1.0,0.7507909018622945,0,3.0,0.8855013917274087,0,0.0,1.0,0,0.0,1.0,6,231.0,0.0849615783944229,0,0.0,0.041125344907131,0,0.0,1.0
1496.0,6,21.0,0.4883720930232558,6.387182801812369,43,548.0,12.744186046511627,0.0,0.0,5,250.0,15.0,4.609856093818505,13.88888888888889,13.88888888888889,18,1,2.0,0.617695799128562,0,4.0,0.8440349961894468,0,6.0,0.4819095457176589,0,0.0,1.0,0,0.0,1.0,3,227.0,0.1237445009376914,1,11.0,0.4964381998577798,0,0.0,1.0
1504.0,11,70.0,1.7073170731707317,6.548978851389983,41,554.0,13.51219512195122,6.0,0.1463414634146341,9,317.0,67.0,3.671511082681234,16.68421052631579,16.68421052631579,19,1,10.0,0.4944814938008137,0,4.0,0.3472798764354719,0,3.0,0.9084424211302174,0,0.0,0.9458048219106564,0,0.0,1.0,8,300.0,0.0056072577081599,0,0.0,1.0,0,0.0,1.0
1512.0,9,73.0,1.9210526315789476,5.988999126906891,38,560.0,14.736842105263158,6.0,0.1578947368421052,8,280.0,0.0,3.6337637791721646,14.0,14.0,20,0,0.0,0.4912927678866962,2,18.0,0.0326750508696182,0,0.0,1.0,1,1.0,0.6961447804754795,0,0.0,1.0,5,261.0,0.2090114395198457,0,0.0,0.2006368570857764,0,0.0,1.0
1520.0,9,51.0,1.3076923076923077,5.83217089788216,39,595.0,15.256410256410255,35.0,0.8974358974358975,9,351.0,71.0,3.309872767127908,17.55,17.55,20,1,0.0,0.4724650927307166,1,15.0,0.0,0,0.0,1.0,2,14.0,0.4421609421174356,0,0.0,1.0,4,307.0,0.1740239813730739,1,15.0,0.6334171999353986,0,0.0,1.0
1552.0,4,36.0,1.0,8.213552633588108,36,877.0,24.36111111111111,32.0,0.8888888888888888,4,204.0,0.0,7.892838585042006,11.333333333333334,11.333333333333334,18,1,14.0,0.7512083291816148,0,0.0,1.0,0,6.0,0.9980638660612088,2,9.0,0.0012171754110815,0,0.0,0.4336324525047092,1,168.0,0.4922196501014072,0,7.0,0.948915443190176,0,0.0,1.0
1560.0,1,21.0,0.5675675675675675,8.055210322132831,37,861.0,23.27027027027027,0.0,0.0,1,85.0,0.0,7.20006512214866,5.3125,5.3125,16,0,0.0,0.7126205748200111,0,0.0,0.7250382928959819,0,0.0,1.0,0,0.0,1.0,0,0.0,1.0,1,85.0,0.7105331695868988,0,0.0,0.5814734038715351,0,0.0,1.0
1568.0,2,37.0,0.925,8.579689652294597,40,780.0,19.5,0.0,0.0,2,40.0,0.0,7.41419158765237,2.6666666666666665,2.6666666666666665,15,1,8.0,0.7043508692151634,0,0.0,0.8937044266355533,0,0.0,1.0,0,0.0,0.4453800947180776,0,0.0,1.0,1,32.0,0.2815245029707894,0,0.0,0.889439427585105,0,0.0,1.0
1576.0,3,21.0,0.5121951219512195,8.037678910285408,41,791.0,19.29268292682927,11.0,0.2682926829268293,3,21.0,0.0,7.2704895776648115,1.0,1.0,21,1,16.0,0.7356401644761359,0,0.0,0.8313841049458779,0,0.0,1.0,0,0.0,0.8721794882629762,0,0.0,1.0,0,0.0,0.9371498723672864,2,5.0,0.2422990016208185,0,0.0,1.0
1584.0,4,27.0,0.627906976744186,8.28930441496684,43,750.0,17.441860465116278,0.0,0.0,2,48.0,27.0,8.961632867359928,1.6,1.6,30,1,24.0,0.849734604817532,0,0.0,0.9817080300273032,0,7.0,0.8799673292226768,0,0.0,0.6892833799896498,0,0.0,1.0,0,3.0,0.8828620912133113,1,14.0,0.1098348448185839,0,0.0,1.0
1592.0,4,10.0,0.2127659574468085,8.164746586660941,47,719.0,15.297872340425531,0.0,0.0,4,18.0,0.0,6.9872705886498165,0.8571428571428571,0.8571428571428571,21,1,3.0,0.6306182604337548,1,0.0,0.4812275293458707,2,14.0,0.2356332480955214,0,0.0,1.0,0,0.0,1.0,0,0.0,1.0,0,1.0,0.7524946435704889,0,0.0,1.0
1600.0,1,4.0,0.08,9.758313937276672,50,743.0,14.86,24.0,0.48,1,20.0,2.0,10.03748802916656,0.9090909090909092,0.9090909090909092,22,1,11.0,0.8105865025385814,0,0.0,0.7865951134120788,0,9.0,0.6441728289924546,0,0.0,0.9378840982897616,0,0.0,1.0,0,0.0,1.0,0,0.0,0.8798901200245889,0,0.0,1.0
1608.0,8,26.0,0.490566037735849,8.39276702606751,53,620.0,11.69811320754717,0.0,0.0,7,45.0,25.0,7.448079746257632,1.5,1.5,30,2,20.0,0.6676867885928,1,4.0,0.7609109603735843,1,14.0,0.5212929040744149,1,1.0,0.0214259805858648,0,0.0,1.0,0,0.0,0.9904040289412592,2,6.0,0.3224022191001572,0,0.0,1.0
1616.0,6,31.0,0.5636363636363636,8.219101613643243,55,648.0,11.78181818181818,28.0,0.509090909090909,6,41.0,0.0,7.95635683992671,1.4642857142857142,1.4642857142857142,28,3,18.0,0.7206724288697426,1,6.0,0.6540056582027842,0,1.0,0.9575399145270298,2,16.0,0.0,0,0.0,1.0,0,0.0,0.9387347322499148,0,0.0,1.0,0,0.0,1.0
1624.0,6,43.0,0.7962962962962963,8.298601377558386,54,656.0,12.148148148148149,8.0,0.1481481481481481,6,62.0,21.0,7.1352823577359255,2.2962962962962963,2.2962962962962963,27,4,45.0,0.5892723156148172,2,13.0,0.3348307988338491,0,1.0,0.6848947391840216,0,0.0,0.9506212412836234,0,0.0,1.0,0,3.0,0.4531081174264717,0,0.0,0.8341233463003643,0,0.0,1.0
1632.0,5,65.0,1.25,8.78104440208439,52,548.0,10.538461538461538,0.0,0.0,5,85.0,23.0,6.927883343337773,4.047619047619048,4.047619047619048,21,4,66.0,0.5723420761702944,1,19.0,0.600865491261921,0,0.0,0.8858939522858639,0,0.0,0.5051232304495615,0,0.0,1.0,0,0.0,1.0,0,0.0,1.0,0,0.0,1.0
1640.0,6,76.0,1.4615384615384617,8.982272791285673,52,439.0,8.442307692307692,0.0,0.0,6,105.0,20.0,7.452828346382675,4.565217391304348,4.565217391304348,23,6,99.0,0.5306483108289615,0,3.0,0.7138298947874224,0,0.0,0.8486960182805162,0,0.0,0.6178087646223508,0,0.0,1.0,0,0.0,1.0,0,3.0,0.9929851945658712,0,0.0,1.0
1648.0,3,4.0,0.0784313725490196,9.617025563198048,51,396.0,7.764705882352941,0.0,0.0,2,32.0,0.0,9.615054279023472,1.391304347826087,1.391304347826087,23,1,17.0,0.816643246068014,0,9.0,0.7988144431129476,0,4.0,0.9313432145562428,1,1.0,0.5233081422774569,0,0.0,0.9658979410418004,0,0.0,1.0,0,1.0,0.9655755055406596,0,0.0,1.0
1656.0,3,10.0,0.1923076923076923,8.776758342318349,52,335.0,6.4423076923076925,0.0,0.0,3,34.0,2.0,7.599640830613344,1.5454545454545454,1.5454545454545454,22,2,20.0,0.5734619531146432,0,10.0,0.918517014855699,1,4.0,7.500576310009818e-05,0,0.0,0.5017370409817565,0,0.0,1.0,0,0.0,1.0,0,0.0,0.9513599375099854,0,0.0,1.0
1664.0,4,36.0,0.7058823529411765,9.108289805440783,51,351.0,6.882352941176471,16.0,0.3137254901960784,4,57.0,23.0,6.580337176211065,3.8,3.8,15,4,50.0,0.408381420951449,0,7.0,0.6039760836899734,0,0.0,0.9625526298616164,0,0.0,1.0,0,0.0,1.0,0,0.0,1.0,0,0.0,0.9149905410054776,0,0.0,1.0
1672.0,2,5.0,0.0909090909090909,8.870258908347976,55,345.0,6.2727272727272725,0.0,0.0,2,46.0,0.0,7.507382945874497,2.421052631578948,2.421052631578948,19,1,38.0,0.4478087522519008,1,8.0,0.7568643602923782,0,0.0,0.9265607705856008,0,0.0,0.912969965644234,0,0.0,1.0,0,0.0,1.0,0,0.0,1.0,0,0.0,1.0
1680.0,4,23.0,0.4423076923076923,8.358284445664426,52,316.0,6.076923076923077,0.0,0.0,4,51.0,5.0,6.884446658928863,3.1875,3.1875,16,2,32.0,0.5413687246971803,2,16.0,0.3808326105862861,0,3.0,0.8543143459045354,0,0.0,1.0,0,0.0,1.0,0,0.0,1.0,0,0.0,1.0,0,0.0,1.0
1688.0,11,84.0,1.6470588235294117,6.530269436203872,51,267.0,5.235294117647059,0.0,0.0,11,112.0,61.0,5.428384254062618,3.8620689655172415,3.8620689655172415,29,5,64.0,0.3867087101201029,5,43.0,0.1316603479048454,1,5.0,0.7223105968149371,0,0.0,1.0,0,0.0,0.9638891261057216,0,0.0,0.5471866460993002,0,0.0,1.0,0,0.0,1.0
1696.0,8,76.0,1.3571428571428572,7.659846932410384,56,273.0,4.875,6.0,0.1071428571428571,7,112.0,0.0,7.201247822268509,4.0,4.0,28,6,108.0,0.4796481723646334,0,0.0,0.7910915909336876,0,0.0,0.7414325831702883,0,0.0,1.0,0,0.0,1.0,1,4.0,0.480229353029139,0,0.0,0.8925946296226835,0,0.0,1.0
1704.0,6,101.0,1.7413793103448276,8.544021465746033,58,309.0,5.327586206896552,36.0,0.6206896551724138,6,148.0,36.0,7.84695304876092,4.625,4.625,32,4,130.0,0.6276853606217779,2,9.0,0.529498959589538,0,6.0,0.9168837934555606,0,0.0,0.9419340839058976,0,0.0,1.0,0,0.0,1.0,0,3.0,0.9545706404834922,0,0.0,1.0
1712.0,8,149.0,2.4833333333333334,8.46150204444911,60,331.0,5.516666666666667,22.0,0.3666666666666666,8,198.0,50.0,7.581224765279432,5.823529411764706,5.823529411764706,34,5,164.0,0.4525685147901081,2,23.0,0.6716320179225298,0,6.0,0.8133572483510105,0,0.0,0.9087854049642964,0,0.0,1.0,0,0.0,0.948844173002819,1,5.0,0.5848372843601043,0,0.0,1.0
1720.0,5,9.0,0.1525423728813559,8.420129884052193,59,364.0,6.169491525423729,33.0,0.559322033898305,5,115.0,0.0,7.673470484982492,3.2857142857142856,3.2857142857142856,35,1,95.0,0.6888721275017847,3,13.0,0.5264674064282006,0,6.0,0.9026780814419167,0,0.0,0.9235059135796416,0,0.0,1.0,0,0.0,1.0,1,1.0,0.005386071945487,0,0.0,0.9642610934272096
1728.0,7,30.0,0.5172413793103449,7.679539219906719,58,389.0,6.706896551724138,25.0,0.4310344827586206,6,137.0,22.0,6.603940587607951,4.151515151515151,4.151515151515151,33,5,123.0,0.3409694930550193,0,4.0,0.7993905814107243,1,10.0,0.5178271637051521,0,0.0,0.930550201906628,0,0.0,0.5500128811304186,0,0.0,1.0,0,0.0,1.0,0,0.0,0.8940810180254871
1736.0,10,67.0,1.1964285714285714,7.553243207296862,56,323.0,5.767857142857143,0.0,0.0,7,161.0,24.0,7.707238547490408,5.03125,5.03125,32,5,150.0,0.578797981688536,0,3.0,0.8985429944149363,1,7.0,0.3067996098527779,1,1.0,0.5887839921515926,0,0.0,1.0,0,0.0,1.0,0,0.0,1.0,0,0.0,1.0
1744.0,8,42.0,0.7241379310344828,7.045719170419902,58,397.0,6.844827586206897,74.0,1.2758620689655171,8,136.0,0.0,5.7878798194082135,4.121212121212121,4.121212121212121,33,4,87.0,0.4724755291281838,1,8.0,0.6525895454365476,1,33.0,0.6743467692630022,2,8.0,0.325920483000799,0,0.0,1.0,0,0.0,1.0,0,0.0,1.0,0,0.0,1.0
1752.0,11,71.0,1.2033898305084745,6.776964290687836,59,446.0,7.559322033898305,49.0,0.8305084745762712,10,124.0,0.0,4.726375294773648,4.275862068965517,4.275862068965517,29,10,91.0,0.2615010751194054,0,3.0,0.8460177671865747,0,27.0,0.926170283626906,0,3.0,0.3181364078896658,0,0.0,1.0,0,0.0,1.0,0,0.0,1.0,0,0.0,1.0
1760.0,15,173.0,2.836065573770492,7.102125922995026,61,540.0,8.852459016393443,94.0,1.540983606557377,12,214.0,90.0,4.94097266537276,6.6875,6.6875,32,12,184.0,0.2398199188090027,0,3.0,0.7062450214621949,0,27.0,0.7487655892525358,0,0.0,0.6622332119220808,0,0.0,1.0,0,0.0,1.0,0,0.0,0.1926713179510438,0,0.0,1.0
1768.0,5,29.0,0.4833333333333333,7.696289768930257,60,469.0,7.816666666666666,0.0,0.0,5,180.0,0.0,5.647812006201893,6.923076923076923,6.923076923076923,26,3,138.0,0.2723248243759331,0,6.0,0.7890172172683532,2,36.0,0.5474752376449918,0,0.0,1.0,0,0.0,1.0,0,0.0,1.0,0,0.0,1.0,0,0.0,1.0
1776.0,3,5.0,0.0847457627118644,9.599078990351524,59,443.0,7.508474576271187,0.0,0.0,1,44.0,0.0,8.481064378303723,2.3157894736842106,2.3157894736842106,19,0,11.0,0.6641058082732587,1,3.0,0.7370187071539006,0,30.0,0.7837125568805144,0,0.0,1.0,0,0.0,1.0,0,0.0,0.9236503640142812,0,0.0,0.9185642794768724,0,0.0,1.0
1784.0,3,6.0,0.1052631578947368,9.16766743038974,57,325.0,5.701754385964913,0.0,0.0,2,37.0,0.0,7.586211034820929,1.761904761904762,1.761904761904762,21,0,4.0,0.9237325850983894,0,3.0,0.7486929231743998,1,28.0,0.6688704040683081,0,0.0,1.0,0,0.0,0.5709806101507242,0,0.0,0.0161724656176132,1,2.0,0.0005580879626901,0,0.0,1.0
1800.0,1,3.0,0.0545454545454545,9.598408246045423,55,151.0,2.7454545454545456,0.0,0.0,1,38.0,5.0,9.280143501161817,1.9,1.9,20,0,8.0,0.8588698613282528,0,3.0,0.8210802739100925,0,21.0,0.9142850591311148,1,3.0,0.5371744038972683,0,0.0,1.0,0,3.0,0.9402212558269862,0,0.0,0.8700643232141966,0,0.0,1.0
1808.0,2,2.0,0.0363636363636363,8.406252430492994,55,143.0,2.6,0.0,0.0,2,39.0,1.0,7.845509620778672,1.3928571428571428,1.3928571428571428,28,0,8.0,0.9519138639969152,1,3.0,0.4187806830099211,0,21.0,0.9281096770836118,1,4.0,0.3306680080281938,0,0.0,1.0,0,3.0,0.9927411082437338,0,0.0,0.344226363220593,0,0.0,1.0
1816.0,3,19.0,0.3518518518518518,8.900876521435238,54,140.0,2.592592592592593,0.0,0.0,3,49.0,10.0,7.785953332302749,2.130434782608696,2.130434782608696,23,0,3.0,0.8614521028284925,0,3.0,0.8816659140458146,0,21.0,0.8515151615987367,3,19.0,0.3854780585806718,0,0.0,1.0,0,0.0,1.0,0,3.0,0.5311048538038153,0,0.0,1.0
1824.0,7,17.0,0.3035714285714285,8.283337848909381,56,154.0,2.75,14.0,0.25,6,44.0,0.0,4.668980897169086,2.4444444444444446,2.4444444444444446,18,1,6.0,0.5234378781717771,0,3.0,0.896607957719509,0,21.0,0.673465032620934,3,7.0,0.1838580531003265,0,0.0,1.0,0,0.0,0.9790297165260838,2,7.0,1.4381317228080593e-05,0,0.0,1.0
1832.0,3,5.0,0.0943396226415094,8.16975909476186,53,171.0,3.2264150943396226,17.0,0.320754716981132,3,38.0,0.0,5.373799517447448,2.375,2.375,16,1,4.0,0.6293151627485588,0,3.0,0.490594665542461,1,9.0,0.6183270388868078,0,20.0,0.3318391527402167,0,0.0,1.0,1,2.0,0.0093079292482411,0,0.0,0.9900593779204592,0,0.0,1.0
1840.0,1,0.0,0.0,8.772581814875108,53,171.0,3.2264150943396226,0.0,0.0,0,15.0,0.0,8.721502460287113,0.9375,0.9375,16,0,4.0,0.6881649339532608,0,4.0,0.6446259757449715,0,4.0,0.730360727570186,0,3.0,0.7981111861921057,0,0.0,1.0,0,0.0,1.0,0,0.0,0.9490021025460262,0,0.0,1.0
1848.0,4,5.0,0.0892857142857142,8.955695327456551,56,172.0,3.071428571428572,1.0,0.0178571428571428,1,16.0,1.0,9.651827853826532,0.8421052631578947,0.8421052631578947,19,0,3.0,0.9607591653563526,0,7.0,0.9268491879198318,0,0.0,0.9574624446980352,0,0.0,0.9013084663650208,0,0.0,1.0,0,0.0,0.9049544414912838,1,6.0,0.6340780162716011,0,0.0,1.0
1856.0,4,14.0,0.2413793103448276,8.260622590709305,58,163.0,2.810344827586207,0.0,0.0,3,24.0,8.0,7.655223896188527,1.0909090909090908,1.0909090909090908,22,1,3.0,0.6703927945319542,0,7.0,0.8614737522987027,0,0.0,0.9974871929244667,1,3.0,0.6145166488135236,0,0.0,1.0,0,0.0,0.8461854151758386,1,11.0,0.0,0,0.0,1.0
1864.0,5,7.0,0.1111111111111111,8.07825599519679,63,157.0,2.492063492063492,0.0,0.0,2,20.0,0.0,8.40950238213829,0.8333333333333334,0.8333333333333334,24,0,3.0,0.904013407375226,1,8.0,0.777034454722087,0,0.0,0.917093447167586,1,5.0,0.4370814833662888,0,0.0,1.0,0,4.0,0.8695671282547869,0,0.0,1.0,0,0.0,1.0
1872.0,1,1.0,0.0161290322580645,8.739038776762778,62,152.0,2.4516129032258065,0.0,0.0,1,19.0,0.0,8.496486785977737,0.9047619047619048,0.9047619047619048,21,0,6.0,0.912111144561068,0,4.0,0.9140227648733088,1,6.0,0.6080578616976597,0,0.0,0.9086538354193788,0,0.0,1.0,0,3.0,0.5129597858248118,0,0.0,0.6620586634260325,0,0.0,1.0
1880.0,3,9.0,0.1428571428571428,8.12927766401192,63,151.0,2.3968253968253967,0.0,0.0,3,31.0,12.0,7.494714858374702,1.3478260869565215,1.3478260869565215,23,0,6.0,0.9579643985224534,1,7.0,0.749059852607758,0,7.0,0.5335948839575837,1,2.0,0.609105869765811,0,1.0,0.7487548560776089,1,8.0,0.3822283802765366,0,0.0,0.9434770655788236,0,0.0,1.0
1888.0,5,25.0,0.3968253968253968,7.871716930851967,63,165.0,2.619047619047619,14.0,0.2222222222222222,4,33.0,2.0,6.14201275661362,1.434782608695652,1.434782608695652,23,0,3.0,0.8632702804314132,1,15.0,0.6384666960281371,1,3.0,5.924564016365479e-05,2,11.0,0.3609716479516939,0,0.0,0.5278237795377028,0,1.0,0.0347678242787606,0,0.0,0.9181011778721856,0,0.0,1.0
1896.0,4,25.0,0.3787878787878788,8.261906779253469,66,181.0,2.742424242424242,16.0,0.2424242424242424,4,36.0,3.0,7.073220338870751,1.44,1.44,25,0,0.0,0.9544141953025732,2,23.0,0.7254996059198562,0,5.0,0.7384097997384226,0,2.0,0.5880362008922295,0,0.0,1.0,1,1.0,0.0053893148055584,1,5.0,0.0,0,0.0,1.0
1904.0,4,38.0,0.6333333333333333,8.431243889717003,60,154.0,2.566666666666667,0.0,0.0,4,47.0,11.0,7.645550291024549,1.6785714285714286,1.6785714285714286,28,0,0.0,0.7663875194678591,1,31.0,0.7491701454840057,0,0.0,0.7698020342516754,3,13.0,0.3182155102607471,0,0.0,0.905662609677053,0,0.0,1.0,0,3.0,0.7146744027014174,0,0.0,1.0
1928.0,12,67.0,1.0806451612903225,6.401709562302945,62,331.0,5.338709677419355,78.0,1.2580645161290325,12,130.0,25.0,5.419984844992023,3.7142857142857135,3.7142857142857135,35,0,8.0,0.8416451845147686,7,60.0,0.3120412984763248,2,17.0,0.3184223615582679,3,42.0,0.2470071455555971,0,0.0,1.0,0,0.0,1.0,0,3.0,0.7488050958538874,0,0.0,1.0
1936.0,10,106.0,1.7096774193548387,7.723091500413708,62,377.0,6.080645161290323,46.0,0.7419354838709677,10,144.0,14.0,6.971955751382439,4.363636363636363,4.363636363636363,33,1,16.0,0.8766002985704421,8,105.0,0.2922856635158068,0,1.0,0.5409870429985882,1,22.0,0.1715106541651165,0,0.0,1.0,0,0.0,1.0,0,0.0,0.9452728789691606,0,0.0,1.0
1944.0,8,50.0,0.8620689655172413,7.798702083229033,58,387.0,6.672413793103448,10.0,0.1724137931034483,8,154.0,10.0,6.889742557762887,4.4,4.4,35,0,15.0,0.6974481261846115,5,100.0,0.339743893662361,0,3.0,0.8215321867362047,3,36.0,0.234965552923074,0,0.0,1.0,0,0.0,1.0,0,0.0,0.6483782715047174,0,0.0,1.0
1952.0,5,10.0,0.1639344262295081,7.653806001288725,61,430.0,7.049180327868853,43.0,0.7049180327868853,5,135.0,0.0,5.981540804409918,4.354838709677419,4.354838709677419,31,0,8.0,0.6314447312731458,5,111.0,0.2552691292868332,0,3.0,0.9916765035877846,0,13.0,0.519849016624988,0,0.0,1.0,0,0.0,0.5628607525103975,0,0.0,1.0,0,0.0,1.0
1960.0,6,14.0,0.2222222222222222,8.323105831413114,63,392.0,6.222222222222222,0.0,0.0,6,119.0,0.0,6.211737082792139,4.407407407407407,4.407407407407407,27,0,3.0,0.917934997112391,4,83.0,0.314422398392862,0,14.0,0.8157547343306273,1,19.0,4.89716460234373e-05,0,0.0,1.0,1,0.0,0.4848836441798465,0,0.0,1.0,0,0.0,1.0
1968.0,7,30.0,0.4918032786885246,7.992352839863453,61,391.0,6.409836065573771,0.0,0.0,7,165.0,46.0,6.273578792105975,5.32258064516129,5.32258064516129,31,2,15.0,0.638500222139735,3,96.0,0.3721586983001047,0,21.0,0.8681636968869779,1,31.0,0.4564032317771178,0,0.0,1.0,1,2.0,0.1188305346327648,0,0.0,0.733127970148994,0,0.0,1.0
1976.0,5,58.0,1.0175438596491229,8.191480929922589,57,342.0,6.0,0.0,0.0,5,172.0,7.0,8.25050746621195,5.733333333333333,5.733333333333333,30,1,8.0,0.7715930547210892,3,104.0,0.4155014202114578,0,21.0,0.8737775707268121,1,39.0,0.4494392004594988,0,0.0,0.8961245004666798,0,0.0,1.0,0,0.0,0.911616209862564,0,0.0,1.0
1984.0,9,80.0,1.3333333333333333,7.8619212435671075,60,390.0,6.5,48.0,0.8,9,184.0,12.0,7.115954118462873,5.411764705882353,5.411764705882353,34,3,23.0,0.6329208863818342,3,131.0,0.4658674667559456,2,26.0,0.7152550456221584,0,0.0,1.0,0,0.0,1.0,0,0.0,1.0,1,4.0,0.3270609671385399,0,0.0,1.0
1992.0,9,60.0,1.0526315789473684,7.136481266110523,57,401.0,7.035087719298246,11.0,0.1929824561403508,9,128.0,0.0,6.428462800465714,3.764705882352941,3.764705882352941,34,6,54.0,0.3451670181607828,2,49.0,0.4713936758515913,0,17.0,0.8629141886899174,0,0.0,0.9693638032186684,0,0.0,1.0,0,0.0,1.0,1,8.0,5.358054193047882e-05,0,0.0,1.0
2000.0,3,9.0,0.1578947368421052,8.707223359282622,57,461.0,8.087719298245615,60.0,1.0526315789473684,2,101.0,0.0,7.497622369171152,3.607142857142857,3.607142857142857,28,1,42.0,0.5508302081780817,1,45.0,0.6433293830106658,0,14.0,0.901769654943894,0,0.0,0.4829029178805092,0,0.0,1.0,0,0.0,1.0,0,0.0,1.0,0,0.0,1.0
2008.0,5,38.0,0.6551724137931034,8.715658884957856,58,485.0,8.362068965517242,24.0,0.4137931034482758,5,115.0,14.0,8.071645725677303,3.7096774193548394,3.7096774193548394,31,2,32.0,0.7006966948634846,3,66.0,0.2527394899279211,0,17.0,0.8398255033783478,0,0.0,0.6491986449967139,0,0.0,0.9174053439140548,0,0.0,0.8373396957211332,0,0.0,1.0,0,0.0,1.0
2016.0,2,41.0,0.7884615384615384,9.399859740764628,52,357.0,6.865384615384615,0.0,0.0,2,115.0,0.0,8.79505614432232,5.0,5.0,23,1,42.0,0.7241451276707428,1,59.0,0.4351958797821351,0,14.0,0.8944751598039418,0,0.0,1.0,0,0.0,1.0,0,0.0,1.0,0,0.0,0.9754882192041378,0,0.0,1.0
2024.0,4,40.0,0.8163265306122449,9.329386961928275,49,355.0,7.244897959183674,0.0,0.0,4,69.0,0.0,8.74960875514544,2.875,2.875,24,4,58.0,0.6164828881490878,0,0.0,0.8573285449010264,0,11.0,0.9160190947764476,0,0.0,0.9033898425279728,0,0.0,1.0,0,0.0,0.7818303073370083,0,0.0,0.9140087986669828,0,0.0,1.0
2032.0,4,42.0,0.8936170212765957,8.023649999222068,47,275.0,5.851063829787234,0.0,0.0,3,57.0,0.0,6.79011819279523,2.590909090909091,2.590909090909091,22,1,46.0,0.6705846164979168,1,0.0,0.4939111001532694,0,7.0,0.6177668701037894,0,0.0,0.0572502271745796,0,0.0,0.8593754889834282,0,0.0,1.0,1,4.0,4.357885635336437e-05,0,0.0,1.0
2040.0,3,17.0,0.3777777777777777,8.681647683526812,45,203.0,4.511111111111111,0.0,0.0,3,34.0,0.0,6.861239126670887,2.0,2.0,17,0,9.0,0.9110836736456964,0,0.0,0.7758796043638249,3,24.0,0.2805634307246846,0,0.0,0.9294608299670112,0,1.0,0.2863359862118494,0,0.0,1.0,0,0.0,1.0,0,0.0,1.0
2048.0,3,7.0,0.1666666666666666,8.56566199135073,42,189.0,4.5,0.0,0.0,2,44.0,10.0,7.341310643059758,2.3157894736842106,2.3157894736842106,19,1,13.0,0.7121778811660189,0,4.0,0.7120668787157701,1,21.0,0.2109148650061134,0,0.0,0.9306037862430137,0,3.0,0.6837414879976547,0,3.0,0.9532463943469488,0,0.0,1.0,0,0.0,1.0
2056.0,5,22.0,0.5365853658536586,8.892231151027733,41,164.0,4.0,0.0,0.0,4,34.0,0.0,5.583398505714367,2.2666666666666666,2.2666666666666666,15,2,25.0,0.4444648213796459,2,9.0,0.4195805437054796,0,0.0,0.940911829773208,0,0.0,1.0,0,0.0,1.0,0,0.0,0.9221233319731834,0,0.0,1.0,0,0.0,1.0
2064.0,5,46.0,1.0952380952380951,8.83653578107426,42,192.0,4.571428571428571,28.0,0.6666666666666666,5,64.0,30.0,7.094203503648091,3.3684210526315788,3.3684210526315788,19,4,59.0,0.5279273618102073,0,3.0,0.6392544957552345,1,2.0,0.0001294576142682,0,0.0,1.0,0,0.0,1.0,0,0.0,1.0,0,0.0,0.95748722948486,0,0.0,1.0
2072.0,2,3.0,0.0697674418604651,8.724013215351212,43,190.0,4.418604651162791,0.0,0.0,1,49.0,0.0,8.565234042359483,2.333333333333333,2.333333333333333,21,0,38.0,0.6495556632114872,0,0.0,0.5890880114280332,0,4.0,0.890387608799762,0,4.0,0.9395368207564588,0,0.0,1.0,0,0.0,0.9111062942594506,1,3.0,0.4966245375231481,0,0.0,1.0
2080.0,3,19.0,0.4318181818181818,10.067279044703326,44,206.0,4.681818181818182,16.0,0.3636363636363636,3,32.0,0.0,9.48652199196258,1.391304347826087,1.391304347826087,23,1,11.0,0.7420529049378155,0,4.0,0.5854854188994288,0,4.0,0.9920606080460724,0,0.0,0.895739665011075,0,0.0,1.0,0,0.0,1.0,2,13.0,0.3163236913750404,0,0.0,1.0
2088.0,5,29.0,0.7073170731707317,7.958337620238711,41,182.0,4.439024390243903,0.0,0.0,5,38.0,6.0,6.67841823819474,2.0,2.0,19,3,27.0,0.52508830563722,0,0.0,0.9519945299563426,0,4.0,0.856612695797202,1,3.0,0.0003762509589869,0,0.0,1.0,0,0.0,1.0,1,4.0,0.0145042948070894,0,0.0,1.0
2096.0,6,56.0,1.1428571428571428,8.487224398594954,49,223.0,4.551020408163265,41.0,0.8367346938775511,5,65.0,27.0,7.253772182775134,2.8260869565217392,2.8260869565217392,23,4,54.0,0.5179291621532911,1,5.0,0.4761743964153947,0,6.0,0.8935613227256564,0,0.0,1.0,0,0.0,0.6948558592058759,0,0.0,0.8512563786225077,0,0.0,1.0,0,0.0,1.0
2104.0,5,21.0,0.3818181818181818,8.638698667547038,55,228.0,4.1454545454545455,5.0,0.0909090909090909,3,39.0,0.0,8.247170283143848,1.95,1.95,20,0,7.0,0.7132293808562965,2,21.0,0.3038391702267664,0,6.0,0.958043563831548,0,0.0,1.0,0,0.0,0.967694881852998,1,5.0,0.0,0,0.0,1.0,0,0.0,1.0
2112.0,3,20.0,0.3508771929824561,8.72778079531157,57,233.0,4.087719298245614,5.0,0.087719298245614,3,44.0,5.0,8.552196359794022,2.0,2.0,22,1,9.0,0.6534861794378345,0,10.0,0.9728214890995418,0,6.0,0.8974378642594157,0,0.0,0.5560273869986101,0,0.0,0.4638805886523829,2,19.0,0.0009986441465771,0,0.0,0.438353151467901,0,0.0,1.0
2120.0,4,32.0,0.5925925925925926,8.061008133795582,54,206.0,3.814814814814815,0.0,0.0,4,56.0,12.0,7.127339277066343,2.5454545454545454,2.5454545454545454,22,2,24.0,0.6494202664973786,0,10.0,0.4046477941779313,0,6.0,0.8377039023791852,1,2.0,0.4433561248836493,0,0.0,1.0,1,14.0,0.0,0,0.0,0.711344593286989,0,0.0,1.0
2128.0,6,30.0,0.5660377358490566,8.009087397227953,53,207.0,3.9056603773584895,1.0,0.0188679245283018,5,57.0,1.0,8.497770359942638,2.85,2.85,20,1,9.0,0.8236062577820216,4,39.0,0.214678682200136,0,6.0,0.922169392277699,0,0.0,0.9576871215676692,0,0.0,1.0,0,0.0,0.986544720081564,0,3.0,0.9076183989772516,0,0.0,1.0
2136.0,4,13.0,0.2452830188679245,8.672090724536089,53,220.0,4.150943396226415,13.0,0.2452830188679245,3,41.0,0.0,7.55245876686485,2.05,2.05,20,1,17.0,0.6277443017377513,0,11.0,0.5137043861903781,0,6.0,0.9862120350357552,1,3.0,0.4567099114213709,0,0.0,1.0,1,4.0,0.4732577831342781,0,0.0,1.0,0,0.0,1.0
2144.0,2,7.0,0.1372549019607843,9.31232561420396,51,216.0,4.235294117647059,0.0,0.0,1,27.0,0.0,8.177213133672776,1.35,1.35,20,0,9.0,0.8567110394637861,0,0.0,1.0,0,6.0,0.9496629335381126,0,4.0,0.44866501270496,0,0.0,0.3794215187926701,1,8.0,0.623928966915003,0,0.0,1.0,0,0.0,1.0
2160.0,3,10.0,0.25,9.036341096239344,40,131.0,3.275,0.0,0.0,2,33.0,5.0,8.703284445820058,2.2,2.2,15,1,12.0,0.7091746403296787,0,0.0,1.0,1,16.0,0.5323580233547861,0,0.0,0.913938091705073,0,0.0,1.0,0,2.0,0.6761484976772157,0,3.0,0.8261965055204714,0,0.0,1.0
2168.0,4,11.0,0.2894736842105263,8.366676894876155,38,137.0,3.6052631578947367,6.0,0.1578947368421052,4,30.0,0.0,6.472314369501121,2.727272727272727,2.727272727272727,11,0,3.0,0.8373266104878969,0,0.0,1.0,3,22.0,0.2743375594102599,1,3.0,7.561178341115274e-05,0,0.0,1.0,0,2.0,0.5470178758880637,0,0.0,1.0,0,0.0,1.0
2176.0,1,4.0,0.1025641025641025,10.04963914332429,39,156.0,4.0,19.0,0.4871794871794871,1,21.0,0.0,10.397550755742502,1.4,1.4,15,1,7.0,0.7600508661000951,0,0.0,1.0,0,12.0,0.6733789798065338,0,0.0,0.9767805461950936,0,0.0,0.1750732201178329,0,0.0,1.0,0,2.0,0.9617132141345798,0,0.0,1.0
2192.0,3,13.0,0.3170731707317073,8.152629734898024,41,181.0,4.414634146341464,23.0,0.5609756097560976,3,28.0,0.0,7.754694410641505,1.4,1.4,20,2,11.0,0.4819247331127795,0,0.0,0.6608818055307205,0,12.0,0.627740490253793,1,5.0,0.4969247522066012,0,0.0,1.0,0,0.0,0.9057924601322036,0,0.0,1.0,0,0.0,1.0
2200.0,4,28.0,0.7567567567567568,8.3855480967745,37,178.0,4.8108108108108105,0.0,0.0,4,44.0,16.0,8.462792115140468,2.4444444444444446,2.4444444444444446,18,1,18.0,0.8042269806126067,0,5.0,0.9700663839664404,3,21.0,0.4842431716821526,0,0.0,0.0679527113595443,0,0.0,1.0,0,0.0,0.9345205755641004,0,0.0,1.0,0,0.0,1.0
2208.0,4,36.0,0.9473684210526316,8.173220977488537,38,208.0,5.473684210526316,30.0,0.7894736842105263,3,50.0,6.0,6.576117024820556,2.5,2.5,20,2,29.0,0.5568096586758665,1,11.0,0.7086976835820374,0,7.0,0.1796492275128302,0,3.0,0.8422984833380811,0,0.0,1.0,0,0.0,1.0,0,0.0,0.9192706939974856,0,0.0,1.0
2216.0,1,12.0,0.3333333333333333,9.046101943223643,36,165.0,4.583333333333333,0.0,0.0,1,29.0,0.0,8.39384686831618,1.5263157894736843,1.5263157894736843,19,0,1.0,0.7565386440098991,1,25.0,0.651799216997341,0,0.0,1.0,0,3.0,0.6518915769136633,0,0.0,1.0,0,0.0,1.0,0,0.0,0.9375766670768316,0,0.0,1.0
2224.0,2,22.0,0.6285714285714286,9.29525845312106,35,169.0,4.828571428571428,4.0,0.1142857142857142,2,43.0,14.0,8.795099881089405,2.15,2.15,20,1,3.0,0.7111473072888146,1,40.0,0.8113649333319407,0,0.0,0.9138497378257115,0,0.0,0.6284588371464539,0,0.0,0.2420318057111933,0,0.0,1.0,0,0.0,1.0,0,0.0,1.0
2240.0,2,16.0,0.4571428571428571,7.467931063668253,35,182.0,5.2,12.0,0.3428571428571428,2,40.0,3.0,5.538418012492127,2.3529411764705883,2.3529411764705883,17,0,4.0,0.4319359942275113,2,36.0,0.6551718132888826,0,0.0,0.2618967928925575,0,0.0,1.0,0,0.0,0.1553933388659093,0,0.0,1.0,0,0.0,0.4431952590253954,0,0.0,1.0
2248.0,0,0.0,0.0,9.74515311834736,35,180.0,5.142857142857143,0.0,0.0,0,20.0,0.0,8.732170313699593,1.6666666666666667,1.6666666666666667,12,0,0.0,0.5144965195157485,0,20.0,0.9228384737529132,0,0.0,0.6638565680570387,0,0.0,0.9721474727268776,0,0.0,1.0,0,0.0,1.0,0,0.0,1.0,0,0.0,1.0
2256.0,0,0.0,0.0,11.1556122114901,30,129.0,4.3,0.0,0.0,0,23.0,3.0,10.332100592926396,1.7692307692307692,1.7692307692307692,13,0,0.0,0.9302601138684236,0,22.0,0.8897689769756025,0,1.0,0.8885170666675937,0,0.0,1.0,0,0.0,1.0,0,0.0,1.0,0,0.0,1.0,0,0.0,1.0
2264.0,0,0.0,0.0,10.002468216219173,23,64.0,2.782608695652174,0.0,0.0,0,18.0,0.0,8.888886514468247,1.5,1.5,12,0,0.0,0.9313267985889732,0,17.0,0.8558718419746795,0,1.0,0.7100829792402154,0,0.0,1.0,0,0.0,1.0,0,0.0,1.0,0,0.0,1.0,0,0.0,1.0
2280.0,1,12.0,0.4444444444444444,9.5242719821667,27,71.0,2.6296296296296298,2.0,0.074074074074074,1,27.0,11.0,10.248088179739865,2.25,2.25,12,0,1.0,0.91161218209106,1,22.0,0.6162015457221187,0,0.0,0.9489399565238154,0,0.0,1.0,0,0.0,0.4037535858516071,0,0.0,1.0,0,4.0,0.9211429742551992,0,0.0,1.0
2296.0,1,0.0,0.0,8.844910464838865,36,80.0,2.2222222222222223,4.0,0.1111111111111111,1,8.0,0.0,8.280250307166103,0.4,0.4,20,0,6.0,0.6790509795569151,1,2.0,0.7361059539489929,0,0.0,0.4830518341055803,0,0.0,1.0,0,0.0,1.0,0,0.0,1.0,0,0.0,0.7786512781773622,0,0.0,1.0
2304.0,7,26.0,0.6046511627906976,8.001551264949702,43,109.0,2.5348837209302326,29.0,0.6744186046511628,7,40.0,32.0,7.359527834972093,1.3333333333333333,1.3333333333333333,30,4,20.0,0.4454107910865338,1,9.0,0.6874870700075263,1,6.0,0.6204812772727016,0,0.0,0.9313142114563876,0,0.0,1.0,0,0.0,0.8807927837189731,1,5.0,0.4884323369130288,0,0.0,0.9701252564152354
2312.0,6,21.0,0.4468085106382978,7.541585140304579,47,146.0,3.106382978723404,37.0,0.7872340425531915,5,45.0,5.0,6.892624324860974,1.7307692307692308,1.7307692307692308,26,1,15.0,0.4048575820500458,3,26.0,0.4885119790031296,0,0.0,0.7384677510733452,1,2.0,0.0002862044025216,0,0.0,1.0,0,0.0,1.0,0,2.0,0.744915022859465,0,0.0,0.8913200336922574
2320.0,2,0.0,0.0,8.677500147134433,51,181.0,3.549019607843137,35.0,0.6862745098039216,1,35.0,0.0,8.569795996613246,1.4583333333333333,1.4583333333333333,24,1,11.0,0.5396541808047671,0,21.0,0.7531642010271852,0,0.0,0.6950365921322539,0,0.0,1.0,0,0.0,1.0,0,3.0,0.9239460670458906,0,0.0,1.0,0,0.0,1.0
2328.0,3,14.0,0.2545454545454545,9.058741051012875,55,173.0,3.145454545454545,0.0,0.0,3,36.0,1.0,8.468349209069618,1.2413793103448276,1.2413793103448276,29,1,17.0,0.5490926380100339,1,16.0,0.7475568905346648,1,3.0,0.7693211252256067,0,0.0,1.0,0,0.0,1.0,0,0.0,0.518695033828492,0,0.0,1.0,0,0.0,1.0
2336.0,1,0.0,0.0,9.38458660619099,58,170.0,2.931034482758621,0.0,0.0,1,11.0,0.0,9.598462101193483,0.3548387096774194,0.3548387096774194,31,1,0.0,0.8093855648768973,0,5.0,0.8468660618480757,0,3.0,0.7659656360426021,0,3.0,0.9164004082712586,0,0.0,0.351087078857957,0,0.0,0.9051069652174384,0,0.0,1.0,0,0.0,1.0
2344.0,1,2.0,0.0344827586206896,9.582473837889845,58,119.0,2.0517241379310347,0.0,0.0,1,12.0,1.0,9.142948563736134,0.3428571428571428,0.3428571428571428,35,1,2.0,0.682905631723721,0,5.0,0.9227310794064484,0,4.0,0.7642773514507806,0,0.0,0.8951319202165112,0,0.0,1.0,0,0.0,0.8916452655851212,0,1.0,0.9585815510518536,0,0.0,1.0
2352.0,4,19.0,0.3333333333333333,8.993275746521949,57,106.0,1.8596491228070176,0.0,0.0,4,26.0,14.0,8.540650572347086,0.7428571428571429,0.7428571428571429,35,3,17.0,0.5410716417236804,0,3.0,0.8954018005646577,0,4.0,0.9109783013734806,0,0.0,0.9053350177340688,0,0.0,1.0,0,0.0,1.0,1,2.0,0.4968478508227097,0,0.0,1.0
2360.0,1,18.0,0.3157894736842105,8.714954208448654,57,92.0,1.6140350877192982,0.0,0.0,1,33.0,7.0,8.66997550087007,0.825,0.825,40,1,23.0,0.6608195981744758,0,6.0,0.8543123606438066,0,4.0,0.9080276298785176,0,0.0,0.938615615054998,0,0.0,1.0,0,0.0,0.973708690705614,0,0.0,1.0,0,0.0,0.9170082629850204
2368.0,2,31.0,0.5081967213114754,8.860446407182108,61,105.0,1.721311475409836,13.0,0.2131147540983606,2,41.0,8.0,8.481519166728585,0.9761904761904762,0.9761904761904762,42,1,26.0,0.7561209508126878,1,11.0,0.8479296110209187,0,4.0,0.6534775254559871,0,0.0,0.8921365268000668,0,0.0,1.0,0,0.0,0.9872375442037932,0,0.0,0.9583836721211516,0,0.0,1.0
2376.0,4,22.0,0.3492063492063492,8.048672093238306,63,122.0,1.9365079365079363,17.0,0.2698412698412698,4,32.0,0.0,7.678892451714756,0.7111111111111111,0.7111111111111111,45,2,11.0,0.6168250986039758,1,16.0,0.8122295028554987,0,4.0,0.7669783340555294,0,0.0,0.7094419259828946,0,0.0,1.0,1,1.0,0.0083174191499342,0,0.0,1.0,0,0.0,1.0
2384.0,6,43.0,0.6231884057971014,7.81658396589,69,166.0,2.4057971014492754,44.0,0.6376811594202898,6,60.0,28.0,7.362174246212714,1.1320754716981132,1.1320754716981132,53,1,11.0,0.6338980733985909,3,31.0,0.6545998277523464,0,4.0,0.8650671081230775,1,5.0,0.6169521040899731,0,0.0,0.2197015874846262,1,9.0,0.4494094238545947,0,0.0,1.0,0,0.0,1.0
2392.0,5,10.0,0.131578947368421,8.209674571827138,76,162.0,2.131578947368421,0.0,0.0,3,23.0,0.0,8.257056704880089,0.46,0.46,50,0,6.0,0.7850825529664677,1,12.0,0.7628703536929552,1,4.0,0.77885592290414,1,1.0,0.0002320850252802,0,0.0,1.0,0,0.0,1.0,0,0.0,0.9261109479924768,0,0.0,1.0
2400.0,3,28.0,0.3636363636363636,9.077920700811806,77,161.0,2.090909090909091,0.0,0.0,3,50.0,27.0,8.788072657822683,0.9433962264150944,0.9433962264150944,53,0,13.0,0.8570912127470294,1,17.0,0.8405227301462233,2,17.0,0.6668166671579544,0,0.0,0.7508087049984444,0,0.0,1.0,0,0.0,1.0,0,3.0,0.9607985590857482,0,0.0,1.0
2408.0,5,34.0,0.430379746835443,7.916362832893638,79,176.0,2.2278481012658227,15.0,0.189873417721519,5,54.0,4.0,7.361813226121738,0.9152542372881356,0.9152542372881356,59,2,17.0,0.5261456039411408,1,2.0,0.7477271677322408,2,33.0,0.7360759616132493,0,0.0,0.7835865349004631,0,0.0,1.0,0,0.0,0.2369897950148441,0,0.0,1.0,0,2.0,0.9666771608820168
2416.0,14,69.0,0.8734177215189873,6.351954860743627,79,256.0,3.240506329113924,80.0,1.0126582278481011,13,80.0,26.0,5.263051319961655,1.4814814814814814,1.4814814814814814,54,4,30.0,0.4192158945286718,8,44.0,0.5829920418215454,1,4.0,0.4797387503600305,0,0.0,1.0,0,0.0,1.0,0,0.0,0.1209132086843928,0,0.0,1.0,0,2.0,0.5550379753780809
2432.0,10,74.0,0.9866666666666668,6.567925426690513,75,453.0,6.04,73.0,0.9733333333333334,8,151.0,0.0,5.552158974579525,3.355555555555556,3.355555555555556,45,6,88.0,0.425277054105095,1,27.0,0.5507609354972359,1,36.0,0.53137763498067,0,0.0,0.9607275026104692,0,0.0,1.0,0,0.0,1.0,0,0.0,1.0,0,0.0,1.0
2440.0,14,114.0,1.5,7.169218401796482,76,497.0,6.539473684210527,44.0,0.5789473684210527,13,164.0,13.0,5.847011676084322,3.48936170212766,3.48936170212766,47,6,101.0,0.5010521807482284,5,29.0,0.5517394910662465,2,31.0,0.506600498835167,0,0.0,0.9830480341949004,0,0.0,1.0,0,0.0,1.0,0,3.0,0.9447790999913273,0,0.0,1.0
2448.0,7,35.0,0.4729729729729729,7.304532281251889,74,548.0,7.405405405405405,51.0,0.6891891891891891,3,101.0,0.0,7.036635986177161,2.1956521739130435,2.1956521739130435,46,0,33.0,0.6956239697938938,3,46.0,0.5459245305554362,0,16.0,0.6889466521009942,0,0.0,0.8609454606813214,0,0.0,1.0,0,6.0,0.7872888220426179,0,0.0,0.196723373334075,0,0.0,1.0
2456.0,10,39.0,0.527027027027027,7.718307778005546,74,567.0,7.662162162162162,19.0,0.2567567567567567,10,159.0,58.0,6.708597712214172,3.7857142857142856,3.7857142857142856,42,4,43.0,0.5938172540783224,4,56.0,0.6350489007925381,1,51.0,0.777713903574669,0,0.0,0.7709232844321379,0,0.0,1.0,1,9.0,4.092916670614718e-05,0,0.0,1.0,0,0.0,1.0
2464.0,6,39.0,0.5492957746478874,7.456674281468869,71,500.0,7.042253521126761,0.0,0.0,6,149.0,0.0,6.59938991721672,3.1702127659574466,3.1702127659574466,47,5,28.0,0.4108716790105381,0,51.0,0.7338287006366729,0,49.0,0.8900984957452972,0,0.0,0.944950913942691,0,0.0,1.0,1,21.0,0.6817305301616698,0,0.0,1.0,0,0.0,1.0
2472.0,13,89.0,1.2535211267605637,6.972473405323652,71,506.0,7.126760563380282,6.0,0.0845070422535211,11,165.0,16.0,6.341335921663077,3.3,3.3,50,7,86.0,0.5301836719551803,0,15.0,0.7348217478111773,0,49.0,0.878246812101351,3,7.0,0.1081078196869225,0,0.0,1.0,1,8.0,0.2430021277899348,0,0.0,1.0,0,0.0,1.0
2480.0,3,32.0,0.4444444444444444,7.926440247422253,72,544.0,7.555555555555555,38.0,0.5277777777777778,3,162.0,0.0,7.603696785723269,3.176470588235294,3.176470588235294,51,2,72.0,0.5737438401049022,0,15.0,0.8655686760954224,0,49.0,0.8961670127677343,0,9.0,0.3622642683014225,0,0.0,0.1124681448372018,1,12.0,0.4734049618634184,0,5.0,0.8811413108086277,0,0.0,1.0
2488.0,11,64.0,0.8767123287671232,7.678025744081816,73,594.0,8.136986301369863,50.0,0.684931506849315,11,138.0,0.0,7.040100494779281,2.816326530612245,2.816326530612245,49,7,57.0,0.5056190740476435,3,29.0,0.645186630358001,0,49.0,0.89391835591683,0,0.0,0.6672329762548838,0,0.0,1.0,1,3.0,0.0018616615048813,0,0.0,0.7397145402391015,0,0.0,1.0
2496.0,5,23.0,0.3150684931506849,7.381681248628971,73,620.0,8.493150684931507,26.0,0.3561643835616438,5,135.0,0.0,5.393941579417657,3.375,3.375,40,4,49.0,0.2111279868040697,0,26.0,0.6641664532626769,0,49.0,0.8454753265499817,0,0.0,0.984257205284536,0,0.0,0.2776563058035081,1,11.0,0.0,0,0.0,1.0,0,0.0,1.0
2504.0,13,72.0,0.96,7.759455546808983,75,665.0,8.866666666666667,45.0,0.6,13,186.0,51.0,6.11081589655632,4.043478260869565,4.043478260869565,46,11,105.0,0.3445697720227975,2,36.0,0.6402255445590007,0,45.0,0.8565457433319806,0,0.0,1.0,0,0.0,1.0,0,0.0,1.0,0,0.0,1.0,0,0.0,1.0
2512.0,11,89.0,1.2191780821917808,7.2657949183016175,73,715.0,9.794520547945206,50.0,0.684931506849315,10,193.0,7.0,6.434118270946567,4.195652173913044,4.195652173913044,46,6,109.0,0.4512695830473612,4,36.0,0.3803708282160968,0,45.0,0.861978430344937,0,0.0,0.5877244407654074,0,0.0,0.4746207613705401,0,0.0,0.61931722332949,0,3.0,0.6950964097176956,0,0.0,0.9259690140170066
2520.0,12,164.0,2.05,8.044549442149322,80,795.0,9.9375,80.0,1.0,12,229.0,36.0,6.35111765079121,5.088888888888889,5.088888888888889,45,7,114.0,0.4805473536395697,5,66.0,0.4364312039860986,0,49.0,0.8406279121797915,0,0.0,0.981274652731867,0,0.0,0.2069685631295554,0,0.0,1.0,0,0.0,1.0,0,0.0,1.0
2528.0,5,24.0,0.3478260869565217,7.8187099022881235,69,683.0,9.898550724637682,0.0,0.0,5,181.0,0.0,6.286504789070347,4.414634146341464,4.414634146341464,41,2,66.0,0.5848082113002105,1,54.0,0.3188519007606656,2,54.0,0.6580770285845687,0,0.0,1.0,0,0.0,1.0,0,7.0,0.790325210807249,0,0.0,0.8854556882449707,0,0.0,1.0
2536.0,11,63.0,1.0,7.355598691378036,63,712.0,11.301587301587302,29.0,0.4603174603174603,11,180.0,0.0,6.131785839134481,4.0,4.0,45,1,22.0,0.684705049122034,6,80.0,0.1304581666801808,2,61.0,0.632495365959608,0,0.0,1.0,0,0.0,1.0,0,7.0,0.4609882253765017,2,10.0,0.2777191315876758,0,0.0,1.0
2544.0,10,87.0,1.4262295081967211,7.420082232652247,61,707.0,11.59016393442623,0.0,0.0,9,147.0,0.0,5.442186564299909,4.454545454545454,4.454545454545454,33,3,19.0,0.4764228888887762,5,98.0,0.1566465999664972,1,28.0,0.8171069747685017,0,0.0,1.0,0,0.0,1.0,0,2.0,0.2944909485095976,0,0.0,1.0,0,0.0,1.0
2552.0,10,73.0,1.2166666666666666,8.258867699958653,60,750.0,12.5,43.0,0.7166666666666667,10,138.0,0.0,6.889103346490604,3.942857142857143,3.942857142857143,35,9,78.0,0.3678894532796936,0,37.0,0.604612577231277,1,16.0,0.819092157127603,0,0.0,0.9616937298508575,0,0.0,1.0,0,3.0,0.8182997010687219,0,4.0,0.914074942636836,0,0.0,1.0
2560.0,7,36.0,0.631578947368421,7.595144033748585,57,729.0,12.789473684210526,0.0,0.0,7,152.0,14.0,6.603699588601122,4.903225806451613,4.903225806451613,31,3,84.0,0.5266163100189701,2,50.0,0.2343232839025849,0,9.0,0.9315439087213429,0,0.0,1.0,0,0.0,1.0,0,0.0,1.0,2,9.0,0.2412626776860617,0,0.0,1.0
2568.0,2,15.0,0.3061224489795918,7.9126183944998205,49,632.0,12.89795918367347,0.0,0.0,2,87.0,0.0,6.286544166997269,3.48,3.48,25,2,63.0,0.3918303290175032,0,3.0,0.95280782925878,0,9.0,0.8911964820055308,0,0.0,1.0,0,0.0,1.0,0,0.0,1.0,0,12.0,0.1698403478077347,0,0.0,1.0
2576.0,5,41.0,0.9318181818181818,8.977972543054818,44,561.0,12.75,0.0,0.0,4,81.0,0.0,6.293351622772185,4.5,4.5,18,3,71.0,0.4068574679822541,1,4.0,0.4783375901869964,0,6.0,0.9242319904069198,0,0.0,1.0,0,0.0,1.0,0,0.0,1.0,0,0.0,1.0,0,0.0,1.0
2584.0,8,36.0,0.9,7.331259681292333,40,510.0,12.75,0.0,0.0,7,73.0,0.0,5.487574879584165,3.842105263157895,3.842105263157895,19,4,53.0,0.5221331566483247,2,15.0,2.5633729704148942e-05,0,4.0,0.7172661426621405,0,0.0,1.0,0,0.0,0.3991850946702517,0,0.0,1.0,1,1.0,0.0017077560307538,0,0.0,1.0
2592.0,1,3.0,0.075,9.76981678354717,40,518.0,12.95,8.0,0.2,1,30.0,0.0,8.62969765511719,2.0,2.0,15,0,20.0,0.7776883550120836,0,0.0,1.0,1,10.0,0.6873177911524823,0,0.0,1.0,0,0.0,0.5219806627838879,0,0.0,1.0,0,0.0,1.0,0,0.0,1.0
2600.0,0,0.0,0.0,9.86852833817248,34,304.0,8.941176470588236,0.0,0.0,0,17.0,0.0,9.852505903304287,1.3076923076923077,1.3076923076923077,13,0,7.0,0.8459888538309799,0,2.0,0.8764508415646582,0,5.0,0.889721024954707,0,0.0,1.0,0,0.0,1.0,0,3.0,0.9579895825926926,0,0.0,0.6284284498580952,0,0.0,1.0
2608.0,1,0.0,0.0,9.408274145372491,32,196.0,6.125,0.0,0.0,1,12.0,0.0,8.418077343637655,0.8,0.8,15,0,7.0,0.8609059017790366,1,2.0,0.4766572156337503,0,3.0,0.8452579148526931,0,0.0,1.0,0,0.0,1.0,0,0.0,0.9534704356980684,0,0.0,1.0,0,0.0,1.0
2616.0,1,1.0,0.03125,8.86395414387821,32,174.0,5.4375,0.0,0.0,1,14.0,2.0,8.906060295296484,0.7368421052631579,0.7368421052631579,19,0,7.0,0.8833504446018501,0,3.0,0.8170624311978949,0,3.0,0.7707584213770176,0,0.0,0.7725066948342165,0,0.0,1.0,1,1.0,0.0537235092838753,0,0.0,1.0,0,0.0,1.0
2624.0,3,17.0,0.4722222222222222,8.326804857899624,36,155.0,4.305555555555555,0.0,0.0,3,30.0,16.0,7.880649952829924,1.25,1.25,24,0,7.0,0.8403401796495584,1,4.0,0.4967869253039425,0,3.0,0.819053914939419,0,0.0,0.7443956612659758,0,0.0,1.0,2,16.0,0.0,0,0.0,1.0,0,0.0,1.0
2632.0,7,59.0,1.5128205128205128,8.041237322842239,39,197.0,5.051282051282051,42.0,1.0769230769230769,7,72.0,42.0,6.968113837153634,2.88,2.88,25,0,7.0,0.621594790701361,3,21.0,0.5730797918635845,2,12.0,0.6255930321199404,0,0.0,1.0,0,0.0,0.6496263860287589,2,32.0,0.0,0,0.0,1.0,0,0.0,1.0
2640.0,7,64.0,1.6842105263157894,6.314248149557716,38,250.0,6.578947368421052,53.0,1.394736842105263,7,76.0,4.0,4.326498910855811,3.619047619047619,3.619047619047619,21,1,11.0,0.3105190448812888,2,10.0,0.5751155821477588,2,7.0,0.2591796778115763,0,0.0,0.934662695739877,0,0.0,1.0,2,48.0,0.0,0,0.0,1.0,0,0.0,1.0
2648.0,8,113.0,3.138888888888889,7.443300053843719,36,314.0,8.722222222222221,64.0,1.7777777777777777,8,125.0,49.0,4.434899174154847,7.8125,7.8125,16,1,15.0,0.7019156372247715,2,12.0,0.4007167851404049,3,34.0,0.3774758928193536,0,0.0,1.0,0,0.0,1.0,2,64.0,0.0,0,0.0,1.0,0,0.0,1.0
2656.0,7,135.0,3.75,6.835323695392477,36,326.0,9.055555555555555,12.0,0.3333333333333333,6,158.0,33.0,4.604950708990152,8.777777777777779,8.777777777777779,18,1,30.0,0.4480303646604732,3,34.0,0.2199180277799558,0,14.0,0.8805426383915848,0,0.0,0.802586182648051,0,0.0,1.0,2,80.0,0.0,0,0.0,1.0,0,0.0,1.0
2664.0,7,144.0,4.0,6.997286922444074,36,355.0,9.86111111111111,29.0,0.8055555555555556,7,176.0,18.0,5.334374925853004,8.0,8.0,22,4,62.0,0.332557959356913,0,2.0,0.6216082475917946,0,14.0,0.9280660241411144,1,2.0,0.0158131740549554,0,0.0,1.0,2,96.0,0.4642930585509469,0,0.0,1.0,0,0.0,1.0
2672.0,1,55.0,1.5277777777777777,8.85727272666914,36,379.0,10.52777777777778,24.0,0.6666666666666666,1,82.0,0.0,9.296831441034152,4.823529411764706,4.823529411764706,17,0,14.0,0.9330864680966188,0,2.0,0.8337981693568552,0,11.0,0.9214499830627912,0,0.0,1.0,0,0.0,1.0,1,55.0,0.0051837770707345,0,0.0,0.9661067536434632,0,0.0,1.0
2680.0,5,76.0,2.0,8.731383825839691,38,386.0,10.157894736842104,7.0,0.1842105263157894,5,104.0,22.0,7.09451181563462,5.2,5.2,20,0,14.0,0.6575464979764944,2,7.0,0.4662064658970279,1,12.0,0.7662784284991654,0,0.0,0.8709844736493515,0,0.0,1.0,2,71.0,0.0,0,0.0,0.9178610368226074,0,0.0,1.0
2688.0,2,87.0,2.4166666666666665,9.002617996994765,36,282.0,7.833333333333333,0.0,0.0,2,107.0,3.0,8.06763632038122,5.944444444444445,5.944444444444445,18,0,4.0,0.8705012283183318,0,2.0,0.7349323683935468,0,14.0,0.8998151551084427,0,0.0,0.8854467750500676,0,0.0,0.4676001968074081,2,87.0,0.0,0,0.0,1.0,0,0.0,1.0
2696.0,3,8.0,0.2352941176470588,9.73233105095679,34,221.0,6.5,0.0,0.0,2,30.0,0.0,9.353314675513332,1.6666666666666667,1.6666666666666667,18,1,12.0,0.7887034193999478,0,0.0,0.7963081276581103,0,14.0,0.904234778811338,1,4.0,0.4618583446916461,0,0.0,1.0,0,0.0,0.9739937826353056,0,0.0,1.0,0,0.0,1.0
2704.0,1,2.0,0.0588235294117647,8.840572028284235,34,181.0,5.323529411764706,0.0,0.0,1,24.0,0.0,8.163362666610976,1.2,1.2,20,0,5.0,0.8209717428437348,0,0.0,0.4789122988099487,0,10.0,0.8078201793671468,1,2.0,0.1281873274403519,0,0.0,1.0,0,0.0,1.0,0,7.0,0.8656594321685537,0,0.0,1.0
2712.0,1,10.0,0.2702702702702703,9.310374617136224,37,175.0,4.72972972972973,0.0,0.0,1,24.0,0.0,9.11863104504696,1.3333333333333333,1.3333333333333333,18,0,1.0,0.9005868814776639,0,0.0,0.6934151510064271,0,10.0,0.9127159825130424,1,10.0,0.0,0,0.0,1.0,0,3.0,0.9663526770032116,0,0.0,0.386219688853548,0,0.0,1.0
2720.0,2,20.0,0.5555555555555556,9.44496755152548,36,176.0,4.888888888888889,1.0,0.0277777777777777,2,38.0,14.0,9.168070609709842,2.111111111111111,2.111111111111111,18,0,5.0,0.8705098063878314,0,0.0,0.9217038863042868,0,10.0,0.7248743901172914,1,18.0,0.4317633139426551,0,0.0,1.0,1,5.0,0.303489523275057,0,0.0,0.9461038750946722,0,0.0,1.0
2728.0,0,0.0,0.0,9.655001573596962,38,187.0,4.921052631578948,11.0,0.2894736842105263,0,8.0,0.0,10.401472343517172,0.4210526315789473,0.4210526315789473,19,0,5.0,0.8870418666054628,0,0.0,0.0189561514069463,0,3.0,0.7544718177327702,0,0.0,0.9778912679999244,0,0.0,0.5793738011616595,0,0.0,0.8604442163704863,0,0.0,0.9051570895366922,0,0.0,1.0
2736.0,2,2.0,0.0434782608695652,9.766457947368766,46,190.0,4.130434782608695,3.0,0.0652173913043478,2,13.0,5.0,9.569061612737618,0.5909090909090909,0.5909090909090909,22,1,7.0,0.7669202657579638,1,0.0,0.6471636357186599,0,3.0,0.8867267203947262,0,0.0,0.795129916542445,0,0.0,0.3809248092633891,0,0.0,0.8659107524074773,0,3.0,0.9525223538873108,0,0.0,1.0
2744.0,3,6.0,0.1276595744680851,9.778162917803762,47,192.0,4.085106382978723,2.0,0.0425531914893617,3,16.0,3.0,9.039987057860884,0.8421052631578947,0.8421052631578947,19,3,13.0,0.693531087132878,0,0.0,0.7494544728580376,0,3.0,0.7520256819083793,0,0.0,1.0,0,0.0,1.0,0,0.0,1.0,0,0.0,1.0,0,0.0,1.0
2752.0,4,12.0,0.25,9.376414214719128,48,170.0,3.5416666666666665,0.0,0.0,4,23.0,7.0,8.746607992031903,1.0,1.0,23,0,5.0,0.7829207530108071,2,8.0,0.4583014512994161,1,5.0,0.7126683357263138,1,2.0,0.5352975593168996,0,0.0,1.0,0,3.0,0.9639150763813422,0,0.0,1.0,0,0.0,1.0
2760.0,5,16.0,0.32,8.611661132234655,50,201.0,4.02,31.0,0.62,5,30.0,7.0,7.701717156016005,1.25,1.25,24,2,18.0,0.6675478769697396,1,5.0,5.8023233581780894e-05,1,3.0,0.631709048509777,0,0.0,0.4714348340207959,0,0.0,1.0,1,4.0,0.3418907642852324,0,0.0,1.0,0,0.0,1.0
2768.0,5,38.0,0.7169811320754716,8.697967178571247,53,236.0,4.452830188679245,35.0,0.660377358490566,4,46.0,16.0,8.929138375336965,2.1904761904761907,2.1904761904761907,21,0,6.0,0.916102267071181,1,13.0,0.1232087024225799,0,0.0,0.8361917404390011,0,0.0,0.9173683473995426,0,0.0,1.0,3,24.0,2.44822224234692e-05,0,3.0,0.0211990184049139,0,0.0,1.0
2776.0,9,78.0,1.56,8.011201700367437,50,277.0,5.54,41.0,0.82,9,84.0,38.0,5.6910668760852925,4.0,4.0,21,3,8.0,0.494942416124839,1,24.0,0.6290624957757703,0,0.0,0.929869190383438,2,4.0,0.2577283149711589,0,0.0,1.0,3,48.0,0.3789392150121264,0,0.0,0.9528577884877816,0,0.0,1.0
2784.0,4,54.0,1.148936170212766,7.803967947431311,47,297.0,6.319148936170213,20.0,0.425531914893617,4,64.0,0.0,5.157648098929656,4.266666666666667,4.266666666666667,15,0,0.0,0.4525087271548756,2,33.0,0.2945593320784304,0,0.0,0.968035196811318,0,4.0,0.3724903822517503,0,0.0,1.0,2,27.0,0.4133811007014055,0,0.0,1.0,0,0.0,1.0
2792.0,5,46.0,1.022222222222222,8.321423670392791,45,290.0,6.444444444444445,0.0,0.0,4,65.0,1.0,7.654375896657197,3.095238095238096,3.095238095238096,21,0,1.0,0.7479210472911758,0,3.0,0.9652732417807016,0,0.0,0.6962152216062995,0,5.0,0.927943387981316,0,0.0,1.0,4,49.0,0.2487094218496179,0,7.0,0.8448658348110543,0,0.0,1.0
2800.0,6,10.0,0.238095238095238,6.908296165146844,42,262.0,6.238095238095238,0.0,0.0,4,32.0,0.0,5.282725883610268,1.8823529411764703,1.8823529411764703,17,1,2.0,0.6268163637716118,0,3.0,0.8993341305703023,0,7.0,0.7263106427843626,0,5.0,0.5948298160456547,0,0.0,1.0,1,8.0,0.0556955075606415,2,7.0,0.0113835964121433,0,0.0,1.0
2808.0,4,26.0,0.6046511627906976,7.991006260643343,43,299.0,6.953488372093023,37.0,0.8604651162790697,4,60.0,28.0,6.741451636149309,3.5294117647058822,3.5294117647058822,17,0,1.0,0.8596238711153585,1,3.0,0.5410479258485809,0,11.0,0.91459140057161,1,10.0,0.0,0,0.0,0.5041707563105984,2,24.0,0.0,0,11.0,0.5778221293160621,0,0.0,1.0
2816.0,3,22.0,0.5365853658536586,8.836789605249235,41,231.0,5.634146341463414,0.0,0.0,3,42.0,0.0,6.829968714199039,3.230769230769231,3.230769230769231,13,0,1.0,0.9280652734123868,1,8.0,0.6466848876906479,1,15.0,0.6831996334229371,1,18.0,0.0,0,0.0,1.0,0,0.0,0.9153427006237966,0,0.0,1.0,0,0.0,1.0
2824.0,3,24.0,0.6,7.998959490734379,40,232.0,5.8,1.0,0.025,3,52.0,10.0,7.747706284179675,2.4761904761904763,2.4761904761904763,21,0,8.0,0.7609198106230016,1,4.0,0.4692939467094825,0,7.0,0.8506005658788145,1,26.0,0.0,0,0.0,0.6411992576177303,1,3.0,0.6598342881138266,0,4.0,0.9156195823862092,0,0.0,1.0
2832.0,4,10.0,0.2439024390243902,8.424206384422652,41,231.0,5.634146341463414,0.0,0.0,3,41.0,0.0,8.544408323029984,1.7826086956521738,1.7826086956521738,23,1,9.0,0.8068673571767851,1,6.0,0.6791021373219008,0,13.0,0.857499804089372,0,0.0,1.0,0,0.0,0.3182588542010187,1,13.0,0.6150094944186044,0,0.0,0.9375668632832096,0,0.0,1.0
2840.0,3,25.0,0.6578947368421053,8.273879773259248,38,216.0,5.684210526315789,0.0,0.0,3,50.0,9.0,8.207658989015512,2.272727272727273,2.272727272727273,22,1,11.0,0.8555289333670831,0,3.0,0.6897715313372768,0,13.0,0.8976887639810807,0,0.0,0.8969715972898427,0,0.0,1.0,2,23.0,0.0,0,0.0,0.2043355598563095,0,0.0,1.0
2848.0,3,14.0,0.35,7.310818311495055,40,239.0,5.975,23.0,0.575,3,40.0,0.0,7.945388178006571,1.7391304347826086,1.7391304347826086,23,1,20.0,0.6594449694825701,1,5.0,0.6916878045225916,0,13.0,0.9027033663176188,1,2.0,0.4346782024772742,0,0.0,1.0,0,0.0,1.0,0,0.0,0.6630464381913204,0,0.0,1.0
2856.0,2,9.0,0.2432432432432432,8.44610688278279,37,231.0,6.243243243243243,0.0,0.0,2,37.0,0.0,8.824785164710946,1.85,1.85,20,1,16.0,0.8173610403048206,1,5.0,0.6713204284813348,0,13.0,0.8942823743907728,0,0.0,0.8588691850231138,0,0.0,1.0,0,0.0,0.3658815217826182,0,3.0,0.9016555298407892,0,0.0,1.0
2864.0,7,40.0,0.9302325581395348,7.720623937746536,43,261.0,6.069767441860465,30.0,0.6976744186046512,6,57.0,20.0,6.676737802571943,2.590909090909091,2.590909090909091,22,2,20.0,0.6695411097586517,2,17.0,0.453366148558251,0,13.0,0.8940218066148331,1,6.0,0.0,0,0.0,1.0,1,1.0,0.002284964551876,0,0.0,0.9355881364169472,0,0.0,1.0
2872.0,6,50.0,1.351351351351351,7.993486561182499,37,244.0,6.594594594594595,0.0,0.0,5,69.0,12.0,7.638062572963115,3.45,3.45,20,2,36.0,0.6647496191309095,2,18.0,0.6052629849828842,0,13.0,0.9009234239384264,0,0.0,1.0,0,0.0,1.0,0,0.0,0.9476323618453202,1,2.0,0.0034454776770866,0,0.0,1.0
2880.0,6,52.0,1.4444444444444444,6.564074203949855,36,234.0,6.5,0.0,0.0,5,72.0,3.0,6.351790020329113,4.0,4.0,18,2,52.0,0.5573955612304254,2,6.0,0.4988887802153016,0,10.0,0.9014123091333764,0,0.0,1.0,0,0.0,1.0,1,1.0,0.0025893776093617,0,3.0,0.5940730628926243,0,0.0,1.0
2888.0,3,26.0,0.6842105263157895,8.104265867235839,38,263.0,6.921052631578948,29.0,0.7631578947368421,3,46.0,0.0,7.743158653026427,2.7058823529411766,2.7058823529411766,17,1,11.0,0.7380179166121398,2,22.0,0.4239756584261738,0,10.0,0.9327118843259042,0,0.0,1.0,0,0.0,1.0,0,3.0,0.9149426187743088,0,0.0,1.0,0,0.0,1.0
2896.0,1,1.0,0.0277777777777777,9.334282484498212,36,221.0,6.138888888888889,0.0,0.0,1,30.0,0.0,9.463138243838827,1.875,1.875,16,0,10.0,0.8117836926888842,1,4.0,0.468961235806777,0,13.0,0.93712463978376,0,0.0,1.0,0,0.0,1.0,0,0.0,0.0303348394414451,0,3.0,0.925693727749776,0,0.0,1.0
2904.0,3,13.0,0.4193548387096774,9.18708918172387,31,139.0,4.483870967741935,0.0,0.0,3,34.0,4.0,8.848926441104984,1.7,1.7,20,0,8.0,0.8556884536877938,1,2.0,1.823022855556028e-05,1,13.0,0.513080632926261,0,0.0,0.952625268531688,0,0.0,1.0,1,11.0,0.4861803906731951,0,0.0,1.0,0,0.0,1.0
2912.0,6,16.0,0.4848484848484848,6.629821184146035,33,168.0,5.090909090909091,29.0,0.8787878787878788,6,31.0,0.0,4.812098921373089,1.9375,1.9375,16,4,24.0,0.2892102410918166,0,0.0,1.0,2,7.0,0.3254350378679517,0,0.0,0.880746941133551,0,0.0,1.0,0,0.0,1.0,0,0.0,1.0,0,0.0,1.0
2920.0,8,72.0,2.4827586206896552,6.922501543936152,29,177.0,6.103448275862069,9.0,0.3103448275862069,8,90.0,59.0,5.542018997577909,5.625,5.625,16,8,83.0,0.1883587958652108,0,0.0,1.0,0,4.0,0.9031358629882196,0,0.0,0.9428235211227104,0,0.0,1.0,0,0.0,1.0,0,3.0,0.968055162709559,0,0.0,1.0
2928.0,6,54.0,1.6363636363636365,6.636137504788157,33,218.0,6.606060606060606,41.0,1.2424242424242424,6,87.0,0.0,4.590628014073808,5.4375,5.4375,16,3,73.0,0.3091737995261971,1,7.0,0.5349126925536742,0,4.0,0.948003099858352,2,3.0,0.0359652999602027,0,0.0,1.0,0,0.0,1.0,0,0.0,1.0,0,0.0,1.0
2936.0,3,13.0,0.3823529411764705,8.5463707986933,34,252.0,7.411764705882353,34.0,1.0,2,60.0,0.0,7.835649582645397,4.0,4.0,15,2,49.0,0.4212901505263255,0,7.0,0.8299925615047075,0,4.0,0.9168318673918976,0,0.0,0.6054144996550417,0,0.0,1.0,0,0.0,1.0,0,0.0,1.0,0,0.0,0.8656988431758427
2944.0,7,50.0,1.6666666666666667,7.819548980301987,30,226.0,7.533333333333333,0.0,0.0,7,99.0,39.0,4.268951171815864,7.071428571428571,7.071428571428571,14,4,76.0,0.3214813097746396,2,13.0,0.3308104928872432,0,4.0,0.97239930294296,1,6.0,0.0,0,0.0,1.0,0,0.0,1.0,0,0.0,0.9473635724657264,0,0.0,1.0
2968.0,1,17.0,0.5483870967741935,9.150779172077009,31,204.0,6.580645161290323,0.0,0.0,1,42.0,0.0,7.407366613685064,2.8,2.8,15,0,9.0,0.6543595244375328,0,7.0,0.9048213271352744,1,26.0,0.565847156886677,0,0.0,1.0,0,0.0,1.0,0,0.0,1.0,0,0.0,0.2765695415941628,0,0.0,1.0
2984.0,3,15.0,0.5,8.260602577903216,30,164.0,5.466666666666667,26.0,0.8666666666666667,3,25.0,0.0,7.348919748233976,1.4705882352941178,1.4705882352941178,17,1,2.0,0.5650561828307673,1,17.0,0.755491682783758,0,0.0,0.850298433403895,1,3.0,0.0005848854487665,0,0.0,0.6764324447999931,0,0.0,1.0,0,3.0,0.9549761868295328,0,0.0,1.0
2992.0,4,12.0,0.3428571428571428,8.650441725004786,35,175.0,5.0,11.0,0.3142857142857143,4,30.0,5.0,8.018788463297984,1.3043478260869563,1.3043478260869563,23,1,8.0,0.7466109081539514,1,7.0,0.6782497422752963,0,0.0,0.9903256010856184,1,11.0,0.0,0,0.0,0.5071232409735428,0,0.0,1.0,1,4.0,0.0022331803347587,0,0.0,1.0
3008.0,3,13.0,0.3611111111111111,8.77545819160342,36,94.0,2.611111111111111,0.0,0.0,3,28.0,13.0,8.318852275722351,1.0769230769230769,1.0769230769230769,26,3,21.0,0.6141842465121575,0,7.0,0.7324603931420154,0,0.0,0.9732878499606508,0,0.0,0.6391836620863156,0,0.0,1.0,0,0.0,1.0,0,0.0,0.9858745671441472,0,0.0,1.0
3016.0,7,23.0,0.5111111111111111,6.723763887709409,45,130.0,2.888888888888889,36.0,0.8,7,47.0,19.0,5.9556313712126165,1.6785714285714286,1.6785714285714286,28,1,18.0,0.4717705998856626,2,13.0,0.5905760523545743,0,0.0,0.9485996257520212,3,14.0,0.2368818944825026,0,0.0,0.3272074105954319,0,0.0,1.0,1,2.0,0.3629553697507454,0,0.0,1.0
3024.0,8,37.0,0.7115384615384616,7.6166489795931644,52,200.0,3.8461538461538463,70.0,1.3461538461538465,8,76.0,29.0,5.994568032892145,2.7142857142857144,2.7142857142857144,28,2,34.0,0.6349778505855419,6,29.0,0.1601528082913949,0,3.0,0.933533251080981,0,9.0,0.3510355756683856,0,1.0,0.3423216229522394,0,0.0,1.0,0,0.0,0.908226714884608,0,0.0,1.0
3032.0,0,0.0,0.0,9.661054551534402,51,204.0,4.0,4.0,0.0784313725490196,0,28.0,0.0,8.863178056873467,1.4,1.4,20,0,14.0,0.8925776028229387,0,8.0,0.7742726136821534,0,3.0,0.7085551549947099,0,0.0,1.0,0,0.0,0.3251934537834816,0,3.0,0.5936007600463757,0,0.0,1.0,0,0.0,1.0
3040.0,1,2.0,0.0425531914893617,9.427411977104535,47,194.0,4.127659574468085,0.0,0.0,1,26.0,0.0,8.157883217271086,1.5294117647058822,1.5294117647058822,17,1,26.0,0.6639410549034704,0,0.0,0.0880267274200668,0,0.0,0.9258738553804516,0,0.0,1.0,0,0.0,1.0,0,0.0,1.0,0,0.0,1.0,0,0.0,1.0
3048.0,4,13.0,0.2888888888888888,7.834516661418257,45,178.0,3.955555555555556,0.0,0.0,3,34.0,8.0,8.087037590151153,2.0,2.0,17,2,27.0,0.7003747913378564,0,3.0,0.523885831133771,1,4.0,0.5767870921571492,0,0.0,1.0,0,0.0,1.0,0,0.0,0.8871686644090928,0,0.0,1.0,0,0.0,1.0
3056.0,8,8.0,0.1777777777777777,6.504020988338284,45,191.0,4.2444444444444445,13.0,0.2888888888888888,6,31.0,0.0,5.265735417799318,1.8235294117647056,1.8235294117647056,17,4,23.0,0.2469058984082463,1,3.0,0.5476539718973877,0,0.0,0.7415596054850377,0,0.0,1.0,0,0.0,1.0,1,1.0,0.0091470407685627,0,4.0,0.9230052518458134,0,0.0,1.0
3064.0,6,49.0,1.1395348837209305,7.757407927872329,43,212.0,4.930232558139535,21.0,0.4883720930232558,6,71.0,40.0,6.066588330667798,4.4375,4.4375,16,5,63.0,0.2434724011738582,1,5.0,0.7038734629692718,0,0.0,0.8644515503492678,0,0.0,0.9831136070983918,0,0.0,1.0,0,3.0,0.9284014134546316,0,0.0,1.0,0,0.0,1.0
3072.0,0,0.0,0.0,7.938371644758509,42,198.0,4.714285714285714,0.0,0.0,0,29.0,0.0,7.526768130949872,1.9333333333333331,1.9333333333333331,15,0,22.0,0.7544131969722542,0,3.0,0.6139468437238536,0,0.0,0.9213131251988598,0,0.0,0.0928713260445252,0,0.0,1.0,0,4.0,0.8233215959680911,0,0.0,0.9495113096217156,0,0.0,1.0
3080.0,3,6.0,0.1224489795918367,8.376225695783283,49,207.0,4.224489795918367,9.0,0.1836734693877551,3,14.0,0.0,8.46583552527381,0.5833333333333334,0.5833333333333334,24,2,7.0,0.6517110769119855,0,3.0,0.7559834254590097,0,0.0,0.9115134228345372,0,3.0,0.6582637124321751,0,0.0,0.9696843413538342,0,0.0,1.0,1,1.0,0.3962424872386969,0,0.0,1.0
3088.0,3,12.0,0.24,7.933761262806794,50,146.0,2.92,0.0,0.0,3,23.0,9.0,7.161894247659872,1.0,1.0,23,0,5.0,0.590025647790321,2,8.0,0.6143387408335464,0,0.0,0.9571059220064816,0,3.0,0.3977516880372862,0,0.0,1.0,0,0.0,1.0,1,7.0,0.2817177224941299,0,0.0,1.0
3096.0,6,23.0,0.4339622641509434,8.492006352543463,53,160.0,3.018867924528302,14.0,0.2641509433962264,6,37.0,14.0,6.250319924320839,1.761904761904762,1.761904761904762,21,3,23.0,0.5935474066707482,0,3.0,0.6343396864023306,1,1.0,0.0594986889338799,1,5.0,0.1904893294249919,0,0.0,1.0,0,0.0,1.0,1,5.0,0.4683438237072205,0,0.0,1.0
3104.0,3,6.0,0.1111111111111111,9.245953521193686,54,159.0,2.9444444444444446,0.0,0.0,3,29.0,0.0,9.49965192065625,1.1153846153846154,1.1153846153846154,26,2,18.0,0.7635529880763359,0,6.0,0.7069750225620441,0,0.0,0.6517787573421653,0,1.0,0.6350625182356595,0,0.0,1.0,0,0.0,1.0,1,4.0,0.0,0,0.0,1.0
3112.0,3,17.0,0.3035714285714285,9.059815045513195,56,176.0,3.142857142857143,17.0,0.3035714285714285,3,36.0,7.0,9.621981963029103,1.2,1.2,30,1,23.0,0.7421622185879446,1,6.0,0.7205168531857868,1,7.0,0.4361385742868288,0,0.0,1.0,0,0.0,1.0,0,0.0,1.0,0,0.0,0.9576344207557485,0,0.0,1.0
3120.0,4,1.0,0.0163934426229508,8.647982295376421,61,177.0,2.901639344262295,1.0,0.0163934426229508,2,27.0,0.0,8.875387415184658,0.84375,0.84375,32,1,16.0,0.6463469327720919,1,7.0,0.7190829513916347,0,4.0,0.3931530921652542,0,0.0,0.8490967930974771,0,0.0,1.0,0,0.0,0.9490469451084218,0,0.0,1.0,0,0.0,1.0
3128.0,7,29.0,0.4754098360655737,8.70657834042407,61,211.0,3.459016393442623,34.0,0.5573770491803278,7,51.0,24.0,7.651744313881322,1.7586206896551724,1.7586206896551724,29,4,36.0,0.587132912372724,0,6.0,0.6973917790214428,0,0.0,0.955867969105088,2,6.0,0.3137428630152507,0,0.0,1.0,1,3.0,0.0010422283357961,0,0.0,1.0,0,0.0,1.0
3136.0,6,60.0,1.0344827586206895,8.472013360929939,58,249.0,4.293103448275862,38.0,0.6551724137931034,6,85.0,34.0,7.519335124367539,3.269230769230769,3.269230769230769,26,3,53.0,0.6844955451445918,2,15.0,1.4243438783993791e-05,0,0.0,0.4985790393673753,0,6.0,0.3292241347409388,0,0.0,0.6941658332192684,1,11.0,0.0,0,0.0,0.5105860276936149,0,0.0,1.0
3144.0,2,3.0,0.0526315789473684,8.64791833575043,57,245.0,4.298245614035087,0.0,0.0,2,41.0,0.0,8.760660572336384,1.8636363636363635,1.8636363636363635,22,2,38.0,0.6390116512064297,0,0.0,1.0,0,0.0,0.9428713494378256,0,0.0,0.6356365295664169,0,0.0,0.2872939233484716,0,3.0,0.9178390908550876,0,0.0,1.0,0,0.0,1.0
3152.0,4,10.0,0.196078431372549,9.099460671986964,51,231.0,4.529411764705882,0.0,0.0,2,44.0,3.0,9.476438004572184,2.2,2.2,20,2,41.0,0.7011340355863639,0,0.0,0.9791017436843776,0,0.0,0.8582788711565054,0,0.0,1.0,0,0.0,1.0,0,3.0,0.3684983333606904,0,0.0,1.0,0,0.0,1.0
3160.0,3,25.0,0.4545454545454545,9.445908575997578,55,237.0,4.3090909090909095,6.0,0.109090909090909,2,50.0,6.0,9.75532327989936,2.1739130434782608,2.1739130434782608,23,2,47.0,0.7553382575287741,0,0.0,0.9211728773857958,0,0.0,0.8925894059674502,0,0.0,1.0,0,0.0,0.4673440989161208,0,3.0,0.8435699474214253,0,0.0,0.903840984664307,0,0.0,1.0
3184.0,6,28.0,0.4666666666666667,8.033634186430904,60,220.0,3.6666666666666665,1.0,0.0166666666666666,6,35.0,2.0,6.351286588626827,1.206896551724138,1.206896551724138,29,1,4.0,0.6293284038275005,1,0.0,0.3525905861161075,2,19.0,0.3089399254362359,1,1.0,0.0090932114173409,0,0.0,1.0,1,11.0,0.1479741560534727,0,0.0,0.5837861848380406,0,0.0,1.0
3192.0,2,7.0,0.1228070175438596,9.115570723557404,57,211.0,3.701754385964912,0.0,0.0,2,10.0,0.0,8.45634062801723,0.4,0.4,25,1,2.0,0.5906367301842368,0,0.0,0.9407807554925828,0,0.0,0.932373432454082,0,0.0,0.9541557774553968,0,0.0,1.0,0,3.0,0.3963277711972722,1,5.0,0.0,0,0.0,0.9526078837875512
3200.0,2,1.0,0.0185185185185185,8.880575012895115,54,197.0,3.648148148148149,0.0,0.0,2,8.0,0.0,7.821276809655524,0.32,0.32,25,2,4.0,0.5432248790744427,0,0.0,1.0,0,0.0,1.0,0,0.0,0.9769922371073289,0,0.0,1.0,0,0.0,1.0,0,4.0,0.8534390468853091,0,0.0,0.0776571394714342
3208.0,3,12.0,0.24,8.973874453028621,50,168.0,3.36,0.0,0.0,3,23.0,15.0,7.699461341201392,0.9583333333333334,0.9583333333333334,24,0,7.0,0.6563450041645751,0,0.0,1.0,0,0.0,0.9327169878330456,1,5.0,0.0,0,0.0,1.0,0,0.0,1.0,2,11.0,0.0003168434718066,0,0.0,1.0
3216.0,4,12.0,0.2608695652173913,8.506622828704286,46,162.0,3.5217391304347827,0.0,0.0,4,22.0,0.0,7.268427502588966,0.9166666666666666,0.9166666666666666,24,4,19.0,0.5225676934633362,0,0.0,1.0,0,0.0,0.1244431570338077,0,0.0,1.0,0,0.0,1.0,0,0.0,1.0,0,3.0,0.98458540877802,0,0.0,1.0
3224.0,4,9.0,0.1836734693877551,7.987596300017127,49,187.0,3.816326530612245,25.0,0.5102040816326531,4,39.0,17.0,6.582821401922869,1.5,1.5,26,4,36.0,0.4416781753832902,0,0.0,1.0,0,0.0,1.0,0,0.0,1.0,0,0.0,1.0,0,3.0,0.9526965166151607,0,0.0,1.0,0,0.0,0.8704364003717334
3232.0,2,4.0,0.0833333333333333,7.800519286408414,48,195.0,4.0625,8.0,0.1666666666666666,2,30.0,0.0,6.939854019230475,1.1538461538461535,1.1538461538461535,26,1,28.0,0.4854290650188504,0,0.0,1.0,0,0.0,0.9301270700407032,0,0.0,1.0,0,0.0,0.9533211610196176,1,2.0,0.0001745765140677,0,0.0,1.0,0,0.0,0.9424545660118048
3248.0,2,12.0,0.2666666666666666,9.106522306692789,45,141.0,3.1333333333333333,0.0,0.0,2,18.0,0.0,8.7008595878881,0.8181818181818182,0.8181818181818182,22,2,18.0,0.5662647502421432,0,0.0,1.0,0,0.0,0.9954196509171146,0,0.0,1.0,0,0.0,1.0,0,0.0,1.0,0,0.0,0.986794440688488,0,0.0,1.0
3256.0,7,40.0,0.9302325581395348,8.493916678749251,43,107.0,2.488372093023256,0.0,0.0,7,43.0,25.0,7.175541406358668,1.5925925925925926,1.5925925925925926,27,3,35.0,0.5640818040028274,1,0.0,0.4003425678310453,2,7.0,0.0006929598663447,0,0.0,0.8995343928998718,0,0.0,1.0,0,0.0,1.0,1,1.0,0.4787571239450581,0,0.0,1.0
3264.0,6,62.0,1.5121951219512195,8.556439245310097,41,132.0,3.2195121951219514,25.0,0.6097560975609756,5,63.0,20.0,7.291493166270704,2.739130434782609,2.739130434782609,23,3,59.0,0.4759506098755858,0,0.0,0.930180627050086,0,0.0,1.0,1,2.0,0.4327479273548245,0,0.0,1.0,0,0.0,1.0,1,2.0,2.5389722515524925e-05,0,0.0,1.0
3272.0,8,88.0,2.0,7.245938194938291,44,184.0,4.181818181818182,52.0,1.181818181818182,7,99.0,36.0,5.004877499554754,4.95,4.95,20,7,96.0,0.3003155732267776,0,0.0,1.0,0,0.0,0.9232284636331668,0,0.0,0.3773244821874955,0,0.0,1.0,0,0.0,1.0,0,3.0,0.570789044331002,0,0.0,1.0
3280.0,4,105.0,2.333333333333333,8.778816061490119,45,206.0,4.5777777777777775,22.0,0.4888888888888889,4,111.0,12.0,7.496711416847573,5.55,5.55,20,4,108.0,0.4711290309734993,0,0.0,1.0,0,0.0,0.9007816650074392,0,0.0,0.8293206848789166,0,0.0,1.0,0,3.0,0.94252670670316,0,0.0,1.0,0,0.0,1.0
3288.0,6,59.0,1.4047619047619049,7.62944585245656,42,211.0,5.023809523809524,5.0,0.119047619047619,6,98.0,0.0,5.49091104475278,4.9,4.9,20,6,98.0,0.3987327849106137,0,0.0,1.0,0,0.0,0.8845205286156999,0,0.0,0.4990564342591484,0,0.0,1.0,0,0.0,1.0,0,0.0,0.3027661525452309,0,0.0,1.0
3296.0,6,79.0,1.975,7.805020582673157,40,245.0,6.125,34.0,0.85,6,136.0,38.0,5.365553699259262,7.555555555555555,7.555555555555555,18,6,136.0,0.2550155382307101,0,0.0,1.0,0,0.0,0.8324985111818002,0,0.0,0.7152666156774482,0,0.0,1.0,0,0.0,1.0,0,0.0,0.9760633654985384,0,0.0,1.0
3304.0,8,123.0,3.075,7.652335461715589,40,291.0,7.275,46.0,1.15,7,162.0,26.0,6.165736079226312,9.0,9.0,18,5,156.0,0.3226238166121523,0,0.0,0.8480222431840059,0,0.0,0.926716446372333,1,2.0,0.4790893467205565,0,0.0,1.0,0,0.0,1.0,1,4.0,0.0001255656154397,0,0.0,1.0
3312.0,3,6.0,0.1428571428571428,8.363918144632404,42,288.0,6.857142857142857,0.0,0.0,3,27.0,0.0,8.006042954547542,1.5,1.5,18,3,21.0,0.4089888559720054,0,6.0,0.794292176858331,0,0.0,0.8167624053734639,0,0.0,1.0,0,0.0,1.0,0,0.0,1.0,0,0.0,1.0,0,0.0,1.0
3320.0,5,34.0,0.8717948717948718,8.774718191496072,39,290.0,7.435897435897436,2.0,0.0512820512820512,5,48.0,21.0,8.934154937594274,1.8461538461538465,1.8461538461538465,26,3,30.0,0.445840231434861,0,14.0,0.8945226887352684,2,4.0,0.6356066882147924,0,0.0,0.9289582570214748,0,0.0,0.8917740788985336,0,0.0,0.9729318932356306,0,0.0,1.0,0,0.0,1.0
3328.0,3,7.0,0.1590909090909091,7.569547967083944,44,317.0,7.204545454545454,27.0,0.6136363636363636,3,48.0,0.0,6.938476818684355,1.6,1.6,30,1,21.0,0.5989597274738134,2,24.0,0.4031144766134672,0,0.0,0.9195046116612438,0,0.0,0.4002493619420296,0,0.0,1.0,0,3.0,0.724314547354863,0,0.0,1.0,0,0.0,1.0
3336.0,4,14.0,0.3111111111111111,8.655804741547147,45,347.0,7.711111111111111,30.0,0.6666666666666666,4,32.0,0.0,8.108853848393563,1.103448275862069,1.103448275862069,29,3,10.0,0.6206177232572269,0,11.0,0.7542857537068232,0,4.0,0.8282653312181,1,7.0,0.3202025508294637,0,0.0,1.0,0,0.0,0.716222866721711,0,0.0,1.0,0,0.0,1.0
3344.0,5,31.0,0.6326530612244898,8.574575014612124,49,374.0,7.63265306122449,27.0,0.5510204081632653,5,51.0,19.0,7.535906880290986,1.6451612903225807,1.6451612903225807,31,1,3.0,0.7442626753933694,2,24.0,0.4888437861499721,1,9.0,0.6143396093509065,1,15.0,0.0,0,0.0,1.0,0,0.0,1.0,0,0.0,0.7730054378581454,0,0.0,1.0
3352.0,4,18.0,0.4,8.566420392404527,45,313.0,6.955555555555556,0.0,0.0,4,30.0,0.0,8.040280007200531,1.1111111111111112,1.1111111111111112,27,1,3.0,0.7049537318948654,0,0.0,0.9208481350501562,2,23.0,0.6780570602466856,0,0.0,1.0,0,0.0,1.0,0,3.0,0.9942310008224609,1,1.0,0.1401672257628317,0,0.0,1.0
3360.0,3,23.0,0.5111111111111111,8.52480561557066,45,307.0,6.822222222222222,0.0,0.0,3,37.0,7.0,7.345057402965692,1.3703703703703705,1.3703703703703705,27,2,12.0,0.6576112512217044,0,2.0,0.7981677672599149,1,19.0,0.6496299427841957,0,0.0,0.8793439854746561,0,0.0,1.0,0,0.0,1.0,0,4.0,0.1766765677786003,0,0.0,1.0
3368.0,8,70.0,1.7073170731707317,6.640604447248103,41,264.0,6.439024390243903,0.0,0.0,7,83.0,46.0,5.837363790513949,3.074074074074074,3.074074074074074,27,3,35.0,0.4492088232590107,2,14.0,0.6186810920664392,2,34.0,0.5186329270093875,0,0.0,0.0585098012035114,0,0.0,1.0,0,0.0,1.0,0,0.0,0.8614082564749981,0,0.0,1.0
3376.0,6,94.0,2.136363636363636,7.443257447476071,44,328.0,7.454545454545454,64.0,1.4545454545454546,6,118.0,35.0,6.199456426404537,4.538461538461538,4.538461538461538,26,4,67.0,0.3955014247465047,0,10.0,0.690032035680634,1,38.0,0.7596311225971198,0,0.0,1.0,0,0.0,0.4851529405928331,0,0.0,1.0,1,3.0,0.0001933922426563,0,0.0,1.0
3384.0,3,8.0,0.1860465116279069,8.404522686339773,43,350.0,8.13953488372093,22.0,0.5116279069767442,3,49.0,0.0,8.153429877786257,1.75,1.75,28,1,10.0,0.6142158682781103,1,25.0,0.8101511481456456,1,14.0,0.6489504756824099,0,0.0,1.0,0,0.0,1.0,0,0.0,0.9956734318809122,0,0.0,1.0,0,0.0,1.0
3392.0,2,11.0,0.25,9.285545986699098,44,368.0,8.363636363636363,18.0,0.4090909090909091,2,52.0,3.0,9.023774898175546,1.6774193548387095,1.6774193548387095,31,1,18.0,0.6813238939707945,1,19.0,0.7925569619439881,0,15.0,0.8922466856116567,0,0.0,1.0,0,0.0,1.0,0,0.0,1.0,0,0.0,0.9552099572972196,0,0.0,1.0
3400.0,5,28.0,0.6363636363636364,9.075735836085776,44,341.0,7.75,0.0,0.0,4,67.0,15.0,8.364900437522781,2.161290322580645,2.161290322580645,31,2,29.0,0.7211637966652146,1,20.0,0.7708004817624017,0,15.0,0.8451566707803313,0,0.0,1.0,0,0.0,1.0,0,0.0,1.0,1,3.0,2.328172742152833e-05,0,0.0,1.0
3408.0,3,31.0,0.6888888888888889,9.463915937664622,45,305.0,6.777777777777778,0.0,0.0,3,68.0,1.0,9.135528100297067,2.193548387096774,2.193548387096774,31,2,42.0,0.7283678422221319,0,12.0,0.921237368829099,1,14.0,0.7028071390174532,0,0.0,0.7812962458393441,0,0.0,1.0,0,0.0,1.0,0,0.0,1.0,0,0.0,1.0
3416.0,0,0.0,0.0,9.533158817264832,43,255.0,5.930232558139535,0.0,0.0,0,41.0,0.0,9.535895755459462,1.5185185185185186,1.5185185185185186,27,0,15.0,0.7132946538804704,0,12.0,0.9265089694216984,0,10.0,0.8522902501095733,0,4.0,0.9186245785150128,0,0.0,1.0,0,0.0,1.0,0,0.0,1.0,0,0.0,1.0
3424.0,2,12.0,0.2727272727272727,9.186044331480902,44,263.0,5.977272727272728,8.0,0.1818181818181818,2,54.0,13.0,8.191964097102902,2.076923076923077,2.076923076923077,26,1,27.0,0.6269798812304506,1,17.0,0.8298074271617133,0,10.0,0.8573265483589708,0,0.0,1.0,0,0.0,1.0,0,0.0,1.0,0,0.0,1.0,0,0.0,1.0
3432.0,6,37.0,0.8604651162790697,8.25193788884117,43,171.0,3.976744186046512,0.0,0.0,6,76.0,22.0,7.548581480294918,2.533333333333333,2.533333333333333,30,3,42.0,0.5845547592423247,1,14.0,0.7860967733436602,2,20.0,0.6322938152273371,0,0.0,0.8794554020639547,0,0.0,1.0,0,0.0,1.0,0,0.0,1.0,0,0.0,1.0
3440.0,4,6.0,0.1276595744680851,7.327108988888965,47,197.0,4.191489361702128,26.0,0.5531914893617021,4,42.0,0.0,6.541573033989972,1.5,1.5,28,3,14.0,0.164970951329608,0,13.0,0.8540297415251932,1,15.0,0.707924917544954,0,0.0,0.930457285736057,0,0.0,1.0,0,0.0,0.8518676370405898,0,0.0,1.0,0,0.0,1.0
3448.0,7,49.0,1.0208333333333333,8.679995611991451,48,229.0,4.770833333333333,32.0,0.6666666666666666,7,98.0,56.0,7.750119656039226,2.8,2.8,35,5,51.0,0.4072010974659142,0,19.0,0.9025219627639348,1,19.0,0.7741222638749,1,5.0,0.4480231102476636,0,0.0,1.0,0,0.0,0.9213176017076838,0,4.0,0.9222262613102056,0,0.0,1.0
3464.0,5,26.0,0.5416666666666666,7.61368255523377,48,259.0,5.395833333333333,42.0,0.875,5,93.0,9.0,5.661928402577246,3.4444444444444446,3.4444444444444446,27,5,74.0,0.2776812262086999,0,12.0,0.9189423963873904,0,7.0,0.446818505467993,0,0.0,0.962822536367991,0,0.0,1.0,0,0.0,1.0,0,0.0,1.0,0,0.0,1.0
3472.0,8,47.0,0.9591836734693876,7.210158337149786,49,280.0,5.714285714285714,21.0,0.4285714285714285,7,93.0,0.0,5.171616023391279,3.4444444444444446,3.4444444444444446,27,3,64.0,0.377264147882704,0,12.0,0.8200869977479858,4,17.0,0.288913988194802,0,0.0,0.0704124784584663,0,0.0,1.0,0,0.0,1.0,0,0.0,1.0,0,0.0,1.0
3480.0,7,59.0,1.3111111111111111,7.031421820659519,45,313.0,6.955555555555556,33.0,0.7333333333333333,7,133.0,40.0,5.779083937493356,5.32,5.32,25,6,85.0,0.3396833746419886,1,20.0,0.7392441839937578,0,28.0,0.4976705801236546,0,0.0,1.0,0,0.0,1.0,0,0.0,1.0,0,0.0,1.0,0,0.0,1.0
3488.0,7,74.0,1.4509803921568627,7.081647818618073,51,346.0,6.784313725490196,33.0,0.6470588235294118,6,116.0,0.0,6.397922253836201,4.142857142857143,4.142857142857143,28,6,83.0,0.4081337798074881,0,9.0,0.7281237921742347,0,19.0,0.3897003906903428,0,5.0,0.9512872154658424,0,0.0,1.0,0,0.0,0.983396129866638,0,0.0,1.0,0,0.0,1.0
3496.0,1,0.0,0.0,9.375110656069827,53,342.0,6.452830188679245,0.0,0.0,1,39.0,0.0,9.533026481947385,1.56,1.56,25,1,7.0,0.7709286831456001,0,19.0,0.7660594927612319,0,3.0,0.9748642568972576,0,7.0,0.850695178283535,0,0.0,1.0,0,3.0,0.9209895217684172,0,0.0,1.0,0,0.0,1.0
3504.0,5,24.0,0.5,8.703839902932065,48,298.0,6.208333333333333,0.0,0.0,5,50.0,11.0,7.420711876876507,2.380952380952381,2.380952380952381,21,1,11.0,0.6292719964560375,3,33.0,0.6146990863769867,1,6.0,0.6439490263354237,0,0.0,0.8845989252998032,0,0.0,1.0,0,0.0,1.0,0,0.0,1.0,0,0.0,1.0
3512.0,2,3.0,0.0697674418604651,8.815697449235062,43,251.0,5.837209302325581,0.0,0.0,2,42.0,0.0,7.719483281504817,2.4705882352941178,2.4705882352941178,17,1,8.0,0.7061279147744429,1,32.0,0.6173128314525634,0,0.0,0.1653449371631677,0,2.0,0.9382878956328078,0,0.0,1.0,0,0.0,1.0,0,0.0,1.0,0,0.0,1.0
3520.0,3,11.0,0.25,9.116596364255166,44,247.0,5.613636363636363,0.0,0.0,3,52.0,10.0,7.415089937778158,3.25,3.25,16,1,7.0,0.6565985919926164,2,42.0,0.6865241564468104,0,3.0,0.9804142487048368,0,0.0,1.0,0,0.0,1.0,0,0.0,0.8560896167032231,0,0.0,1.0,0,0.0,1.0
3528.0,2,3.0,0.075,8.642301212703327,40,218.0,5.45,0.0,0.0,2,37.0,0.0,6.732125854901245,2.176470588235294,2.176470588235294,17,0,7.0,0.5136032915224368,1,23.0,0.6852100789239737,0,3.0,0.9304352872399232,0,0.0,1.0,0,0.0,1.0,1,2.0,8.780506904009713e-05,0,2.0,0.964767910576658,0,0.0,1.0
3536.0,6,24.0,0.6153846153846154,8.777897547368267,39,232.0,5.948717948717949,14.0,0.358974358974359,5,49.0,12.0,7.949272087461523,2.7222222222222223,2.7222222222222223,18,0,4.0,0.9577614332349892,4,27.0,0.375874114469831,0,3.0,0.9445236031451316,0,1.0,0.922675957919975,0,1.0,0.997397535003576,1,10.0,0.0,0,3.0,0.9390441719388594,0,0.0,1.0
3544.0,5,24.0,0.631578947368421,7.536153231556015,38,228.0,6.0,0.0,0.0,5,38.0,0.0,3.931968189873316,2.923076923076923,2.923076923076923,13,0,0.0,0.0234028539462636,0,10.0,0.789557053281629,1,4.0,0.65403855882797,2,4.0,0.0031313387580976,0,0.0,0.4863356354164356,1,18.0,0.0,1,2.0,0.0012207324884653,0,0.0,1.0
3552.0,5,53.0,1.4722222222222223,7.832986219044061,36,222.0,6.166666666666667,0.0,0.0,5,71.0,33.0,6.180399938609176,5.461538461538462,5.461538461538462,13,1,11.0,0.6387445155035273,0,10.0,0.917796136765988,0,3.0,0.934117442126944,2,20.0,0.0,0,0.0,0.9674965096530308,2,27.0,0.0010664326924596,0,0.0,1.0,0,0.0,1.0
3560.0,1,15.0,0.5172413793103449,7.573493318423205,29,185.0,6.379310344827586,0.0,0.0,1,35.0,0.0,7.339039633036057,3.1818181818181817,3.1818181818181817,11,1,19.0,0.4654896240128058,0,10.0,0.9668634568344034,0,3.0,0.8975714645027586,0,0.0,1.0,0,0.0,0.5171063706128394,0,3.0,0.6120862839396701,0,0.0,1.0,0,0.0,1.0
3568.0,3,12.0,0.375,7.521916512851632,32,200.0,6.25,15.0,0.46875,3,25.0,0.0,6.751715218493684,2.5,2.5,10,3,16.0,0.3533780140340066,0,3.0,0.9631659097284184,0,3.0,0.9224941718302408,0,0.0,0.9482815405924004,0,0.0,1.0,0,0.0,1.0,0,3.0,0.9949473391135576,0,0.0,1.0
3576.0,1,0.0,0.0,7.56371373965333,32,193.0,6.03125,0.0,0.0,0,9.0,0.0,7.862070971903987,0.8181818181818182,0.8181818181818182,11,0,0.0,0.5818076991268838,0,6.0,0.741884831356187,0,3.0,0.9309917028360952,0,0.0,0.7864978400186494,0,0.0,1.0,0,0.0,0.9704068890287036,0,0.0,0.3477755405662909,0,0.0,1.0
3584.0,2,7.0,0.2,7.98221325685481,35,196.0,5.6,3.0,0.0857142857142857,2,16.0,7.0,7.573048304703151,1.2307692307692308,1.2307692307692308,13,0,0.0,0.6591365651758764,0,6.0,0.9234351729345874,0,3.0,0.891294407536346,1,4.0,0.4725661701988706,0,0.0,1.0,1,3.0,0.0002166457204583,0,0.0,1.0,0,0.0,1.0
3592.0,3,15.0,0.46875,8.50838836876397,32,152.0,4.75,0.0,0.0,3,21.0,5.0,7.692506556816193,1.4,1.4,15,0,0.0,0.9175534947629852,1,7.0,0.4187699090521288,0,0.0,0.8685490779520995,1,3.0,0.0012127253693861,0,0.0,0.6528884402882063,1,11.0,0.5323099880766367,0,0.0,0.9542957056466456,0,0.0,1.0
3600.0,2,12.0,0.3870967741935484,8.108458231749939,31,164.0,5.290322580645161,12.0,0.3870967741935484,2,17.0,0.0,6.874107057317089,1.2142857142857142,1.2142857142857142,14,1,3.0,0.7244461058695455,1,12.0,0.0,0,0.0,0.5192871013924919,0,0.0,1.0,0,0.0,1.0,0,0.0,0.6485231002366646,0,0.0,0.0306422137606661,0,2.0,0.9648644296551658
