step,system_total_stopped,system_total_waiting_time,system_mean_waiting_time,system_mean_speed,system_cars_present,system_accumulated_waiting_time (100),system_accumulated_mean_waiting_time (100),system_accumulated_waiting_time (delta),system_accumulated_mean_waiting_time (delta),agents_total_stopped,agents_total_accumulated_waiting_time (100),agents_total_accumulated_waiting_time (delta),agents_mean_speed,agents_mean_waiting_time (100),agents_mean_waiting_time (delta),agents_cars_present,Col8_1_stopped,Col8_1_accumulated_waiting_time,Col8_1_average_speed,Col8_2_stopped,Col8_2_accumulated_waiting_time,Col8_2_average_speed,Col8_3_stopped,Col8_3_accumulated_waiting_time,Col8_3_average_speed,Col8_4_stopped,Col8_4_accumulated_waiting_time,Col8_4_average_speed,Col8_5_stopped,Col8_5_accumulated_waiting_time,Col8_5_average_speed,Col8_6_stopped,Col8_6_accumulated_waiting_time,Col8_6_average_speed,Col8_7_stopped,Col8_7_accumulated_waiting_time,Col8_7_average_speed,Col8_8_stopped,Col8_8_accumulated_waiting_time,Col8_8_average_speed
8.0,1,1.0,0.1428571428571428,6.935427637650408,7,1.0,0.1428571428571428,1.0,0.1428571428571428,0,0.0,0.0,9.58373626219538,0.0,0.0,4,0,0.0,1.0,0,0.0,0.9747362870124042,0,0.0,0.5613217849164936,0,0.0,0.9730829268395702,0,0.0,1.0,0,0.0,1.0,0,0.0,1.0,0,0.0,1.0
16.0,0,0.0,0.0,9.954137195248157,14,1.0,0.0714285714285714,0.0,0.0,0,1.0,1.0,10.847680017514897,0.125,0.125,8,0,0.0,0.6780441472279208,0,0.0,0.8062056269030679,0,0.0,0.6975508425041043,0,1.0,0.960403044182212,0,0.0,1.0,0,0.0,1.0,0,0.0,1.0,0,0.0,1.0
24.0,0,0.0,0.0,9.565621066882589,20,1.0,0.05,0.0,0.0,0,0.0,0.0,9.90886674301814,0.0,0.0,13,0,0.0,0.5829723183660007,0,0.0,0.5666594439076266,0,0.0,0.7262880127585689,0,0.0,0.9532817613399316,0,0.0,1.0,0,0.0,1.0,0,0.0,1.0,0,0.0,1.0
32.0,3,11.0,0.44,7.929712718770889,25,12.0,0.48,11.0,0.44,3,11.0,11.0,7.613329232291438,0.6111111111111112,0.6111111111111112,18,1,2.0,0.5173972221224611,0,0.0,0.5559529433403697,2,9.0,0.5658333016080581,0,0.0,1.0,0,0.0,1.0,0,0.0,1.0,0,0.0,0.8976478809477064,0,0.0,1.0
40.0,3,6.0,0.1764705882352941,8.009436208411657,34,34.0,1.0,22.0,0.6470588235294118,3,12.0,1.0,7.902412897338462,0.5,0.5,24,0,0.0,0.9531274525935136,2,4.0,0.6433691454072205,0,6.0,0.5462811675492045,0,0.0,1.0,0,0.0,1.0,0,0.0,1.0,1,2.0,0.0001201337203244,0,0.0,1.0
48.0,5,17.0,0.4358974358974359,8.116010661533455,39,52.0,1.3333333333333333,18.0,0.4615384615384615,5,17.0,5.0,6.856837027241808,0.7083333333333334,0.7083333333333334,24,2,4.0,0.3260112879240965,2,3.0,0.6413799453048047,0,0.0,0.6102066565675679,0,0.0,1.0,0,0.0,1.0,0,0.0,1.0,1,10.0,0.0,0,0.0,1.0
56.0,10,68.0,1.5813953488372092,6.650789413475826,43,98.0,2.2790697674418605,46.0,1.069767441860465,9,71.0,54.0,4.926427057856593,2.4482758620689653,2.4482758620689653,29,2,20.0,0.3065645000758345,6,30.0,0.3472098918929194,0,3.0,0.6990056849304721,0,0.0,0.946421237543218,0,0.0,1.0,0,0.0,1.0,1,18.0,0.0,0,0.0,1.0
64.0,15,153.0,3.3260869565217392,5.772735887311848,46,193.0,4.195652173913044,95.0,2.065217391304348,15,161.0,90.0,4.785265570708448,4.472222222222222,4.472222222222222,36,2,36.0,0.2113019158182378,10,108.0,0.3468971112810297,3,17.0,0.3158351557852828,0,0.0,0.8617210085049652,0,0.0,1.0,0,0.0,0.8609503397886371,0,0.0,1.0,0,0.0,1.0
72.0,21,241.0,5.020833333333333,3.909678469619689,48,348.0,7.25,155.0,3.2291666666666665,21,284.0,123.0,1.9067744555069144,8.606060606060606,8.606060606060606,33,3,57.0,0.2139012571740044,10,164.0,0.2315729545758932,5,53.0,0.1422118147207368,3,10.0,0.0426205796755092,0,0.0,1.0,0,0.0,0.3548293890341892,0,0.0,1.0,0,0.0,1.0
80.0,10,111.0,2.176470588235294,6.093122565822376,51,480.0,9.411764705882351,132.0,2.588235294117647,10,250.0,0.0,4.2519018704805145,8.064516129032258,8.064516129032258,31,4,88.0,0.1477927083356872,4,107.0,0.4053235089432765,0,42.0,0.4325367166040809,0,4.0,0.4467501970594647,0,0.0,1.0,2,9.0,0.3269183787357178,0,0.0,1.0,0,0.0,1.0
88.0,12,193.0,3.938775510204082,7.354988174175896,49,528.0,10.775510204081632,48.0,0.979591836734694,11,252.0,2.0,5.70891744553466,9.0,9.0,28,4,131.0,0.5518919067795106,5,93.0,0.4541963262046353,0,3.0,0.7541979777011908,0,0.0,1.0,0,0.0,1.0,2,25.0,5.81031236583313e-06,0,0.0,1.0,0,0.0,1.0
96.0,7,195.0,4.148936170212766,7.494564113172886,47,584.0,12.425531914893616,56.0,1.1914893617021276,7,273.0,21.0,6.290742036648294,9.413793103448276,9.413793103448276,29,4,166.0,0.4809577499143668,1,63.0,0.5920629404227575,0,3.0,0.9291891846178192,0,0.0,0.9050302426707234,0,0.0,1.0,2,41.0,0.0,0,0.0,1.0,0,0.0,1.0
104.0,7,67.0,1.3673469387755102,6.889646913933116,49,622.0,12.693877551020408,38.0,0.7755102040816326,5,201.0,0.0,5.544759941341412,8.375,8.375,24,0,71.0,0.3470066752221355,3,67.0,0.581724521739315,0,3.0,0.9373333276919182,0,3.0,0.9208702994861908,0,0.0,1.0,2,57.0,0.0,0,0.0,1.0,0,0.0,1.0
112.0,3,7.0,0.14,8.286790826795759,50,660.0,13.2,38.0,0.76,3,43.0,0.0,6.705380603777049,2.263157894736842,2.263157894736842,19,1,17.0,0.4037347485761887,1,19.0,0.7699802301132772,0,3.0,0.8940121332977656,1,4.0,0.456852440593432,0,0.0,1.0,0,0.0,1.0,0,0.0,0.9273857927895088,0,0.0,1.0
120.0,2,17.0,0.34,9.054016341528367,50,661.0,13.22,1.0,0.02,2,53.0,10.0,7.907958015820987,2.3043478260869565,2.3043478260869565,23,0,4.0,0.6761374173521829,1,24.0,0.7558445629028271,0,3.0,0.0952329270434715,1,12.0,0.4691322698939509,0,0.0,1.0,0,3.0,0.974680918087989,0,7.0,0.9618380108312876,0,0.0,1.0
128.0,5,40.0,0.851063829787234,7.940367820489622,47,480.0,10.212765957446807,0.0,0.0,5,54.0,1.0,5.09584714154663,2.8421052631578947,2.8421052631578947,19,1,9.0,0.4874335368433437,0,4.0,0.6925894536204044,1,9.0,0.2335830043904463,2,28.0,0.2425642669478732,0,0.0,1.0,1,4.0,0.4590491148359638,0,0.0,1.0,0,0.0,1.0
136.0,6,47.0,1.0,9.34424862572672,47,441.0,9.382978723404255,0.0,0.0,6,62.0,8.0,8.05427865130799,2.48,2.48,25,3,26.0,0.5954138575642177,0,4.0,0.8428009760479058,1,17.0,0.6148106389936383,0,0.0,0.914461738858928,0,0.0,0.7698771235370373,2,15.0,0.2849335254608943,0,0.0,1.0,0,0.0,0.9306062602771288
144.0,8,70.0,1.5909090909090908,8.338333824796631,44,419.0,9.522727272727272,0.0,0.0,7,87.0,25.0,7.223958989916931,3.954545454545455,3.954545454545455,22,0,1.0,0.811738825130657,2,18.0,0.5847794272435773,1,28.0,0.713984954682995,1,5.0,0.0,0,0.0,1.0,3,35.0,0.0,0,0.0,1.0,0,0.0,0.9802005620659362
152.0,6,48.0,1.0909090909090908,8.236486432347418,44,437.0,9.931818181818182,18.0,0.4090909090909091,6,73.0,0.0,6.356932715670959,3.3181818181818183,3.3181818181818183,22,0,3.0,0.8750512942611999,2,10.0,0.5428150052057777,3,38.0,0.4028144284798652,1,13.0,0.2993638277459179,0,0.0,0.9907909636246012,0,9.0,0.5670953699495339,0,0.0,1.0,0,0.0,1.0
160.0,11,120.0,3.076923076923077,6.875880615331903,39,477.0,12.23076923076923,40.0,1.0256410256410255,11,159.0,86.0,5.721415402907157,5.678571428571429,5.678571428571429,28,0,7.0,0.9621944336877932,2,26.0,0.5445749619230569,4,70.0,0.2564974578902417,4,35.0,0.000306481624682,0,0.0,1.0,1,14.0,0.2477748960219502,0,7.0,0.9654753707679616,0,0.0,1.0
168.0,3,81.0,2.189189189189189,8.231759917078447,37,518.0,14.0,41.0,1.108108108108108,3,120.0,0.0,6.662994025445231,6.666666666666667,6.666666666666667,18,0,4.0,0.854928676514696,2,39.0,0.4826035811017489,1,68.0,0.4714349657167472,0,7.0,0.3809689752983017,0,0.0,1.0,0,2.0,0.7029385085523621,0,0.0,1.0,0,0.0,1.0
176.0,6,19.0,0.4523809523809524,8.786632881637702,42,550.0,13.095238095238097,32.0,0.7619047619047619,5,50.0,0.0,7.176380003059417,2.5,2.5,20,1,7.0,0.4603169029015931,1,4.0,0.597801931533052,2,28.0,0.4533996417697381,0,0.0,1.0,0,0.0,1.0,1,5.0,0.4461253400709657,0,6.0,0.8829177439802031,0,0.0,1.0
184.0,6,41.0,1.0,7.667350372222475,41,526.0,12.829268292682928,0.0,0.0,5,55.0,5.0,6.3430517626783685,2.75,2.75,20,3,26.0,0.5385767217209975,1,12.0,0.5767086972296308,0,0.0,0.8709686415466307,0,0.0,0.6085699670054545,0,0.0,1.0,1,17.0,0.3423378753412835,0,0.0,1.0,0,0.0,1.0
192.0,7,42.0,1.024390243902439,8.064657364138485,41,495.0,12.073170731707316,0.0,0.0,7,63.0,8.0,5.511353849185202,3.3157894736842106,3.3157894736842106,19,1,8.0,0.5722092782232229,1,2.0,0.3767692098196743,0,7.0,0.91477138499892,1,2.0,8.99687853007802e-05,0,0.0,1.0,4,44.0,4.040200093205023e-05,0,0.0,1.0,0,0.0,1.0
200.0,6,87.0,2.289473684210526,8.764197505186457,38,450.0,11.842105263157896,0.0,0.0,6,94.0,31.0,7.371065065371699,4.947368421052632,4.947368421052632,19,0,0.0,0.9457323649048672,2,18.0,0.4604020966509584,0,0.0,0.8435629172673839,0,0.0,1.0,0,0.0,1.0,4,76.0,0.3146094638450757,0,0.0,0.394049565851553,0,0.0,0.901853010934164
208.0,6,52.0,1.4444444444444444,7.249719426992927,36,332.0,9.22222222222222,0.0,0.0,6,97.0,3.0,5.054574760921666,5.105263157894737,5.105263157894737,19,0,0.0,0.9679837029212488,3,38.0,0.2365241745847868,1,5.0,0.6069573202662156,0,0.0,0.6057771563669504,0,0.0,1.0,1,48.0,0.1634707915570698,1,6.0,0.0,0,0.0,0.8414470186825783
216.0,8,23.0,0.6216216216216216,7.24563219748465,37,234.0,6.324324324324325,0.0,0.0,7,77.0,0.0,5.605046565387204,4.277777777777778,4.277777777777778,18,1,1.0,0.6569768914531201,0,9.0,0.6390900787852314,1,1.0,0.4515323221269184,1,1.0,0.6464394585226101,0,0.0,0.4479872734103789,4,65.0,0.0011223499161334,0,0.0,1.0,0,0.0,1.0
224.0,8,65.0,1.7567567567567568,7.299175920061803,37,253.0,6.837837837837838,19.0,0.5135135135135135,8,125.0,48.0,5.148926394185194,7.8125,7.8125,16,0,0.0,0.9287271485366182,2,19.0,0.5658627284944793,1,3.0,0.0004231632369154,1,3.0,8.779327438205645e-05,0,0.0,1.0,4,100.0,0.1704529097822136,0,0.0,0.141679667549199,0,0.0,1.0
248.0,7,177.0,5.9,6.431229800611001,30,356.0,11.866666666666667,46.0,1.5333333333333334,7,239.0,50.0,2.9286794061795742,19.916666666666668,19.916666666666668,12,0,0.0,0.9635286692676878,3,68.0,0.3093769872285342,0,0.0,1.0,0,0.0,0.8402026799889335,0,0.0,1.0,4,171.0,0.0127063018976019,0,0.0,1.0,0,0.0,1.0
256.0,3,69.0,2.3793103448275863,7.751671054427343,29,355.0,12.241379310344827,0.0,0.0,3,162.0,0.0,5.811258929296263,13.5,13.5,12,0,3.0,0.9330958041996572,2,79.0,0.472570402594773,0,0.0,1.0,1,5.0,0.4349410764092839,0,0.0,1.0,0,75.0,0.2705201499804386,0,0.0,1.0,0,0.0,1.0
264.0,7,103.0,3.121212121212121,7.788477601790503,33,394.0,11.93939393939394,39.0,1.181818181818182,7,197.0,35.0,5.899950284696745,13.133333333333333,13.133333333333333,15,0,3.0,0.9282327862376724,3,101.0,0.3234629498699188,0,0.0,1.0,0,1.0,0.8856054535084257,0,0.0,1.0,4,92.0,0.0013072068291389,0,0.0,0.9713298710842836,0,0.0,1.0
272.0,5,46.0,1.2777777777777777,7.413721012555054,36,370.0,10.27777777777778,0.0,0.0,5,143.0,0.0,5.56676206429226,7.526315789473684,7.526315789473684,19,1,3.0,0.4599478138508384,0,14.0,0.6723662110459814,0,0.0,1.0,0,1.0,0.8611459374263472,0,0.0,1.0,4,125.0,0.1689894441506877,0,0.0,1.0,0,0.0,1.0
280.0,5,17.0,0.4722222222222222,7.558082330170269,36,344.0,9.555555555555555,0.0,0.0,4,73.0,0.0,5.919282217982626,4.294117647058823,4.294117647058823,17,1,7.0,0.7080813716960459,1,7.0,0.5384244901521543,0,0.0,1.0,1,6.0,0.0,0,0.0,0.6314923689343946,1,53.0,0.309442346175854,0,0.0,1.0,0,0.0,1.0
288.0,5,15.0,0.4545454545454545,7.985251593815523,33,267.0,8.090909090909092,0.0,0.0,5,73.0,0.0,5.000117590208403,5.615384615384615,5.615384615384615,13,1,4.0,0.5997405150371758,1,8.0,0.4802460778349571,0,0.0,0.981892232756023,0,0.0,0.8343364246575496,0,0.0,1.0,3,61.0,0.0039383192644704,0,0.0,1.0,0,0.0,1.0
296.0,3,22.0,0.7586206896551724,8.12635365948975,29,169.0,5.827586206896552,0.0,0.0,3,43.0,0.0,6.847040901486171,2.8666666666666667,2.8666666666666667,15,0,3.0,0.8041024681554364,1,16.0,0.0588452909008214,1,2.0,0.6153283001692488,0,0.0,0.5919207696421409,0,0.0,0.6159340068382743,1,22.0,0.219290869781097,0,0.0,0.9129788213815022,0,0.0,1.0
304.0,8,62.0,2.066666666666667,6.343857337912392,30,206.0,6.866666666666666,37.0,1.2333333333333334,8,86.0,43.0,3.3961902344725927,5.733333333333333,5.733333333333333,15,2,12.0,0.2441536835886667,2,32.0,0.2514506333189069,2,14.0,0.0137549373912979,0,0.0,0.9839490123268448,0,0.0,0.4063832893154065,1,20.0,0.0,1,8.0,0.4536404372201546,0,0.0,1.0
312.0,5,50.0,1.9230769230769231,7.549804643161274,26,237.0,9.115384615384617,31.0,1.1923076923076923,5,58.0,0.0,3.847125010840483,6.444444444444445,6.444444444444445,9,4,40.0,0.199193777351178,0,0.0,0.6281353402040579,0,5.0,0.3007728410539733,0,0.0,0.914740026294386,0,0.0,1.0,0,0.0,1.0,1,13.0,0.0,0,0.0,1.0
320.0,6,78.0,2.7857142857142856,7.445420910069359,28,276.0,9.857142857142858,39.0,1.3928571428571428,6,81.0,23.0,3.799266075597368,6.75,6.75,12,4,72.0,0.1546405615759587,1,6.0,0.1341413535279914,0,0.0,0.9734191699883624,1,3.0,0.0008034926405157,0,0.0,1.0,0,0.0,1.0,0,0.0,0.9587617231639384,0,0.0,1.0
328.0,2,29.0,1.0740740740740742,8.901139545257175,27,206.0,7.62962962962963,0.0,0.0,1,37.0,0.0,9.794223757508174,4.625,4.625,8,1,29.0,0.638690250494132,0,0.0,0.9377653892144624,0,0.0,1.0,0,5.0,0.9624247051935856,0,0.0,1.0,0,3.0,0.9520868268175472,0,0.0,1.0,0,0.0,1.0
336.0,4,42.0,1.5555555555555556,7.694088164680831,27,175.0,6.481481481481482,0.0,0.0,4,54.0,17.0,6.509298841989106,3.857142857142857,3.857142857142857,14,2,41.0,0.5552008803134703,1,2.0,0.6002741924795308,0,0.0,1.0,0,8.0,0.834604820455116,0,0.0,1.0,1,3.0,2.952438439486075e-05,0,0.0,1.0,0,0.0,1.0
344.0,1,0.0,0.0,8.227078816268516,28,176.0,6.285714285714286,1.0,0.0357142857142857,0,10.0,0.0,7.516685196768443,1.1111111111111112,1.1111111111111112,9,0,6.0,0.6072102572152019,0,1.0,0.9245646394259642,0,0.0,1.0,0,3.0,0.7615935524498109,0,0.0,1.0,0,0.0,1.0,0,0.0,0.2530658092111092,0,0.0,1.0
352.0,1,2.0,0.064516129032258,9.37289182067115,31,150.0,4.838709677419355,0.0,0.0,1,6.0,0.0,8.656802527514571,0.75,0.75,8,0,3.0,0.7818305412234299,1,3.0,0.6419788437747613,0,0.0,1.0,0,0.0,0.812560264094917,0,0.0,1.0,0,0.0,1.0,0,0.0,1.0,0,0.0,1.0
360.0,4,11.0,0.2894736842105263,7.9814108332354685,38,103.0,2.710526315789474,0.0,0.0,4,12.0,6.0,6.079020423968679,1.0,1.0,12,2,0.0,0.4833719285712031,1,11.0,0.6660137024315503,0,0.0,1.0,1,1.0,0.3423493564974481,0,0.0,1.0,0,0.0,1.0,0,0.0,1.0,0,0.0,1.0
368.0,5,22.0,0.5238095238095238,8.130200280694343,42,127.0,3.023809523809524,24.0,0.5714285714285714,4,27.0,15.0,6.935279501031292,1.5,1.5,18,0,3.0,0.8837037205701433,0,1.0,0.6294392415660561,0,1.0,0.8072191897215055,4,22.0,0.1845298624009627,0,0.0,1.0,0,0.0,1.0,0,0.0,1.0,0,0.0,1.0
376.0,5,7.0,0.1428571428571428,7.837411529621371,49,157.0,3.204081632653061,30.0,0.6122448979591837,4,33.0,6.0,7.541059235125424,1.375,1.375,24,0,3.0,0.9512198415515009,1,3.0,0.7225561787185255,0,0.0,0.7804960090420758,2,27.0,0.2840309327470328,1,0.0,0.0,0,0.0,1.0,0,0.0,1.0,0,0.0,1.0
384.0,5,27.0,0.5192307692307693,7.216962762511001,52,183.0,3.519230769230769,26.0,0.5,5,60.0,27.0,6.332760875287008,2.5,2.5,24,0,0.0,0.7407454829760939,1,11.0,0.6102179440051001,0,0.0,0.8427108435944056,4,45.0,0.0170547057262131,0,0.0,0.1740587361445814,0,0.0,1.0,0,4.0,0.9828139434822052,0,0.0,1.0
392.0,10,84.0,1.5849056603773586,6.94031041359929,53,252.0,4.754716981132075,69.0,1.30188679245283,10,113.0,53.0,5.557995229861513,4.52,4.52,25,2,11.0,0.2974265876776047,1,8.0,0.7395216844344049,0,0.0,0.9406404378111676,6,91.0,2.7641549947792662e-06,1,3.0,0.001338455053747,0,0.0,1.0,0,0.0,0.9096617234445704,0,0.0,1.0
400.0,9,133.0,2.293103448275862,6.708546351801137,58,324.0,5.586206896551724,72.0,1.2413793103448276,9,162.0,49.0,4.409135092549947,6.230769230769231,6.230769230769231,26,0,0.0,0.8103454874183542,2,22.0,0.4217325227011078,0,0.0,0.7584264018812064,6,139.0,0.0,0,0.0,1.0,1,1.0,0.0010835319699048,0,0.0,1.0,0,0.0,1.0
408.0,6,75.0,1.271186440677966,7.246035051622685,59,371.0,6.288135593220339,47.0,0.7966101694915254,6,161.0,0.0,6.787949099360143,6.1923076923076925,6.1923076923076925,26,0,3.0,0.8677637385060695,5,52.0,0.5033383797206936,0,0.0,0.8413224894991289,1,104.0,0.2408576804235887,0,0.0,0.8925549346999847,0,0.0,0.951957080132416,0,2.0,0.974335603151296,0,0.0,1.0
416.0,3,5.0,0.0806451612903225,7.657097133953776,62,385.0,6.209677419354839,14.0,0.2258064516129032,2,33.0,0.0,7.427306911758262,1.375,1.375,24,1,14.0,0.6324860941402839,0,13.0,0.6637519611897151,0,0.0,0.9218327628082148,0,0.0,0.6054844147147531,0,0.0,1.0,1,6.0,0.4836425406088312,0,0.0,0.8265438982939136,0,0.0,1.0
424.0,4,22.0,0.3728813559322034,8.171494088401703,59,362.0,6.135593220338983,0.0,0.0,3,44.0,11.0,8.625295483508577,1.6923076923076923,1.6923076923076923,26,2,29.0,0.5932419779793187,0,0.0,0.9255913262807468,0,6.0,0.9132918606353226,0,0.0,0.8169550518321671,0,0.0,1.0,1,9.0,0.4763977217790036,0,0.0,0.9347122601707114,0,0.0,1.0
432.0,8,52.0,0.8813559322033898,7.232591055810631,59,386.0,6.5423728813559325,24.0,0.4067796610169492,8,82.0,38.0,6.212888440841247,2.9285714285714284,2.9285714285714284,28,5,57.0,0.3872458507319157,0,0.0,0.8881110512839394,0,4.0,0.9394455383064124,1,1.0,0.534239760163978,0,0.0,0.062755832650942,2,20.0,0.3096531582514848,0,0.0,1.0,0,0.0,1.0
440.0,13,123.0,2.0163934426229506,6.158828656949414,61,460.0,7.540983606557377,74.0,1.213114754098361,13,156.0,74.0,4.525091061183728,5.2,5.2,30,7,106.0,0.2769172458060177,0,0.0,0.692911133812763,2,7.0,0.4453802571940879,2,7.0,0.3242766568371951,0,0.0,1.0,2,36.0,0.0,0,0.0,1.0,0,0.0,1.0
448.0,8,83.0,1.2769230769230768,6.6139023954315554,65,544.0,8.36923076923077,84.0,1.2923076923076924,7,137.0,0.0,5.36241189775813,4.28125,4.28125,32,1,30.0,0.3935425287548644,1,14.0,0.7316664108419155,1,21.0,0.4977524094002037,2,20.0,0.1355909046306269,0,0.0,1.0,2,52.0,0.2964653826910985,0,0.0,1.0,0,0.0,1.0
456.0,5,30.0,0.4615384615384615,7.806328940201715,65,584.0,8.984615384615385,40.0,0.6153846153846154,5,58.0,0.0,6.524936055739065,2.1481481481481484,2.1481481481481484,27,0,0.0,0.9634662482345075,3,28.0,0.6630341255737005,2,20.0,0.4834336959910839,0,3.0,0.3195157967553159,0,0.0,1.0,0,7.0,0.7985981462102236,0,0.0,1.0,0,0.0,1.0
464.0,7,63.0,0.9402985074626866,7.485207058238517,67,612.0,9.134328358208956,28.0,0.417910447761194,7,88.0,30.0,5.4301384673923705,2.933333333333333,2.933333333333333,30,0,2.0,0.5062614716364214,5,59.0,0.503236600545328,0,4.0,0.8704068644294564,1,11.0,0.6346770032971648,0,0.0,1.0,1,12.0,0.3237375684432283,0,0.0,1.0,0,0.0,1.0
472.0,16,162.0,2.53125,6.392291926599004,64,583.0,9.109375,0.0,0.0,16,188.0,100.0,5.0603049374424485,4.947368421052632,4.947368421052632,38,1,10.0,0.7626703091435282,8,113.0,0.4035133181378114,0,4.0,0.8719620198538348,2,22.0,0.2521950099561329,0,0.0,1.0,5,39.0,0.2585179541344616,0,0.0,1.0,0,0.0,1.0
480.0,18,198.0,3.142857142857143,5.463959121809026,63,630.0,10.0,47.0,0.746031746031746,15,243.0,55.0,4.0554159126306,6.567567567567568,6.567567567567568,37,0,0.0,0.8838276825558944,10,182.0,0.2751003985551801,0,4.0,0.8945780533193006,0,1.0,0.400174097658481,0,0.0,1.0,5,56.0,0.1240372999177024,0,0.0,1.0,0,0.0,1.0
488.0,18,283.0,4.161764705882353,6.2560348977774805,68,711.0,10.455882352941176,81.0,1.1911764705882353,18,364.0,121.0,3.4493214074431897,10.11111111111111,10.11111111111111,36,0,0.0,0.8297959824873614,14,273.0,0.2027778454977856,0,0.0,0.949006392388142,0,0.0,0.9218145353342798,0,0.0,1.0,4,84.0,0.1314234320155395,0,7.0,0.916318145720455,0,0.0,1.0
496.0,12,90.0,1.2,6.470013869306395,75,808.0,10.773333333333332,97.0,1.2933333333333332,11,277.0,0.0,4.222525489202658,7.914285714285715,7.914285714285715,35,0,3.0,0.854324791620528,7,194.0,0.4228256063599918,0,0.0,0.9472146604592012,0,0.0,0.4300967522784494,0,0.0,1.0,4,80.0,0.1132109951068418,0,0.0,1.0,0,0.0,1.0
504.0,14,149.0,2.0694444444444446,6.661063096230974,72,887.0,12.319444444444445,79.0,1.0972222222222223,14,332.0,55.0,4.727767871600632,8.736842105263158,8.736842105263158,38,0,7.0,0.7391830966141277,14,270.0,0.1900556957268869,0,6.0,0.9112908854150104,0,0.0,0.4202145561409427,0,0.0,1.0,0,46.0,0.573080789898448,0,3.0,0.9831980856584578,0,0.0,1.0
512.0,23,292.0,4.112676056338028,5.864659269649112,71,895.0,12.605633802816902,8.0,0.1126760563380281,23,443.0,111.0,3.229516375291778,11.657894736842104,11.657894736842104,38,2,12.0,0.4648928319298901,17,388.0,0.1777188337331963,0,0.0,0.9919213400242002,3,11.0,0.0003988291577531,0,0.0,1.0,0,19.0,0.8518533021686117,1,13.0,0.4655286327441088,0,0.0,0.977799647693152
520.0,7,111.0,1.5857142857142856,7.420374120148422,70,977.0,13.957142857142856,82.0,1.1714285714285717,7,369.0,0.0,5.512547392595394,10.852941176470589,10.852941176470589,34,1,9.0,0.6500005213596242,6,346.0,0.2877436270871226,0,7.0,0.8821770592778849,0,7.0,0.5383457000798587,0,0.0,1.0,0,0.0,0.9703884320807048,0,0.0,0.6860464863858894,0,0.0,0.9504167421263136
528.0,9,40.0,0.6060606060606061,7.392400601372053,66,935.0,14.166666666666666,0.0,0.0,8,242.0,0.0,5.152957959347519,8.344827586206897,8.344827586206897,29,1,24.0,0.7874039794537614,7,205.0,0.1820817524156873,0,7.0,0.8844801892816626,0,0.0,0.9295160486633688,0,0.0,1.0,0,6.0,0.8418933971583646,0,0.0,1.0,0,0.0,1.0
536.0,13,127.0,2.015873015873016,6.866727118332518,63,926.0,14.698412698412698,0.0,0.0,13,298.0,56.0,5.25682791007745,7.45,7.45,40,1,40.0,0.7413118565768197,11,239.0,0.2209784139571209,0,7.0,0.8789817723429203,0,0.0,0.4907189556765949,0,0.0,1.0,1,12.0,0.4172320717080472,0,0.0,0.6131004760328795,0,0.0,1.0
544.0,13,87.0,1.4262295081967211,6.359502718452662,61,974.0,15.9672131147541,48.0,0.7868852459016393,13,265.0,0.0,4.9680152691064166,6.625,6.625,40,3,65.0,0.5169962607467482,2,143.0,0.4324966977984379,1,11.0,0.6625934086711771,2,10.0,0.2408958504148983,0,0.0,1.0,5,36.0,0.0005289315604727,0,0.0,1.0,0,0.0,1.0
552.0,18,146.0,2.3174603174603177,5.931424979671997,63,1028.0,16.317460317460316,54.0,0.8571428571428571,18,371.0,106.0,5.084872174755547,7.571428571428571,7.571428571428571,49,7,118.0,0.5280332771711544,8,172.0,0.1426604743796503,1,16.0,0.5371670190099582,2,26.0,0.4301583023726675,0,4.0,0.94795359780887,0,35.0,0.3394801319326313,0,0.0,1.0,0,0.0,0.9794891788091752
560.0,10,30.0,0.410958904109589,6.657194301368305,73,1149.0,15.73972602739726,121.0,1.6575342465753424,8,223.0,0.0,6.043110776815948,4.645833333333333,4.645833333333333,48,0,59.0,0.6025929510400488,4,102.0,0.270833262597058,0,7.0,0.8721452513071632,1,5.0,0.3090476283922018,0,0.0,0.2865939533759363,3,47.0,0.195319123657777,0,3.0,0.9000798399443872,0,0.0,0.944802063563358
568.0,8,52.0,0.6753246753246753,8.722136369706256,77,1132.0,14.7012987012987,0.0,0.0,7,114.0,0.0,8.050636596429985,2.7142857142857144,2.7142857142857144,42,1,17.0,0.7731808285333269,4,40.0,0.4391501010249147,0,7.0,0.8138856506554653,1,12.0,0.4849116343711336,0,0.0,1.0,0,31.0,0.3859645114295266,1,7.0,0.0,0,0.0,1.0
576.0,7,31.0,0.4305555555555556,8.004127473387733,72,955.0,13.26388888888889,0.0,0.0,7,129.0,15.0,6.394428082189593,3.071428571428572,3.071428571428572,42,0,18.0,0.6475137928288617,2,43.0,0.365727483657211,0,7.0,0.8340609067856867,1,3.0,0.0,0,0.0,1.0,3,40.0,0.1529617120995426,1,18.0,0.3468122074912718,0,0.0,1.0
584.0,17,111.0,1.6567164179104477,5.583155134037224,67,766.0,11.432835820895525,0.0,0.0,17,215.0,86.0,3.009770191399447,5.243902439024391,5.243902439024391,41,6,38.0,0.1662048523311926,3,48.0,0.3144394014521517,0,12.0,0.7299850475728327,0,3.0,0.929514183871116,0,0.0,1.0,6,83.0,9.293220107095502e-05,2,31.0,0.177100893271216,0,0.0,1.0
592.0,16,144.0,2.25,7.194233284960438,64,870.0,13.59375,104.0,1.625,16,253.0,38.0,5.02675038090394,7.228571428571429,7.228571428571429,35,12,122.0,0.3208579276426407,2,64.0,0.5859674742314445,0,9.0,0.8257053731863874,0,0.0,0.6704153337256947,0,0.0,1.0,1,57.0,0.2737585238118893,1,1.0,0.0047253285699061,0,0.0,1.0
600.0,12,62.0,1.1071428571428572,5.393593546682903,56,879.0,15.696428571428571,9.0,0.1607142857142857,12,216.0,0.0,2.6061649520860235,6.967741935483871,6.967741935483871,31,5,124.0,0.1503656060839129,2,9.0,0.1725066564754813,0,2.0,0.970236462260258,1,2.0,0.28605133066342,0,0.0,1.0,4,75.0,0.075314666179797,0,4.0,0.9978448357696452,0,0.0,1.0
608.0,10,65.0,1.2037037037037035,5.7794875941457455,54,925.0,17.12962962962963,46.0,0.8518518518518519,10,240.0,24.0,3.731026235379236,7.5,7.5,32,5,141.0,0.2073499883554559,4,38.0,0.3228914450625306,0,2.0,0.8893415060630689,1,10.0,0.4629755967262489,0,0.0,1.0,0,49.0,0.4583804813342157,0,0.0,1.0,0,0.0,1.0
616.0,15,111.0,1.9821428571428568,6.239964818927644,56,826.0,14.75,0.0,0.0,15,256.0,16.0,4.937906707119931,7.529411764705882,7.529411764705882,34,14,236.0,0.2034107111488428,0,10.0,0.6306098433325128,0,2.0,0.9596957376857884,1,5.0,1.6487864084235048e-05,0,0.0,1.0,0,0.0,0.9148923719315196,0,3.0,0.9173496342398328,0,0.0,1.0
624.0,9,62.0,1.1272727272727272,6.8580544949211415,55,896.0,16.29090909090909,70.0,1.2727272727272727,9,236.0,0.0,6.032095748446487,6.941176470588236,6.941176470588236,34,5,211.0,0.4607227618558227,4,23.0,0.1612937043108039,0,2.0,0.9249144498786136,0,0.0,1.0,0,0.0,1.0,0,0.0,0.9266783736436502,0,0.0,0.6344670666712044,0,0.0,1.0
632.0,10,67.0,1.1355932203389831,8.015768590909843,59,924.0,15.66101694915254,28.0,0.4745762711864407,9,116.0,0.0,6.312218227591316,3.8666666666666663,3.8666666666666663,30,0,37.0,0.6766992744013898,6,65.0,0.1777052607468133,0,2.0,0.9345464483274034,0,0.0,1.0,0,0.0,1.0,0,0.0,1.0,3,12.0,0.0003103297626123,0,0.0,1.0
640.0,9,48.0,0.8,8.01210640583801,60,725.0,12.083333333333334,0.0,0.0,8,106.0,0.0,7.059580382645885,2.9444444444444446,2.9444444444444446,36,4,43.0,0.592391087696009,1,22.0,0.3861535304487684,0,5.0,0.9080389117500012,0,0.0,0.8633059750713902,0,0.0,1.0,0,0.0,1.0,3,36.0,0.0,0,0.0,1.0
648.0,13,79.0,1.3859649122807018,8.252284965442476,57,595.0,10.43859649122807,0.0,0.0,12,159.0,53.0,7.454527010347973,4.297297297297297,4.297297297297297,37,5,91.0,0.6537414943855984,5,45.0,0.2799243633477681,0,2.0,0.924811911722526,2,5.0,0.2967193648795396,0,0.0,1.0,0,0.0,1.0,0,16.0,0.3797850123862031,0,0.0,1.0
656.0,18,188.0,3.298245614035088,6.4367061141609385,57,629.0,11.035087719298245,34.0,0.5964912280701754,18,246.0,87.0,4.718105627791442,6.15,6.15,40,7,131.0,0.5202930781281042,7,90.0,0.1028799184685022,0,0.0,0.0153168968810607,4,25.0,0.218717615652551,0,0.0,1.0,0,0.0,1.0,0,0.0,1.0,0,0.0,1.0
664.0,8,26.0,0.4262295081967213,6.746844292379222,61,716.0,11.737704918032788,87.0,1.4262295081967211,8,162.0,0.0,5.68560482057557,4.05,4.05,40,6,90.0,0.4727115913125685,0,40.0,0.3487839467838821,0,0.0,1.0,2,32.0,0.3036212280635251,0,0.0,1.0,0,0.0,1.0,0,0.0,1.0,0,0.0,1.0
672.0,16,52.0,0.8387096774193549,6.913496176614121,62,751.0,12.112903225806452,35.0,0.5645161290322581,16,228.0,66.0,5.349453164908842,5.066666666666666,5.066666666666666,45,7,125.0,0.491462899844248,6,61.0,0.1899155757556726,0,0.0,1.0,3,42.0,0.292469692734584,0,0.0,1.0,0,0.0,1.0,0,0.0,1.0,0,0.0,1.0
680.0,16,82.0,1.3015873015873016,6.015456060069042,63,764.0,12.126984126984128,13.0,0.2063492063492063,16,257.0,29.0,4.296368699138182,5.468085106382978,5.468085106382978,47,11,191.0,0.3456670321463315,1,23.0,0.2584754248885149,0,0.0,0.9926160182960604,3,43.0,0.1777851351296811,1,0.0,0.0,0,0.0,1.0,0,0.0,1.0,0,0.0,1.0
688.0,14,139.0,2.171875,7.021991740196487,64,739.0,11.546875,0.0,0.0,14,294.0,37.0,6.288097085094708,6.25531914893617,6.25531914893617,47,12,281.0,0.4277322451060779,1,0.0,0.582890554278431,0,0.0,0.0868967644341533,1,13.0,0.5112480939960701,0,0.0,1.0,0,0.0,1.0,0,0.0,1.0,0,0.0,1.0
696.0,9,31.0,0.4769230769230769,6.272990717858546,65,827.0,12.723076923076922,88.0,1.353846153846154,9,225.0,0.0,4.424299237236633,5.357142857142857,5.357142857142857,42,7,215.0,0.2729375788352068,0,0.0,0.5569846209882204,0,0.0,0.9656407755414672,2,10.0,0.0005969369906011,0,0.0,1.0,0,0.0,1.0,0,0.0,1.0,0,0.0,1.0
704.0,15,61.0,0.9384615384615383,5.962554690343301,65,867.0,13.33846153846154,40.0,0.6153846153846154,15,254.0,29.0,3.49529770296241,6.35,6.35,40,12,228.0,0.2037393328645281,1,0.0,0.6178195881295013,0,0.0,0.9808294642424228,2,26.0,0.0,0,0.0,1.0,0,0.0,1.0,0,0.0,1.0,0,0.0,1.0
712.0,21,133.0,2.015151515151515,6.3854228860607565,66,859.0,13.015151515151516,0.0,0.0,20,338.0,84.0,4.17138839543957,8.047619047619047,8.047619047619047,42,18,334.0,0.2489988716820302,1,0.0,0.5603677488050909,0,0.0,1.0,0,0.0,1.0,0,0.0,1.0,0,4.0,0.9485546153956028,1,0.0,0.0,0,0.0,1.0
720.0,17,110.0,1.6923076923076923,5.77425134217101,65,902.0,13.876923076923076,43.0,0.6615384615384615,17,334.0,0.0,3.767785706376539,7.590909090909091,7.590909090909091,44,15,320.0,0.1945524178834848,1,1.0,0.5827556838380967,0,0.0,1.0,0,0.0,1.0,0,0.0,0.9024635340166683,1,13.0,0.3807215686209809,0,0.0,0.973877165657102,0,0.0,1.0
728.0,22,86.0,1.2285714285714286,4.815948516029772,70,967.0,13.814285714285717,65.0,0.9285714285714286,20,405.0,71.0,2.397906016815759,9.0,9.0,45,13,365.0,0.1756245616024018,4,14.0,0.1839835928495129,1,0.0,0.0,0,0.0,0.5894517081875686,0,0.0,1.0,2,26.0,0.0,0,0.0,1.0,0,0.0,1.0
736.0,18,88.0,1.2222222222222223,5.310914971834952,72,868.0,12.055555555555555,0.0,0.0,17,414.0,9.0,3.9117402021399728,8.28,8.28,50,14,372.0,0.1908902723875847,1,0.0,0.4852925342476669,0,0.0,0.9305043464877798,0,0.0,1.0,0,0.0,1.0,2,42.0,0.5448984718570664,0,0.0,1.0,0,0.0,1.0
744.0,16,135.0,1.8243243243243243,7.576570594287435,74,909.0,12.283783783783784,41.0,0.5540540540540541,16,367.0,0.0,5.4634452833814855,7.808510638297872,7.808510638297872,47,10,292.0,0.3711876996271768,0,0.0,0.9615359975326738,0,0.0,0.9708239447047412,0,0.0,1.0,0,0.0,1.0,6,75.0,0.1863446213109855,0,0.0,1.0,0,0.0,1.0
752.0,20,99.0,1.3026315789473684,6.389905900371289,76,801.0,10.539473684210526,0.0,0.0,20,348.0,0.0,4.851743663010592,6.444444444444445,6.444444444444445,54,15,291.0,0.3201685834484429,1,1.0,0.5096338132712713,0,1.0,0.8244167903066028,0,0.0,1.0,0,0.0,1.0,3,51.0,0.2134702641241873,1,4.0,0.0028784829777607,0,0.0,1.0
760.0,22,139.0,1.8289473684210529,5.798068004476054,76,811.0,10.671052631578949,10.0,0.131578947368421,22,341.0,0.0,4.157525257348698,6.089285714285714,6.089285714285714,56,18,290.0,0.2263018972840211,0,0.0,0.474873143057137,0,0.0,0.9638000159020408,0,0.0,1.0,0,0.0,1.0,4,44.0,0.256040297397669,0,7.0,0.9154886923585432,0,0.0,1.0
768.0,11,37.0,0.4805194805194805,6.194135411856578,77,844.0,10.96103896103896,33.0,0.4285714285714285,11,349.0,8.0,4.803159021738179,6.98,6.98,50,9,314.0,0.2767358009408215,0,5.0,0.7277661401271462,0,0.0,0.9316128162541334,0,0.0,1.0,0,0.0,1.0,2,30.0,0.1306573711771335,0,0.0,0.5796498851709925,0,0.0,1.0
776.0,22,103.0,1.3376623376623376,5.770574039159789,77,840.0,10.909090909090908,0.0,0.0,22,447.0,98.0,3.075939991385949,8.94,8.94,50,17,408.0,0.1418473540399679,3,13.0,0.4846145095483249,0,0.0,1.0,0,0.0,0.6389438702854994,0,0.0,1.0,2,26.0,0.0005121641316061,0,0.0,1.0,0,0.0,1.0
784.0,30,285.0,3.75,4.208359313691008,76,881.0,11.592105263157896,41.0,0.5394736842105263,29,623.0,176.0,3.162924940760097,10.383333333333333,10.383333333333333,60,23,569.0,0.1590727597552449,6,47.0,0.2114682732072664,0,0.0,0.7632250148087085,0,0.0,0.7435966047288793,0,0.0,1.0,0,0.0,1.0,0,7.0,0.7531599154916737,0,0.0,1.0
792.0,22,264.0,3.069767441860465,5.142396975281567,86,1094.0,12.72093023255814,213.0,2.476744186046512,20,645.0,22.0,3.899122323284279,11.517857142857142,11.517857142857142,56,20,634.0,0.2202949007630378,0,7.0,0.635702056799537,0,0.0,0.8964368921458424,0,0.0,0.9114448985952814,0,0.0,0.271767527849101,0,0.0,1.0,0,4.0,0.2282706735487598,0,0.0,1.0
800.0,28,277.0,2.9468085106382977,6.4682470064419775,94,1271.0,13.52127659574468,177.0,1.8829787234042556,27,718.0,73.0,4.669975036394116,11.396825396825395,11.396825396825395,63,25,705.0,0.2725392546538238,2,6.0,0.5958226983483641,0,0.0,0.948233445704599,0,7.0,0.9218229154490616,0,0.0,1.0,0,0.0,1.0,0,0.0,1.0,0,0.0,1.0
808.0,27,272.0,2.863157894736842,5.917602999240987,95,1326.0,13.957894736842103,55.0,0.5789473684210527,26,804.0,86.0,4.857907611109219,11.485714285714286,11.485714285714286,70,23,783.0,0.2846723480482749,1,8.0,0.6231393466407691,0,0.0,0.8327487664282377,2,13.0,0.4996764061339638,0,0.0,1.0,0,0.0,1.0,0,0.0,0.90688054930318,0,0.0,1.0
816.0,36,276.0,2.816326530612245,5.039492227563361,98,1483.0,15.13265306122449,157.0,1.6020408163265305,36,920.0,116.0,3.941670230287092,11.5,11.5,80,24,844.0,0.2533537097975389,5,25.0,0.457434513159601,0,0.0,0.936449002968859,6,49.0,0.1321980453249828,0,0.0,0.8740436554374503,0,0.0,1.0,1,2.0,0.0027656214480846,0,0.0,1.0
824.0,22,166.0,1.537037037037037,5.1916485361578,108,1595.0,14.76851851851852,112.0,1.037037037037037,21,987.0,67.0,4.030627172906368,12.653846153846152,12.653846153846152,78,15,923.0,0.270507502410423,5,9.0,0.3762760630237535,0,0.0,0.869300493935727,1,55.0,0.229337743421343,0,0.0,0.8961018529444698,0,0.0,1.0,0,0.0,1.0,0,0.0,1.0
832.0,24,100.0,0.8695652173913043,5.3225779251342,115,1645.0,14.304347826086955,50.0,0.4347826086956521,23,1026.0,39.0,3.780139675645872,12.36144578313253,12.36144578313253,83,15,924.0,0.2586012770830794,4,28.0,0.385923286229204,0,0.0,0.9639526228142627,4,74.0,0.2509193132062391,0,0.0,1.0,0,0.0,1.0,0,0.0,1.0,0,0.0,1.0
840.0,29,220.0,1.8487394957983196,4.589894532919758,119,1687.0,14.176470588235292,42.0,0.3529411764705882,29,1034.0,8.0,3.0112864274519207,11.75,11.75,88,16,852.0,0.1432921249299585,8,69.0,0.3679325272035443,0,0.0,0.767540505819601,5,113.0,0.3259421117404965,0,0.0,1.0,0,0.0,1.0,0,0.0,1.0,0,0.0,1.0
848.0,27,229.0,1.92436974789916,4.796620909034638,119,1787.0,15.016806722689076,100.0,0.8403361344537815,27,1137.0,103.0,3.269398026915008,12.494505494505496,12.494505494505496,91,10,849.0,0.1787847232320615,10,117.0,0.2947141974594768,1,13.0,0.6508578011131162,6,158.0,0.1345692982671865,0,0.0,1.0,0,0.0,0.999098227851722,0,0.0,1.0,0,0.0,1.0
856.0,30,347.0,2.8916666666666666,4.318687162985994,120,1792.0,14.933333333333334,5.0,0.0416666666666666,30,1246.0,109.0,2.9757940973391874,13.25531914893617,13.25531914893617,94,10,805.0,0.1588548177084471,11,199.0,0.221704644541934,3,36.0,0.5182764550952152,6,206.0,0.1348502654590425,0,0.0,0.94865765217411,0,0.0,0.0068222198699946,0,0.0,1.0,0,0.0,0.9300385865892232
864.0,26,369.0,3.1271186440677967,4.741904475761693,118,1911.0,16.194915254237287,119.0,1.0084745762711864,26,1193.0,0.0,2.9101151276724666,14.548780487804878,14.548780487804878,82,13,747.0,0.1713454364994171,7,175.0,0.3089979875084007,0,17.0,0.4616170940357007,6,254.0,0.0011793858300269,0,0.0,1.0,0,0.0,1.0,0,0.0,1.0,0,0.0,1.0
872.0,21,128.0,1.0756302521008403,5.250290208531886,119,2017.0,16.949579831932773,106.0,0.8907563025210085,19,1081.0,0.0,3.68263256133802,13.34567901234568,13.34567901234568,81,8,698.0,0.2886679577372925,10,194.0,0.1570185783187722,0,10.0,0.7019706276427058,1,179.0,0.2966320298259438,0,0.0,1.0,0,0.0,1.0,0,0.0,1.0,0,0.0,1.0
880.0,33,247.0,2.1478260869565218,5.683201059939461,115,1960.0,17.043478260869566,0.0,0.0,31,1038.0,0.0,3.483763282536659,13.48051948051948,13.48051948051948,77,11,614.0,0.2929192562052762,13,207.0,0.1908119165888101,2,21.0,0.5543039157956461,5,196.0,0.0029968094519472,0,0.0,1.0,0,0.0,1.0,0,0.0,1.0,0,0.0,1.0
888.0,22,146.0,1.3153153153153154,5.565351031182884,111,1981.0,17.846846846846848,21.0,0.1891891891891892,21,951.0,0.0,3.510113344248589,13.027397260273972,13.027397260273972,73,13,624.0,0.1998462384459723,2,80.0,0.3717133439704502,1,8.0,0.7610262509968033,5,239.0,0.2785326464377549,0,0.0,1.0,0,0.0,0.8303142836278251,0,0.0,1.0,0,0.0,1.0
896.0,27,250.0,2.336448598130841,5.621945286096033,107,1923.0,17.97196261682243,0.0,0.0,27,956.0,5.0,3.465888760002054,13.095890410958903,13.095890410958903,73,16,592.0,0.2328809307303841,5,66.0,0.3565092128300897,1,19.0,0.6388779908822573,5,279.0,0.2390582696937513,0,0.0,1.0,0,0.0,0.9249603822581064,0,0.0,1.0,0,0.0,1.0
904.0,26,339.0,3.138888888888889,5.481941899728987,108,1882.0,17.425925925925927,0.0,0.0,26,987.0,31.0,3.653930205451243,13.708333333333334,13.708333333333334,72,17,588.0,0.1885983942692027,1,38.0,0.5461329960994342,1,34.0,0.6733246071429313,6,320.0,0.168749105664756,0,0.0,1.0,1,7.0,0.0,0,0.0,0.8839323717247876,0,0.0,1.0
912.0,14,65.0,0.6074766355140186,5.884589235773431,107,1815.0,16.962616822429908,0.0,0.0,14,729.0,0.0,3.779121549304864,10.880597014925373,10.880597014925373,67,9,513.0,0.1496087356780607,3,48.0,0.4566052376127023,2,21.0,0.671697462128619,0,147.0,0.4456655966240914,0,0.0,1.0,0,0.0,1.0,0,0.0,0.944495843068942,0,0.0,1.0
920.0,25,132.0,1.2692307692307692,5.609909511688048,104,1541.0,14.817307692307692,0.0,0.0,25,776.0,47.0,3.78117284228773,10.77777777777778,10.77777777777778,72,14,501.0,0.125825788308654,2,68.0,0.593790360062946,3,37.0,0.5744709457531515,5,169.0,0.1656392204093767,0,0.0,0.9814221791948214,0,0.0,0.9192919829573633,1,1.0,0.0069871418734813,0,0.0,1.0
928.0,14,87.0,0.8130841121495327,5.8963761288386,107,1532.0,14.317757009345794,0.0,0.0,14,642.0,0.0,4.281922811848495,9.304347826086955,9.304347826086955,69,6,512.0,0.1797693335074988,6,96.0,0.5006703661049786,0,8.0,0.8870865972744488,0,21.0,0.5311502773387826,2,5.0,0.0024610310998755,0,0.0,0.8856241565306249,0,0.0,1.0,0,0.0,1.0
944.0,10,48.0,0.4660194174757281,6.131829312090376,103,1218.0,11.8252427184466,0.0,0.0,10,429.0,0.0,4.507443179909573,6.402985074626866,6.402985074626866,67,3,376.0,0.2732159123752602,4,37.0,0.5387214337295676,2,11.0,0.5105788973975238,0,1.0,0.9321020082479384,0,3.0,0.3517683026847263,1,1.0,0.0039598143350031,0,0.0,1.0,0,0.0,1.0
952.0,9,76.0,0.7450980392156863,6.6177180296383415,102,1067.0,10.46078431372549,0.0,0.0,9,365.0,0.0,5.084478820183231,5.53030303030303,5.53030303030303,66,4,308.0,0.3072177644744053,2,23.0,0.5579104472259238,1,22.0,0.7725317493809277,0,1.0,0.7649885258899893,1,2.0,0.0018566500643163,1,9.0,0.0,0,0.0,1.0,0,0.0,1.0
960.0,10,57.0,0.5181818181818182,6.591190374443095,110,1014.0,9.21818181818182,0.0,0.0,10,331.0,0.0,5.661716741268504,4.298701298701299,4.298701298701299,77,4,249.0,0.3035278255426115,4,32.0,0.6400607841818652,1,33.0,0.757159584977428,0,0.0,0.813262315635271,0,0.0,0.3545055511630544,1,17.0,0.0,0,0.0,1.0,0,0.0,1.0
968.0,10,57.0,0.5089285714285714,6.662990087933204,112,964.0,8.607142857142858,0.0,0.0,10,296.0,0.0,5.61067448652364,3.746835443037975,3.746835443037975,79,5,234.0,0.3085782964906253,2,18.0,0.6937122611957689,1,37.0,0.7991830123204517,0,0.0,0.6531665687308275,2,7.0,0.0020583393334224,0,0.0,1.0,0,0.0,1.0,0,0.0,1.0
984.0,24,172.0,1.6226415094339623,4.902249121900221,106,880.0,8.30188679245283,0.0,0.0,24,383.0,46.0,3.0770818041495005,5.175675675675675,5.175675675675675,74,7,210.0,0.1600399577013773,14,150.0,0.3866424717019562,3,23.0,0.361117120425561,0,0.0,0.9581462072772918,0,0.0,1.0,0,0.0,1.0,0,0.0,1.0,0,0.0,1.0
992.0,17,162.0,1.514018691588785,5.088951381811545,107,995.0,9.299065420560748,115.0,1.074766355140187,16,448.0,65.0,3.5297718198942034,6.309859154929577,6.309859154929577,71,5,231.0,0.1788339496586208,10,198.0,0.4188982686778318,0,14.0,0.6318729224044574,1,2.0,4.021618660512156e-05,0,0.0,1.0,0,3.0,0.9556278871297054,0,0.0,0.6406099515083195,0,0.0,1.0
1000.0,26,279.0,2.559633027522936,5.708199460007442,109,1146.0,10.513761467889909,151.0,1.385321100917431,23,496.0,48.0,3.2039181788996456,7.630769230769231,7.630769230769231,65,9,216.0,0.1605391295301617,13,264.0,0.2431045554810154,0,6.0,0.7899733211445962,0,3.0,0.9392609512081797,0,1.0,0.9227217728450124,0,0.0,1.0,1,6.0,0.0,0,0.0,1.0
1008.0,22,356.0,3.423076923076923,5.841452152529024,104,1112.0,10.692307692307692,0.0,0.0,21,610.0,114.0,3.697409452178929,9.1044776119403,9.1044776119403,67,3,218.0,0.2703899789210113,16,375.0,0.1830825080337899,2,14.0,0.4243461681902754,0,3.0,0.9210206431522536,0,0.0,1.0,0,0.0,1.0,0,0.0,0.9154153226638602,0,0.0,1.0
1016.0,9,51.0,0.504950495049505,6.481171250034591,101,1138.0,11.267326732673268,26.0,0.2574257425742574,9,404.0,0.0,4.387764274473401,6.965517241379311,6.965517241379311,58,6,198.0,0.2110863406561689,3,198.0,0.3715635813647478,0,5.0,0.8045357401337434,0,3.0,0.8017127955281599,0,0.0,1.0,0,0.0,0.904861601880018,0,0.0,0.9472260274154348,0,0.0,1.0
1024.0,17,130.0,1.2621359223300972,6.345633223681417,103,1200.0,11.650485436893204,62.0,0.6019417475728155,15,302.0,0.0,4.131686025654754,5.206896551724138,5.206896551724138,58,6,178.0,0.3151367328436186,5,105.0,0.4139645399670996,2,15.0,0.273699776789516,1,2.0,0.1623430476863613,0,0.0,1.0,1,2.0,0.462281356476626,0,0.0,1.0,0,0.0,1.0
1032.0,15,133.0,1.2912621359223302,6.256308945937941,103,1092.0,10.601941747572816,0.0,0.0,13,290.0,0.0,4.494755978393817,5.0,5.0,58,5,125.0,0.2960117423253807,5,145.0,0.4830597121968225,0,1.0,0.72297694158305,0,0.0,1.0,0,0.0,1.0,3,19.0,0.2153880970957455,0,0.0,1.0,0,0.0,1.0
1040.0,17,64.0,0.6530612244897959,6.226869716743288,98,1017.0,10.377551020408164,0.0,0.0,14,211.0,0.0,4.616873070834563,3.5762711864406778,3.5762711864406778,59,10,154.0,0.2855608543159375,2,33.0,0.4639323726039312,2,10.0,0.543476334826612,0,7.0,0.9413135683108128,0,0.0,1.0,0,7.0,0.3738266630489065,0,0.0,1.0,0,0.0,1.0
1048.0,16,120.0,1.1428571428571428,6.732483198216568,105,1111.0,10.58095238095238,94.0,0.8952380952380953,15,262.0,51.0,5.815269507754474,3.9696969696969697,3.9696969696969697,66,9,185.0,0.343464709427304,4,35.0,0.3065116779793985,0,8.0,0.7806407055961576,0,7.0,0.9610223546158868,0,0.0,1.0,2,17.0,0.0001645426635778,0,10.0,0.646508518647141,0,0.0,1.0
1056.0,21,187.0,1.7,6.215641943733488,110,1104.0,10.036363636363635,0.0,0.0,17,317.0,55.0,5.063996083300537,4.594202898550725,4.594202898550725,69,11,254.0,0.2845709850405662,0,3.0,0.950992550302248,4,19.0,0.587644974912431,0,8.0,0.6813259748591939,0,0.0,1.0,2,33.0,0.2490154827818715,0,0.0,1.0,0,0.0,1.0
1064.0,17,110.0,0.9734513274336284,6.263560515465306,113,1166.0,10.31858407079646,62.0,0.5486725663716814,15,283.0,0.0,4.725288262774031,4.287878787878788,4.287878787878788,66,7,192.0,0.3049086771733043,2,11.0,0.4994799416692781,1,12.0,0.5987326783549729,2,12.0,0.3199827790309251,0,0.0,1.0,3,56.0,0.1519977051501367,0,0.0,0.9665084305746132,0,0.0,1.0
1072.0,19,161.0,1.424778761061947,6.222070189769134,113,1188.0,10.513274336283184,22.0,0.1946902654867256,19,262.0,0.0,4.107067753206916,4.030769230769231,4.030769230769231,65,14,165.0,0.2315410831265387,1,16.0,0.6440652033632223,2,33.0,0.407155449149641,2,31.0,0.3216493189531939,0,2.0,0.6345592049903933,0,12.0,0.5803398938346984,0,3.0,0.4864462650504738,0,0.0,1.0
1080.0,16,147.0,1.2894736842105263,6.195922710566122,114,999.0,8.763157894736842,0.0,0.0,16,283.0,21.0,3.9733070018605288,4.639344262295082,4.639344262295082,61,12,203.0,0.2336480810884614,2,30.0,0.2645406734171323,0,18.0,0.3044035174001949,1,7.0,0.5385079311470083,0,0.0,0.7789537233105814,1,18.0,0.0,0,7.0,0.9223199969011964,0,0.0,1.0
1088.0,20,126.0,1.135135135135135,6.207284773196024,111,945.0,8.513513513513514,0.0,0.0,19,322.0,39.0,3.89420377511307,5.75,5.75,56,11,243.0,0.2349336693147302,1,13.0,0.6287583970298128,4,32.0,0.3528608799673984,0,0.0,1.0,0,0.0,1.0,1,26.0,0.496290698846331,2,8.0,0.0006065526918194,0,0.0,1.0
1096.0,17,137.0,1.1810344827586208,6.4160682874358805,116,1040.0,8.96551724137931,95.0,0.8189655172413793,16,389.0,67.0,4.874620646418442,6.483333333333333,6.483333333333333,60,9,271.0,0.2950091976976229,1,21.0,0.6435284892662027,3,39.0,0.4777963198189818,0,0.0,0.9097455931731327,0,0.0,0.5777625283059005,1,34.0,0.0,2,24.0,0.0,0,0.0,1.0
1104.0,18,145.0,1.2831858407079646,6.348296886957017,113,1089.0,9.63716814159292,49.0,0.4336283185840708,17,422.0,33.0,4.779660984283561,6.698412698412699,6.698412698412699,63,9,292.0,0.3112162418340847,4,46.0,0.2579910152846826,2,38.0,0.4116484554969826,0,6.0,0.947058087760574,0,0.0,0.742478601343838,0,0.0,0.9756231809578866,2,40.0,0.0,0,0.0,1.0
1112.0,13,95.0,0.8558558558558559,6.144281042872901,111,1150.0,10.36036036036036,61.0,0.5495495495495496,13,453.0,31.0,4.092876771706998,7.947368421052632,7.947368421052632,57,5,329.0,0.2780504420639188,1,18.0,0.7184176096152834,6,69.0,0.2068777075098039,0,5.0,0.8504909780253996,0,0.0,1.0,0,0.0,1.0,1,32.0,0.6415732283090346,0,0.0,1.0
1120.0,4,77.0,0.7264150943396226,6.274315219280476,106,1147.0,10.820754716981131,0.0,0.0,3,447.0,0.0,4.375492470962574,7.706896551724138,7.706896551724138,58,1,305.0,0.3275329802621969,1,37.0,0.7742128876468631,0,62.0,0.2069163455876241,0,9.0,0.3845469409922779,0,0.0,0.3875110428603577,0,0.0,0.6865191895532485,1,34.0,0.0,0,0.0,1.0
1128.0,7,100.0,1.0526315789473684,5.844847164356873,95,1004.0,10.56842105263158,0.0,0.0,6,426.0,0.0,4.53081089938798,6.983606557377049,6.983606557377049,61,1,285.0,0.3169653815515826,1,47.0,0.7610125140616897,2,52.0,0.2221857033843479,0,0.0,0.8927277608369588,1,0.0,0.0,0,0.0,0.4767472920208916,1,42.0,0.0510109107347393,0,0.0,1.0
1136.0,6,47.0,0.5164835164835165,6.09979947866554,91,985.0,10.824175824175825,0.0,0.0,5,380.0,0.0,4.205355808715661,6.666666666666667,6.666666666666667,57,2,264.0,0.2958970910019314,0,25.0,0.8093460966220456,2,69.0,0.1703074644617056,0,0.0,0.4490457916580723,0,0.0,1.0,1,22.0,0.4245503284250765,0,0.0,0.9516199992830288,0,0.0,1.0
1144.0,9,87.0,0.9775280898876404,6.31965027146021,89,996.0,11.191011235955056,11.0,0.1235955056179775,9,398.0,18.0,4.793197199987408,6.862068965517241,6.862068965517241,58,1,244.0,0.3143144055711848,1,27.0,0.7879485127215055,6,109.0,0.3439632790590161,0,0.0,0.9127589834170768,0,0.0,1.0,1,18.0,0.0,0,0.0,0.7037677602553257,0,0.0,1.0
1152.0,6,72.0,0.8275862068965517,6.142188779367428,87,983.0,11.298850574712644,0.0,0.0,5,377.0,0.0,4.463676994942817,6.614035087719298,6.614035087719298,57,1,230.0,0.3181502093858999,0,25.0,0.9107505718441709,1,110.0,0.4306374741848007,0,0.0,0.0414551215710804,0,2.0,0.6264355707390142,0,0.0,1.0,3,10.0,0.0004376258587361,0,0.0,1.0
1160.0,5,67.0,0.7790697674418605,6.83573079285256,86,870.0,10.116279069767442,0.0,0.0,5,351.0,0.0,5.508305110847704,6.157894736842105,6.157894736842105,57,1,187.0,0.3962214819854132,0,31.0,0.8329822564111939,4,124.0,0.4151599066123226,0,0.0,1.0,0,0.0,0.4463081242153686,0,0.0,0.9961427643497608,0,9.0,0.5135791111899106,0,0.0,1.0
1168.0,5,78.0,0.951219512195122,7.209282641840874,82,865.0,10.548780487804878,0.0,0.0,5,272.0,0.0,5.401626339903588,5.551020408163265,5.551020408163265,49,2,151.0,0.3865491957747053,0,28.0,0.856282951182478,2,91.0,0.351507941802214,0,0.0,0.9650758571374568,0,0.0,1.0,1,2.0,0.0010860996104148,0,0.0,1.0,0,0.0,1.0
1176.0,13,121.0,1.4938271604938271,6.5879654853333,81,808.0,9.975308641975309,0.0,0.0,12,329.0,57.0,5.4457371591571695,5.875,5.875,56,7,190.0,0.4079141874279035,0,28.0,0.8223902892803991,5,111.0,0.232572900776447,0,0.0,0.609680967584461,0,0.0,1.0,0,0.0,1.0,0,0.0,0.91779450474194,0,0.0,1.0
1184.0,17,203.0,2.4457831325301207,6.202291953991378,83,819.0,9.867469879518072,11.0,0.1325301204819277,16,414.0,85.0,5.054902485155258,7.263157894736842,7.263157894736842,57,7,208.0,0.3937279988558969,3,42.0,0.5056080272753992,6,161.0,0.304329951948818,0,0.0,0.9321617991089638,0,0.0,1.0,0,2.0,0.9966891956858068,0,1.0,0.9280159651280596,0,0.0,1.0
1192.0,8,15.0,0.1704545454545454,6.695198947574074,88,869.0,9.875,50.0,0.5681818181818182,7,246.0,0.0,5.521835653564091,4.730769230769231,4.730769230769231,52,6,120.0,0.3891086890080736,0,33.0,0.7396160208981584,0,82.0,0.5579655871518204,1,5.0,0.3664329526285759,0,4.0,0.204590828340541,0,2.0,0.5665355908716477,0,0.0,1.0,0,0.0,1.0
1200.0,9,41.0,0.4505494505494505,6.848657746865324,91,894.0,9.824175824175825,25.0,0.2747252747252747,8,165.0,0.0,5.819091647704307,3.1132075471698117,3.1132075471698117,53,5,118.0,0.4004433735478995,1,20.0,0.7664001571873074,0,10.0,0.9638153913269316,2,17.0,0.0161869479055727,0,0.0,1.0,0,0.0,0.9840341347192166,0,0.0,1.0,0,0.0,1.0
1208.0,10,75.0,0.8333333333333334,6.78505288836972,90,879.0,9.766666666666667,0.0,0.0,8,163.0,0.0,5.438733096748039,3.0754716981132075,3.0754716981132075,53,4,103.0,0.3627174110509269,1,14.0,0.7160522651138796,0,6.0,0.918892424975666,3,39.0,0.3635874036319695,0,0.0,1.0,0,0.0,0.703911621330157,0,1.0,0.935063370021524,0,0.0,1.0
1216.0,17,142.0,1.5106382978723405,6.210965057487612,94,906.0,9.638297872340424,27.0,0.2872340425531915,16,244.0,81.0,4.126270224283396,4.357142857142857,4.357142857142857,56,8,132.0,0.3175101714202156,1,22.0,0.640770086279506,1,9.0,0.585404385175608,4,69.0,0.2865168515841237,0,0.0,1.0,1,6.0,0.4543391281917024,1,6.0,0.1165317400896458,0,0.0,1.0
1224.0,10,98.0,1.065217391304348,5.917540296518824,92,878.0,9.543478260869565,0.0,0.0,9,203.0,0.0,4.173146325298934,3.690909090909091,3.690909090909091,55,7,169.0,0.2479481284317252,0,11.0,0.6195395637514802,0,0.0,0.5068094166332916,0,2.0,0.6018473795890191,0,0.0,1.0,2,20.0,0.0,0,1.0,0.6053292080982832,0,0.0,1.0
1232.0,9,133.0,1.4148936170212767,6.898746836130395,94,833.0,8.861702127659575,0.0,0.0,9,201.0,0.0,5.184627861332175,3.654545454545455,3.654545454545455,55,7,192.0,0.3073276110747325,0,0.0,0.8805198874094289,0,0.0,0.9192472182097416,2,6.0,0.295155944109723,0,0.0,1.0,0,3.0,0.8482652846366537,0,0.0,0.4017884010112296,0,0.0,1.0
1240.0,6,36.0,0.3711340206185567,7.114406755774362,97,862.0,8.88659793814433,29.0,0.2989690721649484,5,132.0,0.0,5.501206793558025,2.2758620689655173,2.2758620689655173,58,4,100.0,0.312332120296019,0,6.0,0.794443760489652,0,0.0,0.926566277331544,0,0.0,0.9890710910819376,0,0.0,1.0,0,13.0,0.7541833590561784,1,13.0,0.584880899453502,0,0.0,1.0
1248.0,18,117.0,1.21875,5.778924281680145,96,832.0,8.666666666666666,0.0,0.0,17,198.0,66.0,4.179148376823388,3.142857142857143,3.142857142857143,63,11,143.0,0.1738061016626263,0,4.0,0.9483496454329094,2,10.0,0.4646599162287042,0,3.0,0.9003084098750955,0,0.0,1.0,3,24.0,0.0873970932662708,1,14.0,0.5564568039823018,0,0.0,1.0
1256.0,23,161.0,1.694736842105263,5.312682756581576,95,875.0,9.210526315789474,43.0,0.4526315789473684,18,274.0,76.0,3.711576604628455,4.6440677966101696,4.6440677966101696,59,9,173.0,0.2375506210189702,1,5.0,0.5648992156498343,0,0.0,0.7303560189022049,1,5.0,1.6966778719586796e-05,0,4.0,0.9297091217788872,6,65.0,4.882848852500012e-06,1,22.0,0.0191578874213027,0,0.0,1.0
1264.0,24,192.0,2.064516129032258,5.581263903543407,93,980.0,10.53763440860215,105.0,1.1290322580645162,22,402.0,128.0,3.287319714416266,7.309090909090909,7.309090909090909,55,13,258.0,0.2107600622510434,2,18.0,0.5294270170875457,0,0.0,0.9150788348106846,1,13.0,0.0,0,0.0,1.0,6,113.0,0.0030547476588922,0,0.0,1.0,0,0.0,1.0
1272.0,16,108.0,1.148936170212766,5.957585378384414,94,1035.0,11.01063829787234,55.0,0.5851063829787234,16,400.0,0.0,3.5272962726296027,7.142857142857143,7.142857142857143,56,11,264.0,0.2271997661566188,0,0.0,0.6590753023190333,1,2.0,0.488930881159658,1,24.0,0.4860729991501405,0,0.0,1.0,3,110.0,0.1539063634012516,0,0.0,1.0,0,0.0,1.0
1280.0,14,80.0,0.9090909090909092,5.464598331379751,88,1009.0,11.465909090909092,0.0,0.0,14,432.0,32.0,3.477015337624737,7.578947368421052,7.578947368421052,57,6,269.0,0.2801340251281774,0,0.0,0.9303822974394546,5,24.0,0.084393602029577,0,3.0,0.0733514792419413,0,0.0,1.0,3,132.0,0.0960578758349775,0,4.0,0.9459396130097716,0,0.0,1.0
1288.0,20,167.0,1.9195402298850572,5.594754248812892,87,1011.0,11.620689655172416,2.0,0.0229885057471264,18,518.0,86.0,3.5753654103337817,9.087719298245617,9.087719298245617,57,1,254.0,0.3465421838994121,2,6.0,0.0053244065483901,5,63.0,0.3098171899599258,1,8.0,0.4544203303762626,0,0.0,1.0,9,187.0,0.0044294040639388,0,0.0,1.0,0,0.0,1.0
1296.0,22,234.0,2.7857142857142856,5.593392645976052,84,1132.0,13.476190476190476,121.0,1.4404761904761905,18,592.0,74.0,4.646511422969695,10.20689655172414,10.20689655172414,58,3,240.0,0.3601423098446099,3,30.0,0.0,1,40.0,0.6718464320170401,1,16.0,0.6703829872740645,0,0.0,1.0,10,266.0,6.842242325503683e-06,0,0.0,1.0,0,0.0,1.0
1304.0,19,246.0,3.0,5.563013588607954,82,1250.0,15.24390243902439,118.0,1.4390243902439024,13,556.0,0.0,4.275906413461224,10.692307692307692,10.692307692307692,52,2,221.0,0.3841130499376764,3,54.0,0.0,3,55.0,0.2889287444136613,0,2.0,0.5645585615531226,0,0.0,1.0,5,224.0,0.0841759984143383,0,0.0,1.0,0,0.0,1.0
1312.0,9,91.0,1.0963855421686748,6.537260115139843,83,1324.0,15.951807228915662,74.0,0.891566265060241,6,396.0,0.0,4.761662962093552,8.425531914893616,8.425531914893616,47,0,202.0,0.3060884618809981,1,13.0,0.4641666089164626,5,80.0,0.0829741978366456,0,2.0,0.6447256394581148,0,0.0,1.0,0,92.0,0.4999509755481922,0,7.0,0.9392240599884252,0,0.0,1.0
1320.0,4,49.0,0.5975609756097561,6.986637238188856,82,1254.0,15.292682926829269,0.0,0.0,4,377.0,0.0,4.583543505515385,8.767441860465116,8.767441860465116,43,1,164.0,0.2049811348682319,0,13.0,0.6278046108837856,1,56.0,0.1586369612130988,0,0.0,0.7949955526718752,0,0.0,1.0,0,135.0,0.8219208743515521,2,9.0,0.528477226573253,0,0.0,1.0
1328.0,7,66.0,0.8148148148148148,7.523154562033112,81,1174.0,14.493827160493828,0.0,0.0,7,245.0,0.0,5.189022788506071,5.697674418604652,5.697674418604652,43,0,124.0,0.2753272834087543,1,17.0,0.7788195039986677,3,74.0,0.2255273165085906,1,1.0,0.6501035743453611,0,0.0,1.0,0,16.0,0.8234700932470089,2,13.0,0.3370748259891319,0,0.0,1.0
1336.0,7,44.0,0.5714285714285714,7.441432482313291,77,1064.0,13.818181818181818,0.0,0.0,4,159.0,0.0,4.655904679453726,4.416666666666667,4.416666666666667,36,0,89.0,0.2943217239183701,0,16.0,0.6948322503382888,3,43.0,0.3983149881775253,0,0.0,0.40434785935667,0,0.0,1.0,0,0.0,1.0,1,11.0,0.3557788191600742,0,0.0,1.0
1344.0,16,118.0,1.6164383561643836,6.823690076597638,73,1052.0,14.41095890410959,0.0,0.0,13,235.0,76.0,4.912058415376444,5.595238095238095,5.595238095238095,42,2,100.0,0.4590116360570102,1,23.0,0.6114671650969598,4,68.0,0.2660120850051071,5,22.0,0.2703391541089321,0,0.0,1.0,0,0.0,1.0,1,22.0,0.0042507735094361,0,0.0,1.0
1352.0,8,45.0,0.5921052631578947,7.048319358670302,76,1098.0,14.447368421052632,46.0,0.6052631578947368,5,198.0,0.0,5.823311372432497,4.95,4.95,40,2,94.0,0.5105966465508301,0,16.0,0.9165002646754667,1,39.0,0.1311140656262975,1,19.0,0.4382329367788912,0,0.0,1.0,0,3.0,0.8273676435583743,1,27.0,0.0,0,0.0,1.0
1360.0,5,67.0,0.9054054054054054,8.65567220837902,74,1028.0,13.891891891891891,0.0,0.0,4,172.0,0.0,7.109734181228279,4.526315789473684,4.526315789473684,38,1,64.0,0.587463274201821,0,16.0,0.9254657721252788,1,36.0,0.0,1,12.0,0.5018009008503894,0,0.0,1.0,0,9.0,0.6073214238804612,1,35.0,0.0,0,0.0,1.0
1368.0,7,70.0,0.9210526315789472,8.809980503071387,76,1025.0,13.486842105263158,0.0,0.0,6,161.0,0.0,8.036600416945328,4.6,4.6,35,1,39.0,0.7281007718921719,0,30.0,0.8749791934771316,1,40.0,0.0011272677316989,2,3.0,0.3183813548560507,0,0.0,1.0,1,6.0,0.0962515369971021,1,43.0,0.6240979818015603,0,0.0,1.0
1376.0,12,103.0,1.3376623376623376,8.035827136954788,77,1023.0,13.285714285714286,0.0,0.0,9,196.0,35.0,6.872333162990753,5.444444444444445,5.444444444444445,36,3,34.0,0.5911379812975788,0,30.0,0.7253245001135683,1,51.0,0.2991410344588029,4,27.0,0.2242805141090919,0,0.0,1.0,0,0.0,1.0,1,54.0,0.5411380405892728,0,0.0,1.0
1384.0,7,79.0,1.1126760563380282,7.987356054110171,71,1026.0,14.450704225352112,3.0,0.0422535211267605,5,169.0,0.0,7.374227882277818,4.694444444444445,4.694444444444445,36,2,45.0,0.6570037300934611,2,40.0,0.5522324976330877,0,0.0,1.0,0,14.0,0.3013739026613478,0,4.0,0.7455003113734526,0,4.0,0.7459995996374271,1,62.0,0.4597914202660373,0,0.0,1.0
1392.0,8,100.0,1.3157894736842106,8.266720961375015,76,1058.0,13.921052631578949,32.0,0.4210526315789473,7,168.0,0.0,7.965806214933941,4.8,4.8,35,5,67.0,0.6227785217159013,0,22.0,0.8719356336860944,0,4.0,0.6323208746637886,1,5.0,0.4156314790041897,0,0.0,1.0,0,3.0,0.6742546743134493,1,67.0,0.0,0,0.0,0.9856348009037812
1400.0,10,110.0,1.3580246913580247,7.358334129591074,81,1103.0,13.617283950617283,45.0,0.5555555555555556,10,217.0,49.0,5.536953128465261,5.864864864864865,5.864864864864865,37,5,98.0,0.4171312070218282,1,26.0,0.7121894411967924,0,0.0,1.0,1,6.0,0.3364409773309861,0,0.0,1.0,2,12.0,8.24557189866113e-06,1,75.0,0.4841497280527476,0,0.0,0.9088387432504552
1408.0,14,81.0,1.0657894736842106,5.963277583739308,76,1019.0,13.407894736842104,0.0,0.0,13,196.0,0.0,4.430793513161286,4.780487804878049,4.780487804878049,41,6,97.0,0.3294625494265178,2,37.0,0.5916919309007357,0,7.0,0.5824801818191871,3,27.0,0.2510331275349511,0,0.0,0.3591420385889997,2,28.0,0.3607309431503608,0,0.0,0.0537966709318845,0,0.0,1.0
1416.0,15,111.0,1.5416666666666667,6.521305858293619,72,1006.0,13.97222222222222,0.0,0.0,13,227.0,31.0,4.544237674988811,7.09375,7.09375,32,7,125.0,0.4040276679302099,0,19.0,0.8623718274566924,0,0.0,1.0,2,30.0,0.1214225423776272,0,0.0,1.0,4,53.0,1.530432817810347e-05,0,0.0,0.9739168636728064,0,0.0,1.0
1424.0,20,205.0,2.8472222222222223,5.9359137599843415,72,1020.0,14.166666666666666,14.0,0.1944444444444444,19,315.0,88.0,4.091149705962894,7.682926829268292,7.682926829268292,41,10,151.0,0.3522025408384581,0,19.0,0.9064955764756698,0,0.0,0.8564947467487233,3,38.0,0.1910106615781576,0,0.0,0.1675840135444086,4,88.0,0.3034702392642148,2,19.0,0.0026892608602609,0,0.0,1.0
1432.0,26,320.0,4.571428571428571,5.323511535340393,70,1086.0,15.514285714285714,66.0,0.9428571428571428,24,411.0,96.0,3.183247239928068,9.785714285714286,9.785714285714286,42,5,126.0,0.4380387399858252,1,21.0,0.5222511064014238,0,0.0,0.8350099321351998,8,86.0,0.0914783935281546,1,3.0,0.0004688554297288,7,137.0,0.1036124499964479,2,38.0,0.0181858922005381,0,0.0,1.0
1440.0,27,459.0,6.954545454545454,5.218747860545477,66,1192.0,18.060606060606062,106.0,1.606060606060606,26,567.0,156.0,2.824111758956469,14.175,14.175,40,6,165.0,0.4042368262865763,2,35.0,0.5626238551871652,0,0.0,0.9414723172929578,5,102.0,0.0682947776182874,0,0.0,0.3998518940265396,10,203.0,0.0005649851691925,3,62.0,0.0,0,0.0,1.0
1448.0,16,300.0,4.615384615384615,6.599761613742957,65,1273.0,19.584615384615383,81.0,1.2461538461538462,13,388.0,0.0,4.3099445218563,13.379310344827584,13.379310344827584,29,1,30.0,0.591612316356213,1,5.0,0.6927468586072394,0,0.0,0.9511863340591924,1,54.0,0.2853465245255482,0,0.0,0.3771558408570852,10,283.0,0.0,0,16.0,0.3500311537688116,0,0.0,1.0
1456.0,14,188.0,2.984126984126984,7.450853785355418,63,1272.0,20.19047619047619,0.0,0.0,9,284.0,0.0,5.490484003487677,11.833333333333334,11.833333333333334,24,2,23.0,0.7003520785203333,1,9.0,0.6678486159775638,0,0.0,0.8703902050695582,1,16.0,0.0,0,0.0,0.1523209917480969,5,236.0,0.2266292590654813,0,0.0,1.0,0,0.0,1.0
1464.0,5,39.0,0.639344262295082,8.298674560490765,61,1231.0,20.18032786885246,0.0,0.0,4,157.0,0.0,7.292256322761017,6.826086956521739,6.826086956521739,23,2,35.0,0.4855396757022435,1,7.0,0.6371443880995782,0,0.0,0.9157483391234622,0,0.0,0.9613160300585152,0,0.0,1.0,1,108.0,0.4676909067116424,0,7.0,0.9405441993043228,0,0.0,1.0
1472.0,7,60.0,1.0169491525423728,7.74319219494382,59,1127.0,19.10169491525424,0.0,0.0,7,234.0,77.0,4.847981005470346,10.173913043478262,10.173913043478262,23,3,51.0,0.3782420771479977,0,0.0,0.889283728329731,0,0.0,0.9301462823008072,0,0.0,0.9147075146211596,0,0.0,1.0,3,177.0,0.227738249483637,1,6.0,0.3418118950858632,0,0.0,1.0
1480.0,5,24.0,0.4137931034482758,7.951799215919619,58,1069.0,18.43103448275862,0.0,0.0,5,158.0,0.0,5.02031868305191,7.523809523809524,7.523809523809524,21,0,3.0,0.6322823994030938,0,0.0,0.918504302078143,1,1.0,0.4368132315995697,0,0.0,1.0,0,0.0,1.0,2,133.0,0.3447594877497125,2,21.0,0.3019725660381531,0,0.0,1.0
1488.0,7,26.0,0.52,6.520663562928105,50,778.0,15.56,0.0,0.0,6,171.0,13.0,2.965859892202368,9.5,9.5,18,1,4.0,0.3949046142053947,1,3.0,1.3963447017405905e-05,1,15.0,0.4492815001883783,0,0.0,1.0,0,0.0,1.0,3,149.0,0.1451407561796572,0,0.0,1.0,0,0.0,1.0
1496.0,10,78.0,1.7727272727272727,6.062880146140756,44,658.0,14.954545454545457,0.0,0.0,9,217.0,46.0,3.1706971407757005,12.764705882352942,12.764705882352942,17,0,0.0,0.942011260863784,1,14.0,0.5874425042980627,0,2.0,0.5960101860280402,0,0.0,1.0,0,0.0,1.0,8,201.0,0.0911299394279706,0,0.0,1.0,0,0.0,1.0
1504.0,9,80.0,1.8604651162790695,7.043550360009801,43,708.0,16.46511627906977,50.0,1.162790697674419,7,208.0,0.0,4.725433484941362,13.0,13.0,16,0,3.0,0.9801325091399172,1,22.0,0.3530278481028175,1,7.0,0.0,0,0.0,0.984757749390994,0,0.0,1.0,5,176.0,0.1349282901329348,0,0.0,1.0,0,0.0,1.0
1512.0,4,11.0,0.2619047619047619,7.144748419224328,42,719.0,17.11904761904762,11.0,0.2619047619047619,4,212.0,4.0,3.681402839687723,14.133333333333333,14.133333333333333,15,1,4.0,0.4818399465224827,0,3.0,0.0093749273440146,0,0.0,1.0,1,2.0,0.4709118380559126,0,0.0,1.0,2,196.0,0.1066204865375142,0,7.0,0.9230547200002834,0,0.0,1.0
1520.0,13,78.0,1.902439024390244,5.770171101774426,41,681.0,16.609756097560975,0.0,0.0,13,306.0,94.0,1.9712786458864529,16.105263157894736,16.105263157894736,19,1,3.0,0.4716305819960112,1,11.0,0.0,0,0.0,1.0,1,20.0,0.6303042813123609,0,0.0,1.0,8,257.0,0.0087470311162641,2,15.0,9.7715990483569e-05,0,0.0,1.0
1528.0,7,63.0,1.575,7.471653257741748,40,692.0,17.3,11.0,0.275,6,246.0,0.0,6.367809870135257,12.3,12.3,20,0,3.0,0.968585273786836,0,0.0,1.0,0,0.0,0.9147267338371186,1,28.0,0.7749495708547157,0,0.0,0.7088130818602865,5,212.0,0.1396200147418904,0,3.0,0.9751698729425547,0,0.0,1.0
1536.0,6,19.0,0.5,6.349160380560878,38,715.0,18.81578947368421,23.0,0.6052631578947368,5,250.0,4.0,4.308635009171951,13.157894736842104,13.157894736842104,19,0,3.0,0.4917929959863182,0,0.0,0.9135448100196124,1,4.0,0.0001237640318906,0,0.0,0.6184364583028366,0,0.0,1.0,4,236.0,0.083346936296975,0,7.0,0.9095860635447656,0,0.0,1.0
1544.0,12,88.0,2.3783783783783785,5.568770371563911,37,768.0,20.75675675675676,53.0,1.4324324324324325,12,329.0,79.0,2.6049742467001025,16.45,16.45,20,1,17.0,0.6911544787168242,0,0.0,1.0,1,12.0,0.0,2,10.0,0.2255596878419487,0,0.0,0.6387315937664805,8,290.0,0.0062115413004594,0,0.0,1.0,0,0.0,1.0
1552.0,5,48.0,1.3333333333333333,7.641808403052297,36,812.0,22.55555555555556,44.0,1.2222222222222223,5,243.0,0.0,6.262700449302884,14.294117647058824,14.294117647058824,17,0,7.0,0.9305700487398386,0,0.0,0.9684333328658482,0,0.0,1.0,0,2.0,0.9055727353590222,0,0.0,0.4336324525047092,5,234.0,0.2010540748303025,0,0.0,1.0,0,0.0,1.0
1560.0,1,4.0,0.1081081081081081,9.400755658468023,37,793.0,21.43243243243243,0.0,0.0,1,112.0,0.0,9.355712688861711,5.894736842105263,5.894736842105263,19,0,7.0,0.9314453872932144,0,0.0,0.6504549437615829,0,4.0,0.9633155462183188,1,6.0,4.1545336587617725e-05,0,0.0,1.0,0,88.0,0.7469759134044874,0,7.0,0.903484499546104,0,0.0,1.0
1568.0,2,16.0,0.3809523809523809,8.170987356280964,42,806.0,19.19047619047619,13.0,0.3095238095238095,2,40.0,0.0,7.4147238409109235,2.0,2.0,20,0,7.0,0.9268332962950664,0,0.0,0.9205766396728308,1,8.0,0.0,1,14.0,0.3300507143501424,0,0.0,1.0,0,11.0,0.7009709044570629,0,0.0,0.4961075243086403,0,0.0,1.0
1576.0,3,24.0,0.6,8.77100346114793,40,705.0,17.625,0.0,0.0,3,50.0,10.0,7.728031627038168,2.9411764705882355,2.9411764705882355,17,0,7.0,0.7784207951918104,0,0.0,0.69231756197841,1,20.0,0.3279688397667269,0,0.0,0.983382723640309,0,0.0,1.0,2,23.0,0.328892903920886,0,0.0,0.949387153762094,0,0.0,1.0
1584.0,3,6.0,0.1428571428571428,8.702487481964209,42,661.0,15.738095238095235,0.0,0.0,1,17.0,0.0,10.025798688613945,0.7727272727272727,0.7727272727272727,22,0,7.0,0.8945693568594416,1,9.0,0.6052812935266193,0,0.0,0.8878453034060583,0,0.0,0.4866433948241265,0,0.0,1.0,0,1.0,0.5480628042388868,0,0.0,0.9759801586887284,0,0.0,1.0
1592.0,4,14.0,0.2978723404255319,8.934343568374754,47,678.0,14.425531914893616,17.0,0.3617021276595745,4,34.0,17.0,8.774647091021622,1.36,1.36,25,1,14.0,0.7734813388658359,1,3.0,0.5932058817116315,0,0.0,0.968859824381304,2,10.0,0.3148794470118528,0,0.0,1.0,0,0.0,1.0,0,7.0,0.9044447812976328,0,0.0,1.0
1600.0,3,18.0,0.36,9.542294195206402,50,697.0,13.94,19.0,0.38,2,40.0,6.0,9.540643586499115,1.5384615384615383,1.5384615384615383,26,2,27.0,0.7852493690607668,0,3.0,0.7656187098736871,0,3.0,0.9101152240106224,0,0.0,0.9374373927067317,0,0.0,1.0,0,3.0,0.9086200593287104,0,4.0,0.0109390525636608,0,0.0,1.0
1608.0,6,14.0,0.2641509433962264,8.029681287927032,53,700.0,13.20754716981132,3.0,0.0566037735849056,5,26.0,0.0,7.020790831468901,0.896551724137931,0.896551724137931,29,2,6.0,0.551121851444088,0,3.0,0.7748973573407117,1,6.0,0.5293896703912104,2,8.0,0.0007841232809991,0,0.0,1.0,0,3.0,0.7582017904968518,0,0.0,0.9360124859251772,0,0.0,1.0
1616.0,9,48.0,0.8888888888888888,7.579773639801799,54,728.0,13.48148148148148,28.0,0.5185185185185185,8,55.0,29.0,6.605572915846084,1.8333333333333333,1.8333333333333333,30,4,10.0,0.6011957161494791,1,14.0,0.4640768753735591,0,0.0,0.935728313497227,2,24.0,0.0,0,0.0,1.0,1,7.0,0.5776685648066945,0,0.0,1.0,0,0.0,1.0
1624.0,6,45.0,0.8181818181818182,8.278759698851928,55,647.0,11.763636363636364,0.0,0.0,6,70.0,15.0,7.988461093218055,2.333333333333333,2.333333333333333,30,5,51.0,0.5780642406590674,1,8.0,0.5882012779959137,0,7.0,0.8592942522583312,0,0.0,0.9614373831062164,0,0.0,1.0,0,3.0,0.2651687646905412,0,1.0,0.90322047730753,0,0.0,1.0
1632.0,7,24.0,0.4210526315789473,8.613915665271394,57,702.0,12.31578947368421,55.0,0.9649122807017544,7,83.0,13.0,6.380967885274379,3.1923076923076925,3.1923076923076925,26,3,58.0,0.5599136740218932,1,7.0,0.6035803039376993,1,8.0,0.3942076820494972,0,0.0,0.77730901377894,0,0.0,1.0,0,0.0,1.0,2,10.0,4.863704489823506e-05,0,0.0,1.0
1640.0,5,35.0,0.625,9.083106060673868,56,719.0,12.839285714285714,17.0,0.3035714285714285,3,42.0,0.0,7.9790970055154276,2.210526315789474,2.210526315789474,19,3,36.0,0.5523461475720363,0,3.0,0.7047990488448235,0,0.0,0.8449522911162898,0,0.0,0.7090569115321022,0,0.0,1.0,0,0.0,1.0,0,3.0,0.919018647354753,0,0.0,1.0
1648.0,11,77.0,1.4259259259259258,8.316718123151839,54,665.0,12.314814814814817,0.0,0.0,10,94.0,52.0,5.583678875115202,4.2727272727272725,4.2727272727272725,22,9,78.0,0.2959957654744465,1,5.0,0.4634887551548108,0,11.0,0.9300650961867348,0,0.0,0.6233684403270418,0,0.0,0.721149031534129,0,0.0,1.0,0,0.0,1.0,0,0.0,1.0
1656.0,6,50.0,0.9433962264150944,8.588543918490105,53,458.0,8.641509433962264,0.0,0.0,5,73.0,0.0,7.932090430316842,3.65,3.65,20,3,38.0,0.6856632035126285,1,16.0,0.6047691121074088,1,16.0,0.3383292945335118,0,3.0,0.9783737043318445,0,0.0,1.0,0,0.0,0.990757880995814,0,0.0,1.0,0,0.0,1.0
1664.0,4,63.0,1.2115384615384617,9.054686532246912,52,482.0,9.26923076923077,24.0,0.4615384615384615,4,99.0,26.0,7.694708208849319,5.5,5.5,18,3,71.0,0.5958764534251726,0,7.0,0.8446073844023098,1,18.0,0.3245119146708726,0,3.0,0.9951611847130648,0,0.0,1.0,0,0.0,1.0,0,0.0,0.9597011288997748,0,0.0,1.0
1672.0,9,115.0,2.1296296296296298,7.467331359313097,54,494.0,9.148148148148149,12.0,0.2222222222222222,9,147.0,48.0,5.138617851410436,7.0,7.0,21,6,107.0,0.333832780651107,0,3.0,0.6273411450398904,2,33.0,0.4696768376616973,1,4.0,0.4571714463600924,0,0.0,1.0,0,0.0,1.0,0,0.0,1.0,0,0.0,1.0
1680.0,5,56.0,1.0566037735849056,7.492747699160718,53,508.0,9.58490566037736,14.0,0.2641509433962264,5,140.0,0.0,6.228328888917056,6.363636363636363,6.363636363636363,22,1,78.0,0.6217378483923215,2,13.0,0.2607952226036389,2,49.0,0.4106260023299466,0,0.0,1.0,0,0.0,0.987889453449254,0,0.0,1.0,0,0.0,1.0,0,0.0,1.0
1688.0,7,15.0,0.2678571428571428,7.693753051107147,56,525.0,9.375,17.0,0.3035714285714285,7,118.0,0.0,6.256255448295649,4.538461538461538,4.538461538461538,26,5,98.0,0.5007556064103731,2,0.0,0.3239857042408348,0,19.0,0.4777683973358593,0,0.0,1.0,0,0.0,1.0,0,1.0,0.7367549112948958,0,0.0,1.0,0,0.0,1.0
1696.0,3,16.0,0.2666666666666666,8.71294809235233,60,481.0,8.016666666666667,0.0,0.0,3,78.0,0.0,8.548930777739548,2.689655172413793,2.689655172413793,29,2,70.0,0.6589579471469366,1,0.0,0.703634467464851,0,7.0,0.932816487335338,0,0.0,1.0,0,0.0,1.0,0,1.0,0.0227216497617737,0,0.0,0.9572422036937888,0,0.0,1.0
1704.0,8,48.0,0.7868852459016393,7.9875328656024625,61,380.0,6.229508196721311,0.0,0.0,8,109.0,31.0,6.138978518520911,3.5161290322580645,3.5161290322580645,31,5,97.0,0.4667620605958563,3,2.0,0.5729816462585848,0,10.0,0.5881796695733221,0,0.0,0.0550310424277221,0,0.0,1.0,0,0.0,1.0,0,0.0,1.0,0,0.0,1.0
1712.0,7,44.0,0.7333333333333333,8.311352375192937,60,358.0,5.966666666666667,0.0,0.0,7,109.0,0.0,6.986903042281309,4.037037037037037,4.037037037037037,27,5,93.0,0.4712378603250237,1,7.0,0.6659474042821328,1,9.0,0.5793641463757802,0,0.0,0.9280316203048437,0,0.0,1.0,0,0.0,1.0,0,0.0,1.0,0,0.0,1.0
1720.0,10,108.0,1.8305084745762712,8.369108915275005,59,344.0,5.830508474576271,0.0,0.0,10,173.0,64.0,7.48540819357332,4.675675675675675,4.675675675675675,37,5,130.0,0.586488474872561,4,32.0,0.5478710306558784,1,5.0,0.6882606258739382,0,0.0,0.9097871267370368,0,0.0,1.0,0,3.0,0.9352636554196018,0,3.0,0.8991454172510203,0,0.0,1.0
1728.0,13,174.0,3.0,6.97248105697109,58,427.0,7.362068965517241,83.0,1.4310344827586208,13,236.0,63.0,4.839345066703481,7.151515151515151,7.151515151515151,33,6,171.0,0.3604775493336504,6,58.0,0.3884489323418591,0,0.0,0.6378068259645004,0,0.0,0.97160761644264,0,0.0,0.7153037106947324,1,7.0,8.977894589039213e-06,0,0.0,1.0,0,0.0,1.0
1736.0,12,191.0,3.1311475409836067,6.697996883156421,61,501.0,8.21311475409836,74.0,1.213114754098361,10,279.0,43.0,4.90019455361813,9.0,9.0,31,9,233.0,0.2513060801052865,0,30.0,0.4860480746470386,0,0.0,0.8863437365877097,0,1.0,0.6533729731915194,0,0.0,1.0,1,15.0,0.0,0,0.0,1.0,0,0.0,1.0
1744.0,8,73.0,1.1967213114754098,7.996934637208089,61,564.0,9.245901639344265,63.0,1.0327868852459017,6,190.0,0.0,7.816378981078742,6.333333333333333,6.333333333333333,30,4,182.0,0.6329580906156366,0,3.0,0.9308735346545848,1,2.0,0.0002156399419231,1,3.0,0.2989644100577972,0,0.0,1.0,0,0.0,1.0,0,0.0,1.0,0,0.0,0.9500106441761568
1752.0,5,19.0,0.3064516129032258,8.362267780805837,62,570.0,9.193548387096774,6.0,0.0967741935483871,4,212.0,22.0,7.519884469378595,6.625,6.625,32,3,173.0,0.6132352506503577,0,3.0,0.940418599963607,1,29.0,0.7135328902691254,0,7.0,0.2878592490327322,0,0.0,1.0,0,0.0,1.0,0,0.0,1.0,0,0.0,0.9778328318532018
1760.0,11,31.0,0.5254237288135594,5.888709375771073,59,506.0,8.576271186440678,0.0,0.0,10,162.0,0.0,3.4406109664891757,4.909090909090909,4.909090909090909,33,6,120.0,0.1186474698960935,0,3.0,0.7495149490555085,0,19.0,0.8013099969173046,4,20.0,0.0723384683755425,0,0.0,1.0,0,0.0,1.0,0,0.0,0.1929376536957233,0,0.0,1.0
1768.0,16,103.0,1.7758620689655171,5.452209623294032,58,497.0,8.568965517241379,0.0,0.0,16,257.0,95.0,3.288997378419808,7.3428571428571425,7.3428571428571425,35,11,190.0,0.0726841644032163,1,5.0,0.6399952075304935,1,25.0,0.6299778564748211,2,29.0,0.1051997463941946,0,0.0,1.0,0,0.0,1.0,1,8.0,8.674401435208653e-06,0,0.0,1.0
1776.0,12,157.0,2.6166666666666667,6.937573710165885,60,612.0,10.2,115.0,1.9166666666666667,12,240.0,0.0,4.173974883338717,8.275862068965518,8.275862068965518,29,8,192.0,0.1110860377231855,4,25.0,0.4849252481250235,0,19.0,0.8730828528710599,0,4.0,0.4983931835198965,0,0.0,1.0,0,0.0,0.989816893537404,0,0.0,0.9164537375958745,0,0.0,1.0
1784.0,13,219.0,3.5901639344262297,7.357558434844179,61,555.0,9.098360655737704,0.0,0.0,11,246.0,6.0,4.089091448585373,9.84,9.84,25,8,204.0,0.1587735968106809,3,23.0,0.4502601836904085,0,19.0,0.8322471261372847,0,0.0,1.0,0,0.0,0.4150069491819006,0,0.0,1.0,0,0.0,1.0,0,0.0,1.0
1792.0,11,50.0,0.7352941176470589,8.140187821998405,68,567.0,8.338235294117647,12.0,0.1764705882352941,8,199.0,0.0,5.8510683325544965,7.107142857142857,7.107142857142857,28,0,122.0,0.5307000838981134,6,50.0,0.4153621827310743,0,19.0,0.8436368057857928,0,1.0,0.7305428359103073,2,4.0,0.0016264052665827,0,3.0,0.8625614804530725,0,0.0,1.0,0,0.0,1.0
1800.0,12,59.0,0.9516129032258064,7.54605771638465,62,526.0,8.483870967741936,0.0,0.0,12,226.0,27.0,5.576693228061089,6.848484848484849,6.848484848484849,33,5,145.0,0.2215296515961509,5,46.0,0.4395106160392281,0,19.0,0.8919591641601953,1,4.0,0.5711074684029803,0,4.0,0.5963338631772995,1,8.0,0.0,0,0.0,1.0,0,0.0,1.0
1808.0,7,40.0,0.6349206349206349,6.986115950758183,63,462.0,7.333333333333333,0.0,0.0,7,117.0,0.0,5.370981499760116,3.774193548387097,3.774193548387097,31,0,32.0,0.6570051528911761,1,33.0,0.4283353530095498,1,25.0,0.5585246753473528,5,27.0,0.1323822701045825,0,0.0,1.0,0,0.0,1.0,0,0.0,0.5256192350618961,0,0.0,1.0
1816.0,7,32.0,0.5,8.086286136213563,64,502.0,7.84375,40.0,0.625,7,112.0,0.0,6.785981250170641,3.393939393939394,3.393939393939394,33,0,21.0,0.9377700039836188,2,31.0,0.5448170412049146,0,19.0,0.7570336805181987,2,29.0,0.3298106040222583,0,0.0,0.6438569756528192,0,0.0,1.0,3,12.0,0.0751422345845714,0,0.0,1.0
1824.0,5,14.0,0.2333333333333333,7.653013225437643,60,358.0,5.966666666666667,0.0,0.0,4,71.0,0.0,5.860246606949088,2.3666666666666667,2.3666666666666667,30,1,24.0,0.4922260459423356,1,1.0,0.5274197133102546,1,27.0,0.6641097441958758,1,8.0,0.4895480924872685,0,0.0,1.0,0,0.0,0.9649953647041132,0,11.0,0.2574665940219528,0,0.0,1.0
1832.0,7,33.0,0.5409836065573771,6.876135841952243,61,365.0,5.983606557377049,7.0,0.1147540983606557,7,82.0,11.0,2.5255052369562,3.565217391304348,3.565217391304348,23,3,42.0,0.1996520317551144,0,0.0,0.4891692971981975,0,19.0,0.3617658045111411,3,15.0,0.266908929277672,0,0.0,1.0,1,6.0,1.2587704549191385e-05,0,0.0,1.0,0,0.0,1.0
1840.0,7,39.0,0.609375,6.848700622751116,64,374.0,5.84375,9.0,0.140625,5,107.0,25.0,5.402797333707804,4.28,4.28,25,1,25.0,0.3969053832637816,1,8.0,0.5698074815462031,2,41.0,0.5221100259078668,0,19.0,0.2092873288139084,0,0.0,1.0,1,14.0,0.0,0,0.0,0.9768783279503686,0,0.0,1.0
1848.0,7,62.0,0.96875,8.54189122189121,64,388.0,6.0625,14.0,0.21875,5,91.0,0.0,7.08555642082158,4.333333333333333,4.333333333333333,21,1,15.0,0.6430759580652031,1,16.0,0.8036955437705908,2,50.0,0.5900310192699666,0,7.0,0.1979515861945236,0,0.0,1.0,0,0.0,0.9845693471273166,1,3.0,0.0,0,0.0,1.0
1856.0,8,46.0,0.7666666666666667,8.342136511786912,60,313.0,5.216666666666667,0.0,0.0,7,55.0,0.0,7.211562173400336,2.2,2.2,25,2,5.0,0.642808980512562,2,29.0,0.6705407486977174,2,7.0,0.5527089887268136,0,0.0,0.948184761248274,0,0.0,1.0,0,0.0,0.6239504059987954,1,14.0,0.2593376324369058,0,0.0,1.0
1864.0,3,8.0,0.125,8.385388936530251,64,334.0,5.21875,21.0,0.328125,1,16.0,0.0,8.58502709413967,0.7619047619047619,0.7619047619047619,21,0,3.0,0.889162306990347,0,0.0,0.8800766306885992,0,3.0,0.4821545338381468,0,7.0,0.9226665396570868,0,0.0,1.0,1,3.0,0.4947542697488377,0,0.0,1.0,0,0.0,1.0
1872.0,1,4.0,0.0597014925373134,8.93114533116749,67,342.0,5.104477611940299,8.0,0.1194029850746268,0,8.0,0.0,8.788551827831387,0.4444444444444444,0.4444444444444444,18,0,0.0,0.969539877799797,0,7.0,0.8996690980293605,0,0.0,0.9538045896065378,0,0.0,0.91118832970505,0,0.0,0.9284172388067596,0,1.0,0.5108905640694182,0,0.0,0.6044092948681086,0,0.0,1.0
1880.0,4,10.0,0.15625,8.5918448620352,64,230.0,3.59375,0.0,0.0,3,33.0,25.0,7.527520907760555,1.5,1.5,22,1,5.0,0.4824533399146806,1,10.0,0.8035036310245882,0,11.0,0.7372904438976596,1,4.0,0.631871970160771,0,0.0,1.0,0,0.0,0.9859509047655824,0,3.0,0.8885248994785729,0,0.0,1.0
1888.0,7,24.0,0.3692307692307692,7.850094856838544,65,251.0,3.8615384615384616,21.0,0.3230769230769231,6,51.0,18.0,6.868961271517448,2.04,2.04,25,0,6.0,0.8827496430879128,1,7.0,0.7676464367761322,3,25.0,0.3916818128470874,2,13.0,0.3953870014993785,0,0.0,0.5664855316933182,0,0.0,1.0,0,0.0,0.9400931552374022,0,0.0,1.0
1896.0,6,44.0,0.676923076923077,7.296344406948246,65,283.0,4.3538461538461535,32.0,0.4923076923076923,6,81.0,30.0,6.139570836467029,2.6129032258064515,2.6129032258064515,31,0,6.0,0.9455159753850576,1,7.0,0.7967419148351862,1,22.0,0.1503287619588428,3,41.0,0.4972073848273791,0,0.0,0.6158370845354317,0,0.0,1.0,1,5.0,0.0043830460835001,0,0.0,1.0
1904.0,4,29.0,0.4677419354838709,7.927863910497365,62,293.0,4.725806451612903,10.0,0.1612903225806451,4,62.0,0.0,6.875580460656628,2.066666666666667,2.066666666666667,30,0,4.0,0.8184693860782976,2,11.0,0.7099694933125033,1,12.0,0.53728259846693,0,22.0,0.432670210032428,0,0.0,0.6102486365867712,0,0.0,1.0,1,13.0,0.4898315288254452,0,0.0,1.0
1912.0,6,35.0,0.5645161290322581,8.343664424197808,62,296.0,4.774193548387097,3.0,0.0483870967741935,6,49.0,0.0,6.748126575704849,1.6333333333333333,1.6333333333333333,30,0,7.0,0.9522667134335828,5,36.0,0.5138843567184519,0,0.0,0.6197500413558586,1,6.0,0.5621112179731578,0,0.0,1.0,0,0.0,0.9447320768685026,0,0.0,0.3170635826150366,0,0.0,1.0
1920.0,5,11.0,0.1774193548387097,8.428885314426356,62,293.0,4.725806451612903,0.0,0.0,4,43.0,0.0,7.319757510578714,1.3870967741935485,1.3870967741935485,31,0,13.0,0.7466204390471909,1,16.0,0.5722263162927292,2,10.0,0.3276917204902045,1,1.0,0.3503028188458281,0,0.0,1.0,0,3.0,0.9919889045189056,0,0.0,0.9342205050533112,0,0.0,1.0
1928.0,14,72.0,1.2413793103448276,6.8281615659790935,58,333.0,5.741379310344827,40.0,0.6896551724137931,13,110.0,67.0,6.362547448138345,2.8205128205128207,2.8205128205128207,39,1,29.0,0.7440145374989396,8,50.0,0.3250404968406805,0,4.0,0.6895450502343665,3,20.0,0.3498068009795485,0,0.0,1.0,1,7.0,0.1957920462271314,0,0.0,0.974265361047325,0,0.0,1.0
1936.0,12,112.0,1.8064516129032255,6.208946204198598,62,453.0,7.306451612903226,120.0,1.935483870967742,12,170.0,60.0,4.869377081217693,4.857142857142857,4.857142857142857,35,1,37.0,0.76426777220399,4,68.0,0.3035525181598481,3,16.0,0.0211538643665528,3,44.0,0.0,0,0.0,1.0,0,0.0,1.0,1,5.0,0.4912190180346355,0,0.0,1.0
1944.0,8,28.0,0.4307692307692308,7.452680172395765,65,540.0,8.307692307692308,87.0,1.3384615384615384,8,136.0,0.0,5.5348329710516495,4.25,4.25,32,1,21.0,0.8103908754416833,7,77.0,0.2022957833602274,0,21.0,0.3385506242353647,0,17.0,0.6697002581751741,0,0.0,1.0,0,0.0,1.0,0,0.0,0.7186793215167573,0,0.0,1.0
1952.0,17,126.0,2.1,6.163189754634311,60,562.0,9.366666666666667,22.0,0.3666666666666666,17,193.0,57.0,3.78817028140139,5.514285714285714,5.514285714285714,35,1,26.0,0.5885293567860911,12,129.0,0.1343881984214785,3,37.0,0.0461743506805964,1,1.0,0.4692734502605594,0,0.0,1.0,0,0.0,0.6560920755589941,0,0.0,1.0,0,0.0,1.0
1960.0,11,95.0,1.532258064516129,6.7283189875997085,62,585.0,9.435483870967742,23.0,0.3709677419354839,11,210.0,17.0,5.5872496386607,6.0,6.0,35,0,13.0,0.827784824912388,5,118.0,0.3255513575637904,6,79.0,0.2140634589259666,0,0.0,1.0,0,0.0,1.0,0,0.0,0.5126447623352226,0,0.0,1.0,0,0.0,1.0
1968.0,5,24.0,0.3692307692307692,8.299016902640869,65,595.0,9.153846153846152,10.0,0.1538461538461538,5,146.0,0.0,7.650810417181519,3.743589743589744,3.743589743589744,39,2,29.0,0.7939098623023434,0,40.0,0.5779077016597004,3,77.0,0.4447553663408549,0,0.0,1.0,0,0.0,1.0,0,0.0,0.0947835322032222,0,0.0,0.963070875568999,0,0.0,1.0
1976.0,6,46.0,0.696969696969697,7.797016186500101,66,557.0,8.43939393939394,0.0,0.0,6,82.0,0.0,7.032507136058413,2.102564102564102,2.102564102564102,39,2,45.0,0.6461371104882336,0,0.0,0.6212169220708742,0,14.0,0.6459712725221152,0,1.0,0.8907270205217029,0,0.0,1.0,2,15.0,0.0,2,7.0,0.3029390983365936,0,0.0,1.0
1984.0,10,84.0,1.2537313432835822,6.614340106689912,67,592.0,8.835820895522389,35.0,0.5223880597014925,10,108.0,26.0,4.851825348286535,2.769230769230769,2.769230769230769,39,2,32.0,0.4104390934443238,1,2.0,0.4058619612324357,2,18.0,0.5586210966046247,0,0.0,0.9999225005331582,0,0.0,1.0,2,31.0,0.0,3,25.0,0.006259308346341,0,0.0,1.0
1992.0,11,109.0,1.7580645161290325,6.819761458401035,62,566.0,9.129032258064516,0.0,0.0,11,161.0,53.0,5.390032527566188,4.128205128205129,4.128205128205129,39,9,76.0,0.1705527051853513,0,2.0,0.7836234096922116,0,24.0,0.668839554823221,0,0.0,0.9491111367917152,0,0.0,1.0,2,47.0,0.0,0,12.0,0.2858725621274789,0,0.0,1.0
2000.0,16,162.0,2.8421052631578947,6.732780505976304,57,543.0,9.526315789473683,0.0,0.0,15,200.0,39.0,4.989337953026695,5.555555555555555,5.555555555555555,36,12,164.0,0.3410055377039885,0,0.0,0.957654804451726,3,36.0,0.5279621348073524,0,0.0,0.4585442906362387,0,0.0,1.0,0,0.0,1.0,0,0.0,1.0,0,0.0,1.0
2008.0,7,86.0,1.4827586206896552,6.678393641510353,58,622.0,10.724137931034482,79.0,1.362068965517241,7,204.0,4.0,6.077211854022517,5.1,5.1,40,5,165.0,0.360809737426608,1,3.0,0.0001178376911994,0,31.0,0.705101695318675,1,2.0,0.4782838851445194,0,0.0,0.8678941171553775,0,0.0,0.9128331814132352,0,3.0,0.9326783394676564,0,0.0,1.0
2016.0,12,54.0,0.9310344827586208,6.812080317472225,58,650.0,11.20689655172414,28.0,0.4827586206896552,11,160.0,0.0,4.891786558528795,4.848484848484849,4.848484848484849,33,6,121.0,0.3308410786582785,1,11.0,0.4610616463881597,0,4.0,0.8642168233806914,3,21.0,7.922073434145559e-06,0,0.0,1.0,1,3.0,0.0001389586536886,0,0.0,0.9504074154042657,0,0.0,1.0
2024.0,5,28.0,0.4827586206896552,8.035063975603839,58,610.0,10.517241379310343,0.0,0.0,4,114.0,0.0,7.279422604507246,3.8,3.8,30,3,95.0,0.4640390140552952,0,4.0,0.9387942758825356,0,4.0,0.8712876605438162,0,0.0,0.9811251543613696,0,0.0,1.0,1,11.0,0.0,0,0.0,0.9871321102194196,0,0.0,1.0
2032.0,3,18.0,0.3272727272727272,9.46751382231316,55,515.0,9.363636363636363,0.0,0.0,3,50.0,0.0,8.276357774065733,2.1739130434782608,2.1739130434782608,23,1,39.0,0.7696452832060132,1,4.0,0.4208650800995263,0,4.0,0.8273927333533418,0,0.0,1.0,0,0.0,0.9275665896636668,0,0.0,1.0,1,3.0,0.000568647360309,0,0.0,1.0
2040.0,3,30.0,0.6122448979591837,8.996769751937235,49,422.0,8.612244897959183,0.0,0.0,3,58.0,8.0,7.711817871069112,2.636363636363636,2.636363636363636,22,2,50.0,0.7109260497884898,0,0.0,0.8026022178793092,1,5.0,0.7080273008037683,0,0.0,0.6476141348561051,0,0.0,0.0219201332195323,0,0.0,1.0,0,3.0,0.9350739369212412,0,0.0,1.0
2048.0,2,9.0,0.2045454545454545,9.557359741871606,44,380.0,8.636363636363637,0.0,0.0,1,20.0,0.0,8.653694566260183,1.3333333333333333,1.3333333333333333,15,0,4.0,0.809707405504898,0,0.0,0.8595210287313141,1,13.0,0.6162852583850683,0,0.0,0.904880730438817,0,0.0,1.0,0,3.0,0.616069112731041,0,0.0,1.0,0,0.0,1.0
2056.0,4,29.0,0.6904761904761905,9.719690777885075,42,345.0,8.214285714285714,0.0,0.0,3,47.0,27.0,7.818545397533836,2.764705882352941,2.764705882352941,17,1,14.0,0.7974130584442919,0,0.0,0.629773327493502,1,17.0,0.0,0,0.0,1.0,0,8.0,0.7606644447453034,1,8.0,0.4286084427245602,0,0.0,1.0,0,0.0,1.0
2064.0,6,48.0,1.0434782608695652,8.702104061283643,46,323.0,7.021739130434782,0.0,0.0,6,65.0,18.0,7.086300308371145,2.8260869565217392,2.8260869565217392,23,3,28.0,0.619325551906102,2,14.0,0.4489893221270103,0,3.0,0.9724753105396556,0,0.0,0.9760527081994372,0,0.0,1.0,1,20.0,0.3117310957279483,0,0.0,0.7941380456263802,0,0.0,1.0
2072.0,9,74.0,1.48,7.233037625070668,50,361.0,7.22,38.0,0.76,8,97.0,32.0,6.123127430703392,3.2333333333333334,3.2333333333333334,30,0,13.0,0.562228216141386,4,41.0,0.3682115151703107,0,0.0,1.0,0,0.0,0.6433711239353512,0,0.0,1.0,3,40.0,0.2341584628107224,1,3.0,0.5603514184840853,0,0.0,1.0
2080.0,17,173.0,3.5306122448979598,6.112522731812222,49,443.0,9.040816326530612,82.0,1.673469387755102,17,206.0,109.0,4.561844303954936,6.4375,6.4375,32,2,22.0,0.6037309979554804,7,91.0,0.3207188040363695,0,0.0,1.0,4,20.0,0.1816476385996457,0,4.0,0.4678218611532636,3,64.0,0.0,1,5.0,0.3209249681362187,0,0.0,1.0
2088.0,13,232.0,4.64,6.123672766826828,50,552.0,11.04,109.0,2.18,13,269.0,63.0,3.664090409054985,9.607142857142858,9.607142857142858,28,0,5.0,0.5401968909868751,8,144.0,0.1944380155018807,0,0.0,1.0,2,32.0,0.0876561022497467,0,0.0,1.0,3,88.0,0.2336414875452428,0,0.0,0.3435767622932737,0,0.0,1.0
2096.0,15,329.0,6.092592592592593,7.231507906584188,54,544.0,10.074074074074074,0.0,0.0,14,343.0,74.0,5.073921009465901,11.827586206896552,11.827586206896552,29,0,4.0,0.7896522204770999,8,210.0,0.2138391131306367,0,0.0,1.0,1,10.0,0.0,0,0.0,0.461713820728648,4,113.0,0.000865373929006,1,6.0,0.0,0,0.0,1.0
2104.0,6,88.0,1.5172413793103448,7.803529455993709,58,581.0,10.017241379310343,37.0,0.6379310344827587,5,235.0,0.0,6.486214629284981,9.791666666666666,9.791666666666666,24,1,5.0,0.5593042816028426,2,154.0,0.4609269054976106,0,0.0,1.0,1,18.0,0.0,0,0.0,0.9781057423407532,0,44.0,0.4456067090717608,1,14.0,0.0,0,0.0,1.0
2112.0,9,43.0,0.7288135593220338,8.24555433799756,59,579.0,9.813559322033898,0.0,0.0,9,207.0,0.0,6.494778831779406,8.28,8.28,25,5,37.0,0.4874847598493476,4,167.0,0.2579101852093425,0,3.0,0.8661019942141864,0,0.0,0.4770223587565467,0,0.0,1.0,0,0.0,1.0,0,0.0,0.7040357468363032,0,0.0,1.0
2120.0,9,71.0,1.2456140350877194,8.309093824183273,57,534.0,9.36842105263158,0.0,0.0,8,243.0,36.0,7.329374901025014,9.72,9.72,25,0,15.0,0.7028765702211718,5,206.0,0.2754675941713927,0,3.0,0.9569127720517864,1,4.0,0.4394725169930893,0,0.0,0.9777411810991145,0,3.0,0.9995247129981252,2,12.0,0.4349506114945469,0,0.0,1.0
2128.0,14,155.0,2.767857142857143,7.228329560623043,56,595.0,10.625,61.0,1.0892857142857142,14,332.0,89.0,5.903029947993773,12.296296296296296,12.296296296296296,27,3,21.0,0.6368264107888276,5,253.0,0.2680040413116745,0,3.0,0.9909473069542736,1,12.0,0.4493944491447278,0,0.0,0.2482612681000891,1,9.0,0.4827197901081322,4,34.0,0.0005830669328865,0,0.0,1.0
2136.0,3,4.0,0.0666666666666666,8.300224510286302,60,660.0,11.0,65.0,1.0833333333333333,2,187.0,0.0,7.253265874137484,8.5,8.5,22,0,1.0,0.7933286134372366,0,161.0,0.367141406698286,0,3.0,0.6341213477161701,2,5.0,0.3568374497757028,0,0.0,1.0,0,0.0,1.0,0,17.0,0.3360390233431407,0,0.0,1.0
2144.0,7,30.0,0.5263157894736842,8.557859684616904,57,659.0,11.56140350877193,0.0,0.0,7,197.0,10.0,7.013975498247207,7.576923076923077,7.576923076923077,26,4,25.0,0.5702654715616806,3,166.0,0.0009264658077368,0,3.0,0.969766283534491,0,3.0,0.4862473632679319,0,0.0,0.3640463908159311,0,0.0,0.9539049171018626,0,0.0,1.0,0,0.0,1.0
2152.0,7,19.0,0.3725490196078431,8.388315933142955,51,533.0,10.450980392156865,0.0,0.0,6,96.0,0.0,6.6223816778764135,5.333333333333333,5.333333333333333,18,1,13.0,0.6304832191536264,0,56.0,0.7399591343687191,0,6.0,0.9049067390874724,3,14.0,0.0002217526815544,1,0.0,0.0,1,7.0,0.4994140361001928,0,0.0,1.0,0,0.0,1.0
2160.0,9,33.0,0.6875,8.102026515871563,48,550.0,11.458333333333334,17.0,0.3541666666666667,8,118.0,22.0,5.917555180575638,5.619047619047619,5.619047619047619,21,1,11.0,0.7870535521241745,1,61.0,0.4264691652495011,2,17.0,0.5524546044137202,0,7.0,0.719551618393896,2,2.0,0.0049356599064419,2,20.0,0.0289810996234737,0,0.0,1.0,0,0.0,1.0
2168.0,6,72.0,1.6,7.921522514768358,45,581.0,12.911111111111111,31.0,0.6888888888888889,6,154.0,36.0,5.309507222764175,8.105263157894736,8.105263157894736,19,1,16.0,0.5761870272965978,1,69.0,0.476846604959373,0,10.0,0.6878042114230467,1,13.0,0.0067385490734947,0,0.0,1.0,3,46.0,0.2185745643249175,0,0.0,1.0,0,0.0,1.0
2176.0,3,43.0,1.048780487804878,8.28886135032684,41,552.0,13.46341463414634,0.0,0.0,3,132.0,0.0,6.743425152104475,7.764705882352941,7.764705882352941,17,0,3.0,0.8232425624035142,1,77.0,0.4874616150961579,0,7.0,0.7929643880675492,2,29.0,0.3068621363096676,0,0.0,0.1719290721399129,0,16.0,0.3750945464664508,0,0.0,1.0,0,0.0,1.0
2184.0,7,82.0,1.8222222222222224,8.15335823887303,45,520.0,11.555555555555555,0.0,0.0,7,186.0,54.0,6.6724926952445545,8.08695652173913,8.08695652173913,23,1,7.0,0.6268930825392517,1,85.0,0.4666430326505237,0,15.0,0.7304946709280566,2,45.0,0.0538721465862874,1,0.0,0.0,2,27.0,2.2638488510328485e-05,0,7.0,0.9301497390290712,0,0.0,1.0
2192.0,9,142.0,3.463414634146341,7.145361870200451,41,499.0,12.170731707317072,0.0,0.0,8,227.0,41.0,5.211582328372147,10.80952380952381,10.80952380952381,21,1,12.0,0.4102520645429623,1,93.0,0.5140431426984116,1,12.0,0.6123022237337029,3,67.0,0.2669188526110681,0,0.0,1.0,2,43.0,0.3114533959448479,0,0.0,1.0,0,0.0,1.0
2200.0,5,93.0,2.4473684210526314,7.33521261263602,38,526.0,13.842105263157896,27.0,0.7105263157894737,5,187.0,0.0,7.397852196007737,8.130434782608695,8.130434782608695,23,0,0.0,0.9439363695576,1,110.0,0.7173325893529264,2,13.0,0.5031715403258258,0,1.0,0.7227332548236047,0,0.0,1.0,2,59.0,0.0189793380942069,0,4.0,0.9584884155154112,0,0.0,1.0
2208.0,7,78.0,2.0526315789473686,7.340195463787455,38,578.0,15.210526315789474,52.0,1.368421052631579,7,122.0,0.0,4.837381715099825,5.809523809523809,5.809523809523809,21,2,11.0,0.4843048761076803,0,9.0,0.961002227247498,1,16.0,0.2635729857582201,1,4.0,0.4688605407191672,0,0.0,1.0,3,82.0,0.0,0,0.0,1.0,0,0.0,1.0
2216.0,6,51.0,1.3076923076923077,8.091477482712236,39,617.0,15.82051282051282,39.0,1.0,6,84.0,0.0,7.010930296549167,4.0,4.0,21,2,27.0,0.6277987855832867,0,11.0,0.7773091461689212,3,28.0,0.3702671464586407,0,0.0,1.0,0,0.0,1.0,1,15.0,0.0,0,3.0,0.9753016959651292,0,0.0,1.0
2224.0,4,47.0,1.205128205128205,8.680891797174198,39,642.0,16.46153846153846,25.0,0.6410256410256411,4,83.0,0.0,7.515876311400413,3.772727272727273,3.772727272727273,22,2,43.0,0.6154119720744716,1,14.0,0.6767239371030964,1,19.0,0.3267056465342928,0,3.0,0.9159812124613046,0,0.0,0.2152202440975434,0,0.0,1.0,0,4.0,0.9021059584431128,0,0.0,1.0
2232.0,8,62.0,1.631578947368421,7.221777239768299,38,615.0,16.18421052631579,0.0,0.0,8,100.0,17.0,6.028693030389311,4.545454545454546,4.545454545454546,22,3,45.0,0.5300359751356438,0,18.0,0.8234029233268644,1,15.0,0.2574906804931058,1,8.0,0.4596663820775438,1,0.0,0.2495916733468276,1,3.0,0.0005238710224635,1,11.0,0.4491339765541039,0,0.0,1.0
2240.0,5,29.0,0.725,8.33279617307041,40,655.0,16.375,40.0,1.0,5,57.0,0.0,6.113262129650353,2.85,2.85,20,1,4.0,0.5675460205929793,0,21.0,0.8765860052978721,1,20.0,0.3852755975024891,1,7.0,1.822718438439764e-05,2,5.0,0.0565239807157614,0,0.0,1.0,0,0.0,0.5012514782089119,0,0.0,1.0
2248.0,5,51.0,1.3076923076923077,8.787027778286134,39,690.0,17.692307692307693,35.0,0.8974358974358975,5,87.0,30.0,6.772310991655931,4.35,4.35,20,4,30.0,0.3158803232264557,0,21.0,0.8781086761815179,1,33.0,0.4989387309220178,0,0.0,0.917584072704096,0,0.0,0.2841749135659427,0,3.0,0.8831542651755224,0,0.0,1.0,0,0.0,1.0
2256.0,3,35.0,1.0606060606060606,9.08659535110556,33,502.0,15.212121212121213,0.0,0.0,3,63.0,0.0,7.857404327448646,4.2,4.2,15,1,5.0,0.6361592165338608,0,18.0,0.9131894384308368,1,36.0,0.6012216359173912,0,0.0,0.2662743602844294,0,0.0,1.0,1,4.0,0.0059460192630155,0,0.0,1.0,0,0.0,1.0
2264.0,4,57.0,1.8387096774193548,8.510424384379032,31,517.0,16.677419354838708,15.0,0.4838709677419355,4,88.0,25.0,7.132787647559027,5.176470588235294,5.176470588235294,17,0,3.0,0.9665315764592634,0,18.0,0.7651234721376603,2,49.0,0.508954030126537,1,6.0,1.6432765688004335e-05,0,0.0,1.0,1,12.0,0.0,0,0.0,1.0,0,0.0,1.0
2272.0,4,69.0,2.3793103448275863,8.173184961001915,29,436.0,15.03448275862069,0.0,0.0,4,91.0,3.0,6.89361163733468,5.352941176470588,5.352941176470588,17,0,3.0,0.8498528001697038,1,16.0,0.7270037513886359,1,52.0,0.5075790973217703,0,0.0,1.0,1,0.0,0.0,1,20.0,0.0,0,0.0,1.0,0,0.0,1.0
2280.0,3,20.0,0.625,8.577572430624635,32,458.0,14.3125,22.0,0.6875,3,40.0,0.0,7.777925708837318,2.3529411764705883,2.3529411764705883,17,0,3.0,0.9122737562539976,1,27.0,0.5744502663575178,2,8.0,0.5577535334093253,0,0.0,1.0,0,0.0,0.4694763444561406,0,0.0,1.0,0,2.0,0.3817151252163525,0,0.0,1.0
2288.0,3,20.0,0.5555555555555556,8.371516400098692,36,448.0,12.444444444444445,0.0,0.0,3,39.0,0.0,6.69187658333086,2.1666666666666665,2.1666666666666665,18,0,6.0,0.5603372941896119,2,30.0,0.5175657192322031,0,0.0,0.7592244922200212,0,0.0,1.0,1,0.0,0.0,0,0.0,1.0,0,3.0,0.9903878999480408,0,0.0,1.0
2296.0,1,0.0,0.0,8.967198114233685,40,386.0,9.65,0.0,0.0,1,22.0,0.0,8.09753333567093,1.0,1.0,22,0,3.0,0.7040247985277468,1,13.0,0.7358469770502494,0,0.0,0.4294484247332693,0,0.0,1.0,0,3.0,0.9409400188344018,0,0.0,1.0,0,3.0,0.5303206795982742,0,0.0,1.0
2304.0,1,6.0,0.1304347826086956,9.009518481216483,46,283.0,6.152173913043479,0.0,0.0,1,18.0,0.0,9.098748569847304,0.782608695652174,0.782608695652174,23,0,3.0,0.8618586695564276,0,6.0,0.827423898647622,0,0.0,0.6952077962657519,0,0.0,0.959415556317128,0,0.0,1.0,0,0.0,0.9227150546471234,1,9.0,0.0,0,0.0,0.9704213196310992
2312.0,4,8.0,0.1632653061224489,8.986284325711141,49,175.0,3.571428571428572,0.0,0.0,4,24.0,6.0,8.986647858727526,0.8888888888888888,0.8888888888888888,27,0,6.0,0.8522172802612457,2,12.0,0.5501460313670444,0,0.0,0.7969306053999466,1,5.0,0.5007714578678603,1,1.0,0.0050320034796395,0,0.0,1.0,0,0.0,0.9117135743028888,0,0.0,0.9152145006727564
2328.0,6,36.0,0.6666666666666666,7.422714001756616,54,189.0,3.5,1.0,0.0185185185185185,6,61.0,28.0,6.588311067478701,2.103448275862069,2.103448275862069,29,2,16.0,0.4172339229219963,1,19.0,0.7522404001873527,1,1.0,0.5946188976554525,1,17.0,0.0,0,0.0,1.0,1,8.0,0.4859935229200677,0,0.0,1.0,0,0.0,1.0
2336.0,8,60.0,1.0526315789473684,7.770459463164572,57,227.0,3.982456140350877,38.0,0.6666666666666666,8,82.0,21.0,6.578360102890906,2.411764705882353,2.411764705882353,34,2,10.0,0.5398257253552363,1,27.0,0.748862087732672,3,15.0,0.5097837112695273,1,25.0,0.4978055203522443,0,0.0,0.3445083952991121,1,5.0,0.435799535541336,0,0.0,1.0,0,0.0,1.0
2344.0,16,146.0,2.4745762711864407,6.889769966059441,59,299.0,5.067796610169491,72.0,1.2203389830508475,16,167.0,85.0,5.432175266243142,4.282051282051282,4.282051282051282,39,1,6.0,0.6842896675939847,2,39.0,0.6325228228002657,8,62.0,0.3222265566478679,1,33.0,0.4839433533703684,2,8.0,0.327475617839764,2,19.0,0.262083289694304,0,0.0,1.0,0,0.0,1.0
2352.0,12,142.0,2.290322580645161,7.6087977513422045,62,390.0,6.290322580645161,91.0,1.467741935483871,12,204.0,37.0,5.654262854637922,5.828571428571428,5.828571428571428,35,1,17.0,0.6975153931084025,0,9.0,0.8874465240598607,7,96.0,0.3682773154212302,1,41.0,0.0,0,0.0,1.0,3,41.0,0.0,0,0.0,1.0,0,0.0,1.0
2360.0,8,100.0,1.6666666666666667,7.463590980024647,60,405.0,6.75,15.0,0.25,8,179.0,0.0,6.205905844017684,4.972222222222222,4.972222222222222,36,3,31.0,0.6090386718177722,0,6.0,0.8800802932197659,2,74.0,0.4153930846119198,0,3.0,0.9334764860891188,0,0.0,1.0,3,65.0,0.2286419075053975,0,0.0,1.0,0,0.0,1.0
2368.0,9,130.0,2.096774193548387,6.861801601983185,62,444.0,7.161290322580645,39.0,0.6290322580645161,8,213.0,34.0,5.998377570130232,4.840909090909091,4.840909090909091,44,1,30.0,0.6409477085777506,0,6.0,0.8748205312159503,3,84.0,0.3630336177714835,0,0.0,1.0,0,0.0,1.0,4,93.0,0.1742245244255381,0,0.0,1.0,0,0.0,1.0
2376.0,11,183.0,2.7313432835820897,7.229437916790053,67,527.0,7.865671641791045,83.0,1.2388059701492538,10,282.0,69.0,6.407177650591222,6.130434782608695,6.130434782608695,46,2,46.0,0.6978860051718249,0,6.0,0.9313985778724844,3,89.0,0.3232391557524995,0,11.0,0.7864693077008788,0,0.0,1.0,5,130.0,0.0,0,0.0,1.0,0,0.0,1.0
2384.0,11,187.0,2.5616438356164384,7.131164961020568,73,598.0,8.191780821917808,71.0,0.9726027397260274,11,254.0,0.0,5.822057639121239,5.183673469387755,5.183673469387755,49,3,8.0,0.4800241997740126,2,19.0,0.7501406528851237,1,53.0,0.4309495568689312,0,4.0,0.9381350647315072,0,0.0,0.2357658018337874,5,170.0,0.0918956200895782,0,0.0,1.0,0,0.0,1.0
2392.0,15,253.0,3.2025316455696204,6.80613310025988,79,677.0,8.569620253164556,79.0,1.0,13,318.0,64.0,5.145702101104921,6.36,6.36,50,0,7.0,0.6007203055151659,2,37.0,0.6839904022977549,4,55.0,0.3670224144960448,1,3.0,0.000159486614667,0,0.0,1.0,6,216.0,0.0,0,0.0,0.964922959620886,0,0.0,1.0
2400.0,21,369.0,4.730769230769231,5.939006235390165,78,680.0,8.717948717948717,3.0,0.0384615384615384,21,441.0,123.0,4.675894749623065,7.736842105263157,7.736842105263157,57,2,7.0,0.5399646388566529,4,70.0,0.6230725606137659,8,96.0,0.3172039858156511,0,0.0,0.7775958667872935,0,0.0,1.0,6,264.0,0.0,1,4.0,0.0001080960916338,0,0.0,1.0
2408.0,25,486.0,5.926829268292683,5.076429913474748,82,843.0,10.28048780487805,163.0,1.9878048780487805,25,577.0,136.0,3.695341656287916,9.779661016949152,9.779661016949152,59,3,18.0,0.2926826228447701,2,65.0,0.6124638581437437,14,181.0,0.1903969881165791,0,0.0,0.7855065986564108,0,0.0,1.0,6,312.0,0.0440555830829148,0,0.0,1.0,0,1.0,0.9650108794194502
2416.0,26,314.0,3.783132530120482,5.090183728531057,83,1033.0,12.44578313253012,190.0,2.289156626506024,25,565.0,0.0,3.4358034562278386,10.089285714285714,10.089285714285714,56,5,50.0,0.3555403264242499,1,17.0,0.7632711460065918,17,306.0,0.1586082537016998,1,1.0,0.0372930661654225,0,0.0,1.0,1,191.0,0.1691788651941522,0,0.0,1.0,0,0.0,1.0
2424.0,25,297.0,3.6666666666666665,5.257675055285769,81,1233.0,15.22222222222222,200.0,2.469135802469136,25,658.0,93.0,3.645673327696012,12.41509433962264,12.41509433962264,53,6,69.0,0.2941269679795413,1,22.0,0.7903976104346221,15,357.0,0.1483643305179801,0,0.0,0.94883915673888,0,0.0,1.0,3,203.0,0.0043743215854631,0,7.0,0.9535643326117494,0,0.0,1.0
2432.0,22,235.0,2.865853658536585,5.776769825317776,82,1360.0,16.585365853658537,127.0,1.548780487804878,21,643.0,0.0,3.535780175754922,13.122448979591836,13.122448979591836,49,9,92.0,0.189853438913978,1,34.0,0.8056186628074216,10,421.0,0.2035588481448773,0,0.0,0.9885545493939484,0,0.0,1.0,0,87.0,0.4292845240522789,1,9.0,0.2871715397648832,0,0.0,1.0
2440.0,23,225.0,2.7777777777777777,6.127196305135751,81,1480.0,18.271604938271604,120.0,1.4814814814814814,23,692.0,49.0,4.202810108191601,12.814814814814817,12.814814814814817,54,10,161.0,0.2667531437777818,3,23.0,0.611783793031746,9,500.0,0.2151103055112956,1,1.0,0.4823699369692498,0,0.0,1.0,0,0.0,1.0,0,7.0,0.8361588625074656,0,0.0,0.9882372659082268
2448.0,12,78.0,0.951219512195122,7.260129921440886,82,1610.0,19.634146341463413,130.0,1.5853658536585369,11,610.0,0.0,5.1551234291422325,13.555555555555555,13.555555555555555,45,0,44.0,0.6106472817649037,1,27.0,0.7005903235198113,10,532.0,0.2080853103694857,0,0.0,0.8903689532048358,0,0.0,1.0,0,3.0,0.7895214971663556,0,4.0,0.9806507152743856,0,0.0,1.0
2456.0,15,89.0,1.0987654320987654,6.554257527550041,81,1627.0,20.08641975308642,17.0,0.2098765432098765,13,673.0,63.0,5.194077127235671,12.942307692307692,12.942307692307692,52,1,15.0,0.681526128265308,1,35.0,0.7158424715720156,8,605.0,0.2191024881067514,0,0.0,0.4339336845320448,0,0.0,1.0,2,6.0,0.002035717275942,1,12.0,0.1987468443285761,0,0.0,1.0
2464.0,11,49.0,0.5903614457831325,6.523926242379409,83,1555.0,18.734939759036145,0.0,0.0,10,663.0,0.0,5.39409050741943,12.27777777777778,12.27777777777778,54,4,39.0,0.5790057998437483,0,21.0,0.6919260672298901,4,593.0,0.2336697265893186,2,9.0,0.432334939566211,0,0.0,1.0,0,0.0,0.6955373426208273,0,1.0,0.922936314431034,0,0.0,1.0
2472.0,13,63.0,0.7590361445783133,6.853296323357914,83,1586.0,19.10843373493976,31.0,0.3734939759036144,11,586.0,0.0,5.598960670517478,10.654545454545454,10.654545454545454,55,0,34.0,0.7332756529289227,3,42.0,0.6656858340270099,2,465.0,0.2869157641204895,4,33.0,0.097863779065058,0,0.0,1.0,2,12.0,0.2647169178430502,0,0.0,1.0,0,0.0,1.0
2480.0,13,127.0,1.5875,6.713321076388252,80,1536.0,19.2,0.0,0.0,13,649.0,63.0,5.54812016258211,11.189655172413794,11.189655172413794,58,0,15.0,0.7362447605094115,4,72.0,0.654013307650425,2,480.0,0.350326295728034,7,78.0,0.1013118697612611,0,0.0,0.1378710687566059,0,4.0,0.4981163823063214,0,0.0,1.0,0,0.0,1.0
2488.0,21,221.0,2.6951219512195124,6.452345046089183,82,1676.0,20.4390243902439,140.0,1.7073170731707317,21,753.0,104.0,5.364388103372299,12.344262295081966,12.344262295081966,61,3,39.0,0.719030206884614,1,33.0,0.7361378785192684,7,521.0,0.3281031235540971,9,140.0,0.0028578737123281,0,0.0,1.0,1,13.0,0.4504143010988856,0,7.0,0.9218638891075872,0,0.0,1.0
2496.0,21,180.0,2.1951219512195124,6.312895006258112,82,1848.0,22.536585365853657,172.0,2.097560975609756,21,715.0,0.0,4.682060210216571,12.767857142857142,12.767857142857142,56,3,63.0,0.6100230273380259,3,44.0,0.6064639285994311,8,473.0,0.4079755001326459,5,113.0,0.0765209823198941,0,0.0,0.3722794933451745,2,22.0,0.004115308086537,0,0.0,1.0,0,0.0,1.0
2504.0,15,109.0,1.2674418604651163,6.454380960514427,86,1965.0,22.848837209302324,117.0,1.3604651162790695,15,778.0,63.0,4.935445385058726,13.186440677966102,13.186440677966102,59,2,14.0,0.5662587953903221,4,79.0,0.606510363191262,4,505.0,0.4508982655162594,3,142.0,0.1971719162994646,0,0.0,1.0,2,38.0,0.0,0,0.0,1.0,0,0.0,1.0
2512.0,16,141.0,1.6785714285714286,7.200824380767448,84,2021.0,24.05952380952381,56.0,0.6666666666666666,16,688.0,0.0,5.760542602410765,12.285714285714286,12.285714285714286,56,4,26.0,0.55302657299202,2,76.0,0.771399010633458,4,416.0,0.5192170805819338,4,116.0,0.1899684974191806,0,0.0,0.5934136265037885,2,54.0,0.0,0,0.0,1.0,0,0.0,0.9794080321702382
2520.0,11,86.0,1.0,7.27402915097582,86,1935.0,22.5,0.0,0.0,11,603.0,0.0,5.882991666821513,10.963636363636365,10.963636363636365,55,2,18.0,0.6466417863835574,4,102.0,0.6146443188922153,4,441.0,0.4472787479523645,1,39.0,0.3648914660312338,0,0.0,0.1943731491387537,0,0.0,1.0,0,3.0,0.9359941996184652,0,0.0,0.9888041572856144
2536.0,6,20.0,0.2597402597402597,7.908414536954382,77,1859.0,24.142857142857142,0.0,0.0,6,427.0,0.0,6.24457140822963,10.414634146341465,10.414634146341465,41,1,2.0,0.6267468639975758,1,53.0,0.7416621765100282,4,357.0,0.5193779939706531,0,15.0,0.3893628444388181,0,0.0,1.0,0,0.0,1.0,0,0.0,1.0,0,0.0,1.0
2544.0,14,103.0,1.3376623376623376,7.2779467037457986,77,1865.0,24.22077922077922,6.0,0.0779220779220779,13,492.0,65.0,5.650818061123109,10.933333333333334,10.933333333333334,45,1,13.0,0.7181576812889151,4,57.0,0.5530114123829729,8,415.0,0.3964939414751142,0,0.0,1.0,0,0.0,1.0,0,7.0,0.6810759777725379,0,0.0,1.0,0,0.0,1.0
2552.0,10,152.0,2.140845070422535,7.607509160475199,71,1829.0,25.76056338028169,0.0,0.0,10,528.0,36.0,6.077766454534265,13.894736842105264,13.894736842105264,38,1,10.0,0.7642034391737161,1,45.0,0.6497906878525272,8,466.0,0.439894727803936,0,0.0,1.0,0,0.0,1.0,0,7.0,0.9244716256096036,0,0.0,1.0,0,0.0,1.0
2560.0,4,56.0,0.8235294117647058,8.962572011111567,68,1853.0,27.25,24.0,0.3529411764705882,3,458.0,0.0,7.988838933102722,12.72222222222222,12.72222222222222,36,0,7.0,0.9438364206502866,2,55.0,0.7217114943255839,1,390.0,0.5804309531695034,0,0.0,1.0,0,0.0,1.0,0,4.0,0.9159906061375422,0,2.0,0.9683444340754586,0,0.0,1.0
2568.0,6,55.0,0.9166666666666666,7.297919334356943,60,1752.0,29.2,0.0,0.0,5,491.0,33.0,5.759122131169577,13.27027027027027,13.27027027027027,37,1,5.0,0.6733718108833139,3,79.0,0.5079907629194226,1,399.0,0.3932299893065737,0,4.0,0.9789067142735878,0,4.0,0.0479561018609428,0,0.0,0.8092214865969757,0,0.0,0.6139539606765202,0,0.0,1.0
2584.0,18,238.0,4.25,6.667356231458712,56,1775.0,31.696428571428573,22.0,0.3928571428571428,16,650.0,90.0,4.577066340012771,21.666666666666668,21.666666666666668,30,4,50.0,0.5851028669794963,4,118.0,0.3760574732828184,6,466.0,0.2233740172255874,0,0.0,1.0,0,0.0,0.4885056373931207,1,13.0,0.4981188672193395,1,3.0,0.0002142504427108,0,0.0,1.0
2592.0,9,137.0,2.6346153846153846,7.440619883319787,52,1584.0,30.46153846153846,0.0,0.0,9,561.0,0.0,5.524377553314616,23.375,23.375,24,1,17.0,0.6356764946347379,1,16.0,0.6144967724763739,6,517.0,0.2983245967137444,0,0.0,1.0,0,0.0,0.4800145668961441,0,0.0,1.0,1,11.0,0.0,0,0.0,1.0
2600.0,7,60.0,1.2765957446808511,7.285472371015942,47,1592.0,33.87234042553192,8.0,0.1702127659574468,7,402.0,0.0,5.398308322218384,16.75,16.75,24,4,43.0,0.4003351931387131,1,24.0,0.5437718992079634,2,332.0,0.4072353546977779,0,0.0,1.0,0,0.0,1.0,0,0.0,1.0,0,3.0,0.723419721417268,0,0.0,1.0
2608.0,12,116.0,2.5217391304347827,6.8223721813014775,46,1518.0,33.0,0.0,0.0,12,474.0,72.0,4.457225190745102,18.96,18.96,25,6,90.0,0.3613450898647508,2,45.0,0.525988568392784,3,332.0,0.3662469942025509,0,0.0,1.0,0,0.0,1.0,0,0.0,1.0,1,7.0,7.879067638452773e-06,0,0.0,1.0
2616.0,6,118.0,2.5106382978723403,8.21067375015774,47,1563.0,33.255319148936174,45.0,0.9574468085106383,6,276.0,0.0,7.591097865220357,9.857142857142858,9.857142857142858,28,4,85.0,0.5838249966692212,2,61.0,0.6452811863255286,0,130.0,0.596613532569389,0,0.0,0.9358761630293092,0,0.0,1.0,0,0.0,0.9491267861263558,0,0.0,1.0,0,0.0,1.0
2624.0,8,176.0,3.3846153846153846,8.400179331568857,52,1621.0,31.173076923076923,58.0,1.1153846153846154,8,340.0,64.0,7.693469351016225,9.714285714285714,9.714285714285714,35,4,117.0,0.6271047735771426,2,83.0,0.6176406795820178,2,140.0,0.56291075615819,0,0.0,0.7690234925213416,0,0.0,1.0,0,0.0,1.0,0,0.0,0.931746877440683,0,0.0,1.0
2632.0,11,251.0,4.735849056603773,8.193403123803535,53,1617.0,30.50943396226415,0.0,0.0,11,415.0,75.0,7.288936035451901,11.216216216216216,11.216216216216216,37,5,155.0,0.5659315927270078,3,102.0,0.6768852669818479,3,158.0,0.5414748409595894,0,0.0,1.0,0,0.0,0.7436354441025956,0,0.0,1.0,0,0.0,1.0,0,0.0,1.0
2640.0,19,363.0,7.26,5.604313397529902,50,1683.0,33.66,66.0,1.32,19,530.0,115.0,4.6854390882573975,13.58974358974359,13.58974358974359,39,10,218.0,0.3698806791845563,5,123.0,0.5404172630058255,4,189.0,0.2939879962977543,0,0.0,0.9036639208576956,0,0.0,1.0,0,0.0,1.0,0,0.0,1.0,0,0.0,1.0
2648.0,8,237.0,4.836734693877551,6.9256708212632025,49,1803.0,36.795918367346935,120.0,2.4489795918367347,8,336.0,0.0,6.235750044042867,10.838709677419354,10.838709677419354,31,7,263.0,0.4579694640723599,1,31.0,0.6759439043421528,0,42.0,0.5522016575230426,0,0.0,1.0,0,0.0,1.0,0,0.0,1.0,0,0.0,1.0,0,0.0,1.0
2656.0,11,307.0,5.903846153846154,7.248391284393635,52,1873.0,36.01923076923077,70.0,1.3461538461538465,11,358.0,22.0,6.300636441094872,10.529411764705882,10.529411764705882,34,9,305.0,0.4389215650312141,2,36.0,0.5938486040021004,0,17.0,0.8426837158698689,0,0.0,0.7082628552823047,0,0.0,1.0,0,0.0,1.0,0,0.0,1.0,0,0.0,1.0
2664.0,6,15.0,0.3,6.251346953395349,50,1790.0,35.8,0.0,0.0,6,148.0,0.0,5.131918123997636,4.228571428571429,4.228571428571429,35,2,100.0,0.3437857342384712,1,22.0,0.617036309028377,0,17.0,0.8786543688739332,3,9.0,0.002378839285594,0,0.0,1.0,0,0.0,0.8480140867530847,0,0.0,1.0,0,0.0,1.0
2672.0,11,47.0,0.94,6.905259462235346,50,1847.0,36.94,57.0,1.14,11,188.0,40.0,5.5143763925247,5.529411764705882,5.529411764705882,34,7,121.0,0.3417063861273383,2,36.0,0.6765494683984713,2,25.0,0.6029187671359447,0,6.0,0.2492462768540769,0,0.0,1.0,0,0.0,0.0700227026351945,0,0.0,0.9144489620836386,0,0.0,1.0
2680.0,6,38.0,0.8085106382978723,6.996312612509472,47,1392.0,29.617021276595743,0.0,0.0,6,123.0,0.0,5.433147123661176,3.967741935483871,3.967741935483871,31,2,62.0,0.3115363328967369,1,20.0,0.5506565775178585,3,41.0,0.5570175742602183,0,0.0,0.8582105306201974,0,0.0,1.0,0,0.0,1.0,0,0.0,0.4131577603161999,0,0.0,1.0
2688.0,12,115.0,2.346938775510204,7.580592146908169,49,1399.0,28.551020408163264,7.0,0.1428571428571428,12,165.0,42.0,5.483791541584944,5.15625,5.15625,32,3,44.0,0.473069185299158,4,46.0,0.4132546410603256,3,61.0,0.5485149103596103,0,0.0,0.589462409478722,0,0.0,0.6965243035425064,0,0.0,1.0,2,14.0,0.218983858637799,0,0.0,1.0
2696.0,10,129.0,2.8666666666666667,7.130443473785736,45,1215.0,27.0,0.0,0.0,9,181.0,16.0,5.491313076791712,6.961538461538462,6.961538461538462,26,1,22.0,0.2476243356544961,3,60.0,0.5118540526956249,2,76.0,0.7051636676916306,2,7.0,0.3077871295330548,0,0.0,1.0,0,0.0,0.9782046684520692,1,16.0,0.0,0,0.0,1.0
2704.0,9,190.0,4.523809523809524,7.173615589469162,42,1002.0,23.857142857142858,0.0,0.0,9,225.0,44.0,5.0865395272694025,8.653846153846153,8.653846153846153,26,2,27.0,0.4082362251300971,3,80.0,0.4556314484849764,3,93.0,0.5161773757313879,0,1.0,0.3449842310298658,0,0.0,0.5297091705644876,0,0.0,1.0,1,24.0,0.4963067640932267,0,0.0,1.0
2712.0,3,34.0,0.723404255319149,8.420598338903197,47,1044.0,22.21276595744681,42.0,0.8936170212765957,3,80.0,0.0,7.284197650261894,3.076923076923077,3.076923076923077,26,3,51.0,0.61009743499365,0,7.0,0.6165004176185422,0,22.0,0.864073162405334,0,0.0,0.1003441223140252,0,0.0,1.0,0,0.0,0.9407033141495932,0,0.0,0.0196948931707541,0,0.0,1.0
2720.0,3,19.0,0.4222222222222222,8.60343609650409,45,1015.0,22.55555555555556,0.0,0.0,3,48.0,0.0,7.332597519739965,2.0869565217391304,2.0869565217391304,23,0,11.0,0.8410944584766712,2,18.0,0.4671809306591881,0,7.0,0.8739001337635853,1,8.0,0.4797026954348025,0,0.0,1.0,0,4.0,0.2182178446479836,0,0.0,0.9953597365529244,0,0.0,1.0
2728.0,6,38.0,0.7916666666666666,9.225163401871884,48,1054.0,21.95833333333333,39.0,0.8125,5,59.0,11.0,7.19888407178275,2.95,2.95,20,0,10.0,0.8509891903861136,1,23.0,0.5887202599823212,2,12.0,0.4735132466892943,1,3.0,0.489581081953638,0,0.0,0.5900812790809108,1,11.0,0.4828523971798144,0,0.0,1.0,0,0.0,1.0
2736.0,3,25.0,0.5208333333333334,9.338413110393468,48,436.0,9.083333333333334,0.0,0.0,3,50.0,0.0,8.93027068048982,1.9230769230769231,1.9230769230769231,26,1,13.0,0.8365761517429435,2,31.0,0.5776017918212623,0,3.0,0.90504364951466,0,0.0,0.5095894649914925,0,0.0,0.3396551461754601,0,0.0,1.0,0,3.0,0.8889426435315627,0,0.0,1.0
2744.0,4,13.0,0.2765957446808511,8.520492907686608,47,382.0,8.127659574468085,0.0,0.0,4,40.0,0.0,7.524883709504812,1.4285714285714286,1.4285714285714286,28,3,24.0,0.5332100972466363,0,4.0,0.7631329392864495,0,3.0,0.7710252740750513,1,1.0,0.3261985516657194,0,0.0,1.0,0,5.0,0.9517527407556404,0,3.0,0.909471022029696,0,0.0,1.0
2752.0,6,19.0,0.3584905660377358,8.050893922118945,53,422.0,7.962264150943396,40.0,0.7547169811320755,5,43.0,3.0,6.47867637790406,1.72,1.72,25,1,12.0,0.6019109037357773,3,20.0,0.3514814128704997,0,3.0,0.971336583293501,0,0.0,0.8707343339207609,0,0.0,1.0,1,8.0,0.0095079343215982,0,0.0,0.5123636060200056,0,0.0,1.0
2760.0,8,48.0,0.8888888888888888,8.504502450287713,54,301.0,5.574074074074074,0.0,0.0,7,69.0,26.0,7.648916780974296,2.76,2.76,25,3,30.0,0.6352939209182902,2,25.0,0.4672744271537445,0,6.0,0.9582909877846602,2,8.0,0.2233684331425664,0,0.0,1.0,0,0.0,0.9725013401810292,0,0.0,1.0,0,0.0,1.0
2768.0,5,33.0,0.5789473684210527,8.426833637212328,57,333.0,5.842105263157895,32.0,0.5614035087719298,3,75.0,6.0,8.271128777740834,2.34375,2.34375,32,2,49.0,0.6897915791466183,0,3.0,0.7591100246661631,0,7.0,0.945880112151884,0,6.0,0.5286322223345582,0,0.0,1.0,1,7.0,0.6165349184654695,0,3.0,0.9016519210808168,0,0.0,1.0
2776.0,3,17.0,0.3269230769230769,8.070484507858517,52,346.0,6.653846153846154,13.0,0.25,3,50.0,0.0,6.809178883436669,1.851851851851852,1.851851851851852,27,0,25.0,0.6513951792949911,0,0.0,0.9001103815664798,0,7.0,0.8758030285919847,1,2.0,0.2645109162158207,0,0.0,1.0,2,16.0,0.4608964165436354,0,0.0,1.0,0,0.0,1.0
2784.0,12,58.0,1.2083333333333333,6.611656784859702,48,391.0,8.145833333333334,45.0,0.9375,12,95.0,45.0,3.088919899682576,4.523809523809524,4.523809523809524,21,6,52.0,0.1915194099851224,1,2.0,0.3187589550440219,1,13.0,0.6289307283164253,3,24.0,0.0,0,0.0,1.0,1,4.0,0.4372818119944357,0,0.0,0.9621215654158464,0,0.0,1.0
2792.0,9,73.0,1.5208333333333333,7.0953304339650645,48,431.0,8.979166666666666,40.0,0.8333333333333334,8,133.0,38.0,6.11333413784579,5.32,5.32,25,4,66.0,0.3775068786348894,2,18.0,0.3173610098245123,0,8.0,0.8652328844014558,0,16.0,0.5566282535143597,0,0.0,1.0,2,15.0,0.3154001300862477,0,10.0,0.6415162146046431,0,0.0,1.0
2800.0,8,80.0,1.7391304347826086,7.101184690972856,46,470.0,10.217391304347826,39.0,0.8478260869565217,7,109.0,0.0,5.453005936375988,5.45,5.45,20,1,17.0,0.7621025648378162,2,34.0,0.4866090995343715,2,19.0,0.3800136015177707,0,5.0,0.862062562462599,0,0.0,1.0,2,34.0,0.2363198627910361,0,0.0,1.0,0,0.0,1.0
2808.0,4,55.0,1.1458333333333333,7.892432182270658,48,506.0,10.541666666666666,36.0,0.75,4,85.0,0.0,5.849356312907379,4.722222222222222,4.722222222222222,18,0,0.0,0.7354590280358565,3,50.0,0.2512601307062211,0,13.0,0.7434927356962557,1,10.0,0.0,0,0.0,0.6408172769717706,0,12.0,0.5652231382889648,0,0.0,1.0,0,0.0,1.0
2816.0,1,6.0,0.1363636363636363,9.315435161701386,44,362.0,8.227272727272727,0.0,0.0,1,21.0,0.0,10.079199955121036,1.4,1.4,15,0,3.0,0.8496308761253214,0,0.0,0.8791386194140075,0,8.0,0.8758509595484023,0,0.0,1.0,0,0.0,1.0,1,6.0,0.6115740901150825,0,4.0,0.9379406665232374,0,0.0,1.0
2824.0,2,4.0,0.1,7.6033574134189745,40,240.0,6.0,0.0,0.0,2,19.0,0.0,6.402709136255237,0.95,0.95,20,0,3.0,0.7168163347046835,0,0.0,0.636821186437224,0,8.0,0.8900454873446154,0,0.0,1.0,0,0.0,0.5079365325615384,0,0.0,0.7352893607553392,2,8.0,0.0023856523390492,0,0.0,1.0
2832.0,5,12.0,0.3,7.062367007922252,40,242.0,6.05,2.0,0.05,4,23.0,4.0,6.643640244601826,1.0454545454545454,1.0454545454545454,22,1,3.0,0.7945325804517714,3,12.0,0.4246679549296935,0,8.0,0.904412881937348,0,0.0,1.0,0,0.0,0.3339994039861771,0,0.0,0.3578499323339896,0,0.0,0.7297781080726193,0,0.0,1.0
2840.0,2,9.0,0.2432432432432432,8.691266043288472,37,245.0,6.621621621621622,3.0,0.081081081081081,2,30.0,7.0,8.491693796412711,1.3636363636363635,1.3636363636363635,22,0,6.0,0.8231734966031389,1,3.0,0.7252460402487403,0,11.0,0.7113115850494439,0,0.0,0.9717841671053032,0,0.0,1.0,1,9.0,0.5561779399704586,0,1.0,0.9571618237695184,0,0.0,1.0
2848.0,3,20.0,0.5263157894736842,7.464641536144796,38,239.0,6.289473684210527,0.0,0.0,3,43.0,13.0,7.577041037823317,2.263157894736842,2.263157894736842,19,1,19.0,0.7301906538748599,1,11.0,0.5753828860586787,0,7.0,0.8923925023717905,0,0.0,1.0,0,0.0,1.0,1,6.0,0.0073217369409788,0,0.0,1.0,0,0.0,1.0
2856.0,3,22.0,0.5789473684210527,8.567309230668235,38,268.0,7.052631578947368,29.0,0.7631578947368421,3,39.0,0.0,8.151455330658163,2.4375,2.4375,16,2,31.0,0.6560637952034655,1,1.0,0.6683773296427999,0,7.0,0.9051848641420328,0,0.0,1.0,0,0.0,1.0,0,0.0,0.9071325186176604,0,0.0,1.0,0,0.0,1.0
2864.0,3,5.0,0.119047619047619,8.604299649151594,42,265.0,6.309523809523809,0.0,0.0,2,33.0,0.0,9.06030767916905,1.5714285714285714,1.5714285714285714,21,0,12.0,0.814413437414908,2,4.0,0.4962552872170997,0,7.0,0.852746671199581,0,3.0,0.8504510418931589,0,0.0,1.0,0,0.0,1.0,0,7.0,0.9189605939888256,0,0.0,1.0
2872.0,4,20.0,0.5405405405405406,8.73087015897798,37,244.0,6.594594594594595,0.0,0.0,4,40.0,7.0,7.995761934313018,2.1052631578947367,2.1052631578947367,19,0,7.0,0.9271413491212768,2,16.0,0.5940945494914592,0,10.0,0.8702620945852456,1,5.0,0.0022048311286741,0,0.0,1.0,0,0.0,0.971018827025556,1,2.0,0.0024785487198116,0,0.0,1.0
2880.0,5,44.0,1.2222222222222223,7.441457420452648,36,214.0,5.944444444444445,0.0,0.0,4,64.0,24.0,8.212778933187645,3.3684210526315788,3.3684210526315788,19,0,7.0,0.9199793872858236,2,32.0,0.4586252557563463,0,10.0,0.8850712585743007,1,13.0,0.0,0,0.0,1.0,1,2.0,0.0004989877186439,0,0.0,1.0,0,0.0,1.0
2888.0,3,31.0,0.8857142857142857,7.545058287578778,35,194.0,5.542857142857143,0.0,0.0,3,58.0,0.0,8.298847539404735,2.5217391304347827,2.5217391304347827,23,1,10.0,0.7579325204381171,0,4.0,0.6369637292203759,0,10.0,0.8803866244857821,1,21.0,0.0,0,0.0,1.0,1,13.0,0.6247762831788388,0,0.0,1.0,0,0.0,1.0
2896.0,7,74.0,2.055555555555556,6.971707464465535,36,237.0,6.583333333333333,43.0,1.1944444444444444,7,97.0,39.0,6.231965688224557,4.217391304347826,4.217391304347826,23,3,27.0,0.6032647056304753,1,5.0,0.4973418582400801,0,10.0,0.5250013507755373,1,29.0,0.0,0,0.0,1.0,2,26.0,0.3104013712736987,0,0.0,1.0,0,0.0,1.0
2904.0,8,129.0,3.6857142857142855,7.245852165926724,35,266.0,7.6,29.0,0.8285714285714286,8,151.0,54.0,6.7722385205162245,6.565217391304348,6.565217391304348,23,5,66.0,0.5134051472149724,0,0.0,1.0,0,6.0,0.8709503439179977,1,37.0,0.0,0,0.0,1.0,2,42.0,0.0,0,0.0,0.7998980596999796,0,0.0,1.0
2912.0,8,111.0,3.083333333333333,6.664119991514941,36,313.0,8.694444444444445,47.0,1.3055555555555556,8,130.0,0.0,5.929221147760553,6.190476190476191,6.190476190476191,21,5,72.0,0.4602978889714289,0,0.0,0.957839391337184,1,8.0,0.4685631623871401,1,45.0,0.6630394854863348,0,0.0,1.0,0,0.0,1.0,1,5.0,0.089443086230316,0,0.0,1.0
2920.0,9,81.0,2.25,5.838912603144304,36,381.0,10.583333333333334,68.0,1.8888888888888888,8,124.0,0.0,3.522886066373183,6.2,6.2,20,4,44.0,0.1412158223782423,0,0.0,0.7308694359867302,1,16.0,0.4470193660633222,3,61.0,0.4033746181695683,0,0.0,1.0,0,0.0,1.0,0,3.0,0.9500339111750988,0,0.0,1.0
2936.0,2,4.0,0.1081081081081081,8.637225645504436,37,377.0,10.18918918918919,0.0,0.0,2,26.0,0.0,7.033055664590912,1.8571428571428568,1.8571428571428568,14,0,3.0,0.929027374618818,0,1.0,0.8113298539302729,1,6.0,0.4793430636446396,1,16.0,0.3632210983397114,0,0.0,1.0,0,0.0,1.0,0,0.0,1.0,0,0.0,0.8439908004065974
2944.0,3,15.0,0.4545454545454545,9.742944112843094,33,329.0,9.969696969696969,0.0,0.0,3,33.0,7.0,6.748641390756753,3.6666666666666665,3.6666666666666665,9,0,3.0,0.9129194003746488,0,0.0,0.8549957475204275,1,9.0,0.0,2,21.0,0.0001697096724742,0,0.0,1.0,0,0.0,1.0,0,0.0,1.0,0,0.0,1.0
2960.0,5,43.0,1.3870967741935485,8.912519833759694,31,248.0,8.0,13.0,0.4193548387096774,4,68.0,4.0,7.816992253580431,4.533333333333333,4.533333333333333,15,0,3.0,0.9429545335030708,0,0.0,0.8631071173770895,0,7.0,0.7670354005405394,2,53.0,0.0,1,0.0,0.0,0,0.0,1.0,1,5.0,0.6475609889948979,0,0.0,1.0
2968.0,4,67.0,2.310344827586207,8.442810877510338,29,237.0,8.172413793103448,0.0,0.0,4,90.0,22.0,5.519762821202122,6.923076923076923,6.923076923076923,13,0,3.0,0.9297227377153414,0,0.0,0.8973592380549514,2,18.0,0.2347854823841697,2,69.0,0.0,0,0.0,1.0,0,0.0,0.8421159361287502,0,0.0,0.7048081655213289,0,0.0,1.0
2976.0,4,14.0,0.4827586206896552,8.330472907947406,29,269.0,9.275862068965518,32.0,1.103448275862069,4,32.0,0.0,6.515597692610804,2.0,2.0,16,0,6.0,0.7885761434749351,1,3.0,0.5615244806270252,0,5.0,0.6044395205580552,0,0.0,0.8943782364381822,1,0.0,0.0,1,12.0,0.5979427219294502,1,6.0,0.0,0,0.0,1.0
2984.0,0,0.0,0.0,9.622978762817162,30,258.0,8.6,0.0,0.0,0,7.0,0.0,8.668661539967943,0.5384615384615384,0.5384615384615384,13,0,3.0,0.7234044302454677,0,0.0,0.8687859313775492,0,0.0,0.9497084610678158,0,0.0,1.0,0,0.0,0.6879103517569932,0,4.0,0.4923465171696561,0,0.0,1.0,0,0.0,1.0
2992.0,3,6.0,0.1714285714285714,9.265337569361192,35,256.0,7.314285714285714,0.0,0.0,3,17.0,10.0,8.647699261288098,0.85,0.85,20,1,6.0,0.746946144043811,1,0.0,0.6260317610709842,0,0.0,0.9045093413150044,0,0.0,1.0,0,0.0,0.4182434463820246,1,10.0,3.7794227066363485e-05,0,1.0,0.9386524783668516,0,0.0,1.0
3000.0,3,2.0,0.0571428571428571,9.552160620890778,35,145.0,4.142857142857143,0.0,0.0,3,21.0,4.0,9.62459008128245,0.9545454545454546,0.9545454545454546,22,1,13.0,0.8299825626310483,1,1.0,0.6487713650683956,0,7.0,0.9023956470147708,0,0.0,1.0,1,0.0,0.0,0,0.0,1.0,0,0.0,1.0,0,0.0,1.0
3008.0,4,22.0,0.5641025641025641,8.130777552908736,39,169.0,4.333333333333333,24.0,0.6153846153846154,4,41.0,20.0,7.26245854127124,1.4137931034482758,1.4137931034482758,29,4,34.0,0.5307435307778617,0,0.0,0.6731290532001795,0,7.0,0.529606896045891,0,0.0,0.6283710704467982,0,0.0,1.0,0,0.0,1.0,0,0.0,0.9184951002646538,0,0.0,1.0
3016.0,3,11.0,0.2291666666666666,7.402738341469348,48,207.0,4.3125,38.0,0.7916666666666666,3,33.0,0.0,7.355018267411231,1.137931034482759,1.137931034482759,29,1,20.0,0.5294002199561864,1,10.0,0.7252143602435487,0,0.0,0.7669677414549904,0,0.0,0.520809790386548,0,0.0,0.2992314343905893,0,0.0,1.0,1,3.0,0.2576407949225582,0,0.0,1.0
3024.0,10,52.0,1.0,7.186216076585028,52,256.0,4.923076923076923,49.0,0.9423076923076924,10,75.0,42.0,6.391995176643659,2.272727272727273,2.272727272727273,33,2,26.0,0.720085469928715,3,21.0,0.3703850843865275,0,0.0,0.8831893862424987,2,8.0,0.2988749824351572,1,3.0,0.2093720594585137,0,0.0,1.0,2,17.0,0.1998975434849013,0,0.0,1.0
3032.0,5,63.0,1.2115384615384617,8.765743418433432,52,310.0,5.961538461538462,54.0,1.0384615384615383,5,93.0,18.0,7.595931234720889,3.321428571428572,3.321428571428572,28,2,45.0,0.8087103930454493,0,4.0,0.7554800812643169,0,0.0,0.863068572380978,0,4.0,0.2853904422426899,0,1.0,0.2600665096284891,0,0.0,1.0,3,39.0,0.1006053438926981,0,0.0,1.0
3040.0,7,76.0,1.5833333333333333,8.248248146537518,48,290.0,6.041666666666667,0.0,0.0,6,115.0,22.0,6.295551870128415,6.388888888888889,6.388888888888889,18,1,37.0,0.6720863370998005,2,12.0,0.3171530903806285,0,4.0,0.9321464983832431,0,0.0,1.0,0,0.0,1.0,0,0.0,1.0,3,62.0,0.0,0,0.0,1.0
3048.0,5,36.0,0.8,6.774276726366114,45,271.0,6.022222222222222,0.0,0.0,4,90.0,0.0,4.244499181363868,6.428571428571429,6.428571428571429,14,2,40.0,0.3094934404269732,2,28.0,0.2542875581505407,0,4.0,0.9643947620273596,0,0.0,1.0,0,0.0,1.0,0,0.0,0.956178362512756,0,18.0,0.2545631000413622,0,0.0,1.0
3056.0,7,28.0,0.6511627906976745,7.465067558077586,43,299.0,6.953488372093023,28.0,0.6511627906976745,5,58.0,0.0,6.400936311851421,3.8666666666666663,3.8666666666666663,15,3,24.0,0.2466925278972303,2,18.0,0.4724821118157378,0,11.0,0.8949861799660505,0,0.0,1.0,0,0.0,1.0,0,5.0,0.8278285100920997,0,0.0,1.0,0,0.0,1.0
3064.0,5,33.0,0.7674418604651163,8.223320063082387,43,316.0,7.348837209302325,17.0,0.3953488372093023,5,52.0,0.0,6.2247856321757125,3.466666666666667,3.466666666666667,15,3,38.0,0.3399085154812554,1,1.0,0.7021404279304533,0,7.0,0.9325804620165926,0,0.0,1.0,0,0.0,1.0,1,6.0,0.4475269016514421,0,0.0,1.0,0,0.0,1.0
3072.0,5,68.0,1.5813953488372092,7.543473644264255,43,323.0,7.511627906976744,7.0,0.1627906976744186,5,87.0,35.0,6.013586513255285,4.833333333333333,4.833333333333333,18,3,62.0,0.4441184216077533,0,0.0,0.5829702655537738,0,7.0,0.9199292199900077,0,0.0,0.5017302311827712,0,0.0,1.0,2,18.0,0.4399859830241245,0,0.0,1.0,0,0.0,1.0
3080.0,4,35.0,0.7446808510638298,7.801851531214306,47,300.0,6.382978723404255,0.0,0.0,4,68.0,0.0,7.590483678121073,2.6153846153846154,2.6153846153846154,26,1,24.0,0.7197921717374391,0,0.0,0.7384883858318597,0,7.0,0.8818195008383161,0,0.0,0.4440714899007977,0,0.0,0.9837572242291672,3,37.0,0.0003412944397648,0,0.0,0.2223578204850982,0,0.0,1.0
3088.0,5,21.0,0.4117647058823529,7.9904251409121185,51,329.0,6.450980392156863,29.0,0.5686274509803921,5,41.0,0.0,7.070492139103856,1.5185185185185186,1.5185185185185186,27,1,7.0,0.6652246675267819,0,0.0,0.8787482598841573,0,7.0,0.8862205134594445,3,13.0,0.0976577558913088,0,0.0,1.0,0,8.0,0.5483933500803755,1,6.0,0.0,0,0.0,1.0
3096.0,9,61.0,1.150943396226415,7.93143646302512,53,283.0,5.339622641509434,0.0,0.0,8,86.0,45.0,7.323180688201433,2.8666666666666667,2.8666666666666667,30,1,5.0,0.7701866092424576,0,0.0,0.7731426921778106,0,7.0,0.9166053750791098,6,53.0,0.002904429855291,0,0.0,1.0,1,14.0,0.0,0,7.0,0.8260499971886078,0,0.0,1.0
3104.0,4,33.0,0.6111111111111112,8.080102197154043,54,336.0,6.222222222222222,53.0,0.9814814814814816,4,96.0,10.0,6.968920851794736,3.555555555555556,3.555555555555556,27,1,7.0,0.7565051229946517,0,0.0,0.601471338118412,0,7.0,0.5266000938934386,2,60.0,0.1669100150754801,0,0.0,1.0,1,22.0,0.0,0,0.0,1.0,0,0.0,1.0
3112.0,8,25.0,0.4310344827586206,8.226139299069573,58,367.0,6.327586206896552,31.0,0.5344827586206896,7,89.0,0.0,7.216973897765878,3.1785714285714284,3.1785714285714284,28,1,5.0,0.7073517813948972,2,8.0,0.5463630824870404,0,3.0,0.9634996476235712,4,73.0,0.0172557175855936,0,0.0,1.0,0,0.0,1.0,0,0.0,0.921392727977179,0,0.0,1.0
3120.0,8,30.0,0.4761904761904761,8.176548026052515,63,427.0,6.777777777777778,60.0,0.9523809523809524,6,100.0,11.0,7.898897732639928,3.225806451612903,3.225806451612903,31,4,36.0,0.6665443938591942,0,0.0,0.8977314754364377,0,3.0,0.7702027367929624,2,58.0,0.1737398577396847,0,0.0,1.0,0,0.0,1.0,0,3.0,0.502494717122455,0,0.0,1.0
3128.0,3,48.0,0.8,9.014710378625626,60,421.0,7.016666666666667,0.0,0.0,3,68.0,0.0,9.172840879907552,2.5185185185185186,2.5185185185185186,27,3,60.0,0.7407757179518976,0,0.0,0.8289187644197434,0,4.0,0.804171225519436,0,4.0,0.3450315231458178,0,0.0,1.0,0,0.0,1.0,0,0.0,1.0,0,0.0,1.0
3136.0,8,31.0,0.543859649122807,7.838088447699872,57,455.0,7.982456140350878,34.0,0.5964912280701754,7,68.0,0.0,6.763996557345879,2.6153846153846154,2.6153846153846154,26,1,37.0,0.7030768723529068,1,4.0,0.0,1,8.0,0.4538955761025005,4,19.0,0.0286577136489126,0,0.0,0.7446126522361781,0,0.0,1.0,0,0.0,0.3299709265021642,0,0.0,1.0
3144.0,5,21.0,0.3684210526315789,8.166535501397476,57,491.0,8.614035087719298,36.0,0.631578947368421,5,83.0,15.0,8.135941112965655,3.1923076923076925,3.1923076923076925,26,4,48.0,0.6402989544134959,0,0.0,1.0,0,7.0,0.893555863742535,0,20.0,0.3899150279328172,0,0.0,0.2573813279027514,0,3.0,0.9994832138295948,1,5.0,9.965267367195527e-06,0,0.0,1.0
3152.0,7,37.0,0.6727272727272727,8.457093538339903,55,498.0,9.054545454545456,7.0,0.1272727272727272,7,81.0,0.0,7.636176264658746,3.24,3.24,25,2,23.0,0.6417530313730874,0,0.0,1.0,0,0.0,0.9755326600889644,3,33.0,7.992142166785284e-05,0,0.0,1.0,1,8.0,0.0,1,17.0,0.4655506256752419,0,0.0,1.0
3160.0,6,38.0,0.6551724137931034,8.324174792305946,58,505.0,8.706896551724139,7.0,0.1206896551724138,5,64.0,0.0,8.079448346138514,2.56,2.56,25,4,44.0,0.631349911253572,0,0.0,1.0,0,0.0,0.9421718690830738,0,14.0,0.2755890939832693,0,0.0,0.3707502378008636,0,0.0,1.0,1,6.0,0.4777339118415413,0,0.0,1.0
3168.0,3,10.0,0.1639344262295081,8.119701124572169,61,511.0,8.37704918032787,6.0,0.0983606557377049,2,53.0,0.0,8.320280173405049,1.8928571428571428,1.8928571428571428,28,1,37.0,0.5468828749265273,0,3.0,0.8651193617685263,0,3.0,0.9642272782979782,0,0.0,1.0,0,0.0,1.0,0,0.0,0.9683114042014708,1,10.0,0.6630604005259227,0,0.0,1.0
3176.0,4,21.0,0.3134328358208955,8.475660789049703,67,525.0,7.835820895522388,14.0,0.208955223880597,4,38.0,0.0,7.814824015810849,1.52,1.52,25,2,15.0,0.5971672754030505,0,3.0,0.9891748067258932,0,0.0,0.9443911009903388,0,0.0,0.924275216949297,0,0.0,1.0,0,0.0,1.0,2,20.0,0.2457300758100482,0,0.0,1.0
3192.0,8,25.0,0.4032258064516129,8.119139476188153,62,391.0,6.306451612903226,0.0,0.0,8,52.0,18.0,5.9191537483540095,1.625,1.625,32,5,26.0,0.3741139726169917,0,0.0,0.9499044819732062,0,4.0,0.8988441580371597,0,0.0,0.9798905640367652,0,0.0,1.0,1,6.0,0.0169774128839444,2,16.0,3.170653067415867e-05,0,0.0,0.5161009785075894
3200.0,8,34.0,0.5964912280701754,7.189986379795451,57,390.0,6.842105263157895,0.0,0.0,8,82.0,30.0,5.748264460047556,2.6451612903225805,2.6451612903225805,31,5,54.0,0.4252024923512048,0,0.0,1.0,1,3.0,1.2510153736891638e-05,0,0.0,0.9363536474767656,0,0.0,1.0,2,25.0,0.373011760718379,0,0.0,0.5772082953214213,0,0.0,1.0
3208.0,4,8.0,0.1428571428571428,7.726552962404093,56,328.0,5.857142857142857,0.0,0.0,4,58.0,0.0,6.231024433292403,2.0,2.0,29,3,45.0,0.4852878749869672,0,0.0,1.0,0,0.0,0.955819674600874,1,3.0,0.0001064357199805,0,0.0,1.0,0,3.0,0.4354811080045369,0,7.0,0.4062643148094856,0,0.0,1.0
3216.0,7,35.0,0.6481481481481481,7.024119033174116,54,346.0,6.407407407407407,18.0,0.3333333333333333,7,87.0,29.0,5.226748400406572,2.71875,2.71875,32,3,48.0,0.4093607171687892,0,0.0,1.0,0,0.0,0.0478036230086427,1,11.0,0.0,0,0.0,1.0,0,0.0,1.0,3,28.0,0.3879347971093715,0,0.0,1.0
3224.0,7,39.0,0.7358490566037735,6.732851605257854,53,311.0,5.867924528301887,0.0,0.0,7,90.0,3.0,5.301069832129716,2.727272727272727,2.727272727272727,33,6,74.0,0.3772604576864058,0,0.0,1.0,1,7.0,0.0,0,0.0,1.0,0,0.0,1.0,0,0.0,1.0,0,9.0,0.2728716845491483,0,0.0,0.8148623956709042
3232.0,6,49.0,0.9245283018867924,6.750415818362743,53,337.0,6.358490566037736,26.0,0.490566037735849,6,103.0,13.0,5.583051325183225,3.121212121212121,3.121212121212121,33,6,100.0,0.3494633950080089,0,0.0,1.0,0,0.0,1.0,0,0.0,1.0,0,0.0,0.8989026269524485,0,3.0,0.9467528490546372,0,0.0,1.0,0,0.0,0.9877372846309452
3248.0,4,12.0,0.2307692307692307,6.95903527534476,52,332.0,6.384615384615385,0.0,0.0,4,73.0,0.0,5.619194387063169,2.212121212121212,2.212121212121212,33,4,70.0,0.3480168640531714,0,0.0,1.0,0,3.0,0.7622166056113916,0,0.0,1.0,0,0.0,1.0,0,0.0,1.0,0,0.0,0.9364851176910522,0,0.0,1.0
3256.0,8,21.0,0.4038461538461538,5.812964580350941,52,316.0,6.076923076923077,0.0,0.0,7,78.0,5.0,4.49983500460132,2.108108108108108,2.108108108108108,37,6,78.0,0.3206029766957238,1,0.0,0.2198660330523891,0,0.0,0.2582593881845315,0,0.0,0.6715467126783491,0,0.0,1.0,0,0.0,1.0,0,0.0,0.0073971586319579,0,0.0,1.0
3264.0,10,51.0,0.9807692307692308,5.831731206165937,52,308.0,5.923076923076923,0.0,0.0,10,135.0,57.0,3.5899757661535188,3.857142857142857,3.857142857142857,35,9,131.0,0.1998082033082242,0,0.0,0.9579578512546342,0,0.0,1.0,1,4.0,0.4935804044187964,0,0.0,1.0,0,0.0,1.0,0,0.0,1.0,0,0.0,1.0
3272.0,16,97.0,1.7636363636363637,4.599838881916179,55,356.0,6.472727272727273,48.0,0.8727272727272727,15,197.0,62.0,3.0346924094236494,4.925,4.925,40,13,183.0,0.1550327382097933,0,6.0,0.7043951282534529,0,0.0,0.8881669532808918,2,5.0,0.2367092597303636,0,0.0,1.0,0,0.0,1.0,0,3.0,0.48959184641046,0,0.0,1.0
3280.0,12,121.0,2.2,5.194077608978244,55,456.0,8.290909090909091,100.0,1.818181818181818,12,245.0,48.0,3.872802931763894,6.125,6.125,40,12,236.0,0.1649226009452452,0,6.0,0.9560432069040518,0,0.0,0.9299320958552162,0,0.0,0.5465348146033159,0,0.0,1.0,0,0.0,1.0,0,3.0,0.9542465037644968,0,0.0,1.0
3288.0,14,47.0,0.7966101694915254,5.297568906951535,59,549.0,9.305084745762713,93.0,1.576271186440678,13,197.0,0.0,3.0154376229133786,5.051282051282051,5.051282051282051,39,8,179.0,0.2380069066876418,1,5.0,0.0001149489471851,0,0.0,0.9118274218686556,3,13.0,0.0150284221289384,0,0.0,1.0,0,0.0,1.0,1,0.0,0.2714378571908433,0,0.0,1.0
3296.0,11,58.0,0.9508196721311476,5.913329952469891,61,628.0,10.295081967213116,79.0,1.2950819672131149,11,227.0,30.0,3.167775250750471,6.485714285714286,6.485714285714286,35,10,195.0,0.1296991113159843,1,13.0,0.0,0,0.0,0.9440008267775928,0,19.0,0.291539404633276,0,0.0,1.0,0,0.0,1.0,0,0.0,0.9492361647948656,0,0.0,1.0
3304.0,7,42.0,0.75,6.253048716168195,56,542.0,9.678571428571429,0.0,0.0,6,252.0,25.0,3.514426241831748,8.4,8.4,30,6,252.0,0.1587056306266893,0,0.0,1.0,0,0.0,0.93141576540036,0,0.0,0.9399005265636604,0,0.0,1.0,0,0.0,1.0,0,0.0,1.0,0,0.0,1.0
3312.0,7,48.0,0.8727272727272727,6.153344597610285,55,494.0,8.981818181818182,0.0,0.0,7,248.0,0.0,3.8141017354485167,7.515151515151516,7.515151515151516,33,6,244.0,0.2137266257191118,0,0.0,1.0,0,0.0,0.800850971354308,1,4.0,0.0,0,0.0,1.0,0,0.0,1.0,0,0.0,1.0,0,0.0,1.0
3320.0,6,71.0,1.290909090909091,7.067246770455662,55,473.0,8.6,0.0,0.0,6,226.0,0.0,5.665169632769196,5.794871794871795,5.794871794871795,39,3,202.0,0.2813459111406873,0,0.0,0.999712364539244,2,8.0,0.7306956707092986,1,12.0,0.452896978241359,0,0.0,1.0,0,4.0,0.7831868157500141,0,0.0,1.0,0,0.0,1.0
3328.0,6,97.0,1.7636363636363637,7.144625880896101,55,439.0,7.981818181818181,0.0,0.0,6,206.0,0.0,5.853908860715399,5.282051282051282,5.282051282051282,39,3,171.0,0.4152784035620503,0,0.0,0.9486915809366848,2,11.0,0.4791196849326496,1,20.0,0.4693572627472092,0,0.0,1.0,0,4.0,0.6974611563113186,0,0.0,1.0,0,0.0,1.0
3336.0,9,20.0,0.3508771929824561,7.126259518291726,57,471.0,8.263157894736842,32.0,0.5614035087719298,8,142.0,0.0,6.186553518430677,3.641025641025641,3.641025641025641,39,6,115.0,0.4401916583855617,1,12.0,0.5364171176320858,0,12.0,0.5684300506284313,1,3.0,0.4537335354403515,0,0.0,1.0,0,0.0,1.0,0,0.0,0.784202758663696,0,0.0,1.0
3344.0,15,94.0,1.6206896551724137,6.45922112566711,58,487.0,8.39655172413793,16.0,0.2758620689655172,15,225.0,83.0,5.188612950250709,5.357142857142857,5.357142857142857,42,10,174.0,0.2796696329293253,1,28.0,0.8358028453927744,4,23.0,0.4704310555261459,0,0.0,0.0177663032096996,0,0.0,1.0,0,0.0,1.0,0,0.0,1.0,0,0.0,1.0
3352.0,13,72.0,1.263157894736842,6.295595780207448,57,587.0,10.298245614035087,100.0,1.7543859649122806,12,219.0,0.0,5.129563912625789,5.918918918918919,5.918918918918919,37,10,184.0,0.3215151030093078,1,18.0,0.5691258823138318,0,9.0,0.7255301545857625,1,8.0,0.0,0,0.0,1.0,0,0.0,1.0,0,0.0,1.0,0,0.0,1.0
3360.0,13,97.0,1.6724137931034482,6.438980730821624,58,684.0,11.79310344827586,97.0,1.6724137931034482,12,226.0,7.0,5.183128387078384,5.380952380952381,5.380952380952381,42,5,140.0,0.3980638569454798,3,42.0,0.6041029638809478,3,20.0,0.4328641436067871,1,16.0,0.0,0,0.0,1.0,0,0.0,1.0,0,8.0,0.5751929894816051,0,0.0,1.0
3368.0,7,76.0,1.3818181818181818,6.751517508477664,55,684.0,12.436363636363636,0.0,0.0,6,227.0,1.0,5.472570975360228,6.676470588235294,6.676470588235294,34,3,148.0,0.325325775650791,0,29.0,0.9290811082441648,2,26.0,0.4620675274832903,1,24.0,0.0,0,0.0,1.0,0,0.0,1.0,0,0.0,0.9109133258446404,0,0.0,1.0
3376.0,6,97.0,1.7321428571428572,8.181919900467495,56,689.0,12.303571428571429,5.0,0.0892857142857142,6,183.0,0.0,6.580910926880431,5.228571428571429,5.228571428571429,35,4,103.0,0.3119357948530358,0,38.0,0.9213895971675762,2,42.0,0.6351545695072051,0,0.0,1.0,0,0.0,0.6449171972046821,0,0.0,0.9405671261033288,0,0.0,1.0,0,0.0,1.0
3384.0,6,63.0,1.2352941176470589,7.739428217091017,51,519.0,10.176470588235292,0.0,0.0,6,155.0,0.0,7.12351008249363,4.305555555555555,4.305555555555555,36,4,53.0,0.3773074389699217,0,44.0,0.8853694035030135,2,58.0,0.4680009296921703,0,0.0,1.0,0,0.0,1.0,0,0.0,0.9290094806104822,0,0.0,1.0,0,0.0,1.0
3392.0,10,130.0,2.549019607843137,7.5532917124725,51,563.0,11.03921568627451,44.0,0.8627450980392157,10,223.0,68.0,6.649694737175791,5.439024390243903,5.439024390243903,41,7,101.0,0.4078069838102561,1,48.0,0.7564917221895443,2,74.0,0.5967219813889365,0,0.0,1.0,0,0.0,1.0,0,0.0,1.0,0,0.0,0.9474229032558088,0,0.0,1.0
3400.0,10,128.0,2.5098039215686274,7.118048964224232,51,604.0,11.84313725490196,41.0,0.803921568627451,9,236.0,13.0,6.574072505900071,6.051282051282051,6.051282051282051,39,3,79.0,0.5737705113494708,4,67.0,0.6344050328376761,2,90.0,0.5645216399252859,0,0.0,1.0,0,0.0,1.0,0,0.0,1.0,0,0.0,1.0,0,0.0,1.0
3408.0,3,8.0,0.1454545454545454,8.697837363988832,55,641.0,11.654545454545454,37.0,0.6727272727272727,3,70.0,0.0,8.44023898423265,1.891891891891892,1.891891891891892,37,1,11.0,0.6846564336438414,1,49.0,0.7043384904742628,1,10.0,0.7260256254040681,0,0.0,0.9073577256022836,0,0.0,1.0,0,0.0,1.0,0,0.0,1.0,0,0.0,1.0
3416.0,11,57.0,1.0363636363636364,7.599712702820316,55,679.0,12.345454545454546,38.0,0.6909090909090909,11,122.0,52.0,6.164509863825973,3.128205128205128,3.128205128205128,39,3,16.0,0.385960954461264,5,83.0,0.5931840591312145,2,20.0,0.6210260994967349,1,3.0,0.4841831102986567,0,0.0,1.0,0,0.0,1.0,0,0.0,1.0,0,0.0,1.0
3424.0,10,90.0,1.7647058823529411,6.870916036727488,51,616.0,12.07843137254902,0.0,0.0,9,149.0,27.0,5.107914046565297,5.321428571428571,5.321428571428571,28,0,20.0,0.3608535339122408,5,91.0,0.5431818653814681,4,38.0,0.4043763658047101,0,0.0,1.0,0,0.0,1.0,0,0.0,1.0,0,0.0,1.0,0,0.0,1.0
3432.0,8,21.0,0.42,6.562805819207751,50,553.0,11.06,0.0,0.0,8,123.0,0.0,4.016079868339294,4.730769230769231,4.730769230769231,26,3,24.0,0.2440204151663436,4,78.0,0.3329695436887374,1,21.0,0.4906914776940516,0,0.0,0.8965492561075793,0,0.0,1.0,0,0.0,1.0,0,0.0,1.0,0,0.0,1.0
3440.0,6,15.0,0.3,7.927935538526706,50,487.0,9.74,0.0,0.0,6,103.0,0.0,6.644909519243916,3.5517241379310347,3.5517241379310347,29,1,4.0,0.6403582726530866,3,86.0,0.4738649353496487,2,13.0,0.7039043162852349,0,0.0,0.9458868974145032,0,0.0,1.0,0,0.0,0.980252711400144,0,0.0,1.0,0,0.0,1.0
3448.0,6,28.0,0.5714285714285714,8.182882738509532,49,445.0,9.081632653061224,0.0,0.0,6,110.0,7.0,7.01144020930992,3.235294117647059,3.235294117647059,34,0,3.0,0.8421988046492125,3,70.0,0.5699367435239456,1,22.0,0.7574034794042732,1,4.0,0.4415021611842534,0,0.0,1.0,1,7.0,0.4571220931039427,0,4.0,0.9756008180293572,0,0.0,1.0
3464.0,12,128.0,2.6122448979591835,6.391794560669442,49,527.0,10.755102040816327,56.0,1.1428571428571428,12,221.0,74.0,5.035369675243341,6.138888888888889,6.138888888888889,36,2,13.0,0.3697212174972282,7,134.0,0.4136438937536856,1,40.0,0.4994938012329486,2,31.0,0.3306781230571697,0,0.0,1.0,0,0.0,0.9749370499478583,0,3.0,0.8565657375907321,0,0.0,1.0
3472.0,7,114.0,2.235294117647059,7.312109589344812,51,612.0,12.0,85.0,1.6666666666666667,7,223.0,2.0,5.918565515198201,7.433333333333334,7.433333333333334,30,0,3.0,0.6925963248286958,2,116.0,0.6097769422410498,1,46.0,0.6691383181061868,2,47.0,0.0,0,0.0,1.0,0,0.0,1.0,2,11.0,1.238361282050123e-05,0,0.0,1.0
3480.0,3,105.0,2.142857142857143,9.018126287396328,49,644.0,13.142857142857142,32.0,0.6530612244897959,3,145.0,0.0,8.116651215070002,5.37037037037037,5.37037037037037,27,0,3.0,0.7848029040267661,0,22.0,0.8264748949978559,1,54.0,0.6275862884751133,2,66.0,0.3172125630473466,0,0.0,1.0,0,0.0,1.0,0,0.0,1.0,0,0.0,1.0
3488.0,8,142.0,2.679245283018868,7.772659321571909,53,565.0,10.660377358490566,0.0,0.0,7,181.0,36.0,7.15731799814054,5.323529411764706,5.323529411764706,34,3,14.0,0.5802725971682966,1,25.0,0.7761052696379723,1,62.0,0.6533284336424849,2,80.0,0.302125070992166,0,0.0,1.0,0,0.0,1.0,0,0.0,1.0,0,0.0,1.0
3496.0,8,112.0,2.036363636363636,7.830484164216904,55,621.0,11.290909090909093,56.0,1.018181818181818,8,158.0,0.0,6.80810987241872,4.647058823529412,4.647058823529412,34,6,51.0,0.3707921372610195,1,33.0,0.7500633713518723,1,70.0,0.7966971615749616,0,1.0,0.755393757637377,0,0.0,1.0,0,3.0,0.9511083275143082,0,0.0,0.911673838656596,0,0.0,1.0
3504.0,4,92.0,1.7358490566037736,8.20013783662408,53,666.0,12.566037735849056,45.0,0.8490566037735849,3,133.0,0.0,6.789780327219651,6.045454545454546,6.045454545454546,22,0,10.0,0.7168752485587184,2,45.0,0.6598722186084944,1,78.0,0.6186102481262901,0,0.0,1.0,0,0.0,1.0,0,0.0,1.0,0,0.0,1.0,0,0.0,1.0
3512.0,3,13.0,0.2549019607843137,8.78739421732348,51,670.0,13.137254901960784,4.0,0.0784313725490196,3,37.0,0.0,7.135349818102383,1.608695652173913,1.608695652173913,23,3,25.0,0.5229188151631428,0,5.0,0.7053470336044635,0,7.0,0.6924019134412146,0,0.0,0.9895627308149166,0,0.0,1.0,0,0.0,0.7684288382161969,0,0.0,1.0,0,0.0,1.0
3520.0,11,54.0,1.0588235294117647,7.134712404551772,51,552.0,10.823529411764708,0.0,0.0,10,83.0,46.0,4.6321349758686505,3.1923076923076925,3.1923076923076925,26,3,40.0,0.5318508134373148,3,17.0,0.3632756224572369,2,22.0,0.4900027029989804,0,0.0,1.0,1,2.0,0.0005005506212557,1,2.0,0.3924190207980233,0,0.0,1.0,0,0.0,1.0
3528.0,10,121.0,2.4693877551020407,7.712106069527336,49,620.0,12.653061224489797,68.0,1.3877551020408163,10,156.0,73.0,5.766787418463487,6.24,6.24,25,2,52.0,0.5393066667924215,6,64.0,0.4531600269671735,2,35.0,0.2920807268870431,0,0.0,0.831360564206008,0,0.0,1.0,0,0.0,1.0,0,5.0,0.9070479244775356,0,0.0,1.0
3536.0,8,87.0,1.7755102040816326,7.291408553505937,49,588.0,12.0,0.0,0.0,7,158.0,2.0,5.706037968795849,6.32,6.32,25,5,85.0,0.2227049472564501,1,62.0,0.3928988471136618,0,0.0,0.9224962007196318,0,0.0,0.9107066393174356,0,0.0,0.7346512108190034,0,0.0,1.0,1,11.0,0.7062573927526017,0,0.0,1.0
3544.0,10,143.0,3.108695652173913,6.541376155440246,46,562.0,12.217391304347826,0.0,0.0,10,175.0,17.0,4.163829393174344,8.333333333333334,8.333333333333334,21,6,136.0,0.3259005921014108,1,18.0,0.6802335056811106,0,0.0,0.9623788950279442,0,0.0,1.0,0,0.0,1.0,0,0.0,1.0,3,21.0,0.0005805359024301,0,0.0,0.0493499581244049
3552.0,7,62.0,1.3478260869565215,7.737668120369966,46,597.0,12.978260869565217,35.0,0.7608695652173914,7,82.0,0.0,5.590148224669722,5.466666666666667,5.466666666666667,15,3,47.0,0.4825775764116914,4,35.0,0.2535221586295199,0,0.0,0.9880715591962036,0,0.0,1.0,0,0.0,0.9702982703001944,0,0.0,1.0,0,0.0,1.0,0,0.0,1.0
3560.0,4,39.0,0.951219512195122,7.956291938217404,41,561.0,13.682926829268292,0.0,0.0,4,64.0,0.0,6.092858349763897,4.571428571428571,4.571428571428571,14,2,19.0,0.3802512430308909,1,37.0,0.6220607183708329,1,5.0,1.4055238153831408e-05,0,0.0,1.0,0,0.0,0.5836794793774464,0,3.0,0.9916854420561632,0,0.0,1.0,0,0.0,1.0
3568.0,2,45.0,1.1842105263157894,8.404422526325432,38,389.0,10.236842105263158,0.0,0.0,2,63.0,0.0,7.961525648946312,6.3,6.3,10,0,6.0,0.968459437471228,1,44.0,0.3812096582716021,1,13.0,0.0,0,0.0,0.9580469222057556,0,0.0,1.0,0,0.0,1.0,0,0.0,1.0,0,0.0,1.0
3576.0,4,50.0,1.351351351351351,6.989642187753647,37,376.0,10.16216216216216,0.0,0.0,3,68.0,5.0,5.39477388089241,5.230769230769231,5.230769230769231,13,1,8.0,0.3087263852456845,2,60.0,0.4531605483779152,0,0.0,1.0,0,0.0,0.7075863131696329,0,0.0,1.0,0,0.0,0.8826204188016845,0,0.0,0.099068449370048,0,0.0,1.0
3584.0,5,28.0,0.8484848484848485,6.810984561906667,33,233.0,7.0606060606060606,0.0,0.0,5,37.0,0.0,4.994664802058221,3.363636363636364,3.363636363636364,11,3,22.0,0.4498495777763884,0,7.0,0.9178436582436796,0,0.0,1.0,1,4.0,0.0,0,0.0,1.0,1,4.0,1.687067477432895e-05,0,0.0,1.0,0,0.0,1.0
3592.0,1,12.0,0.3428571428571428,9.281971241399344,35,255.0,7.285714285714286,22.0,0.6285714285714286,1,24.0,0.0,9.951711009683477,1.8461538461538465,1.8461538461538465,13,0,3.0,0.9289936408352012,0,7.0,0.8637009496540186,0,0.0,1.0,1,12.0,0.0,0,0.0,0.6604115184093684,0,0.0,0.8881962807759937,0,0.0,0.9972637021535534,0,2.0,0.9562430175586156
3600.0,3,7.0,0.2258064516129032,8.269470501808282,31,116.0,3.741935483870968,0.0,0.0,3,22.0,0.0,6.878367339067541,1.4666666666666666,1.4666666666666666,15,1,7.0,0.6973585163013315,0,7.0,0.8390823650020288,0,0.0,0.1357924140890336,0,0.0,1.0,0,0.0,1.0,1,2.0,0.4251309144975952,1,4.0,0.5237943689389707,0,2.0,0.937047149562918
