step,system_total_stopped,system_total_waiting_time,system_mean_waiting_time,system_mean_speed,system_cars_present,system_accumulated_waiting_time (100),system_accumulated_mean_waiting_time (100),system_accumulated_waiting_time (delta),system_accumulated_mean_waiting_time (delta),agents_total_stopped,agents_total_accumulated_waiting_time (100),agents_total_accumulated_waiting_time (delta),agents_mean_speed,agents_mean_waiting_time (100),agents_mean_waiting_time (delta),agents_cars_present,Ing1_1_stopped,Ing1_1_accumulated_waiting_time,Ing1_1_average_speed
16.0,0,0.0,0.0,7.127787787939925,6,0.0,0.0,0.0,0.0,0,0.0,0.0,7.628163112490438,0.0,0.0,3,0,0.0,0.5731172089052626
24.0,1,0.0,0.0,8.607200304990004,10,0.0,0.0,0.0,0.0,0,0.0,0.0,10.113896332141564,0.0,0.0,3,0,0.0,0.7617315930345226
32.0,1,0.0,0.0,8.703078639283246,15,0.0,0.0,0.0,0.0,1,0.0,0.0,6.553957690554644,0.0,0.0,6,1,0.0,0.514591675863265
40.0,0,0.0,0.0,9.24868457999309,17,0.0,0.0,0.0,0.0,0,0.0,0.0,8.300485878007146,0.0,0.0,9,0,0.0,0.6012704607977036
48.0,4,8.0,0.4,6.3947989585748655,20,8.0,0.4,8.0,0.4,4,8.0,8.0,4.41080286474817,0.5714285714285714,0.5714285714285714,14,4,8.0,0.3499645310664522
56.0,2,1.0,0.0476190476190476,7.255038819118515,21,24.0,1.1428571428571428,16.0,0.7619047619047619,1,0.0,0.0,7.608102996806892,0.0,0.0,12,1,0.0,0.5916240604405058
64.0,4,14.0,0.56,8.368801129574342,25,39.0,1.56,15.0,0.6,4,14.0,14.0,5.509615756797724,1.1666666666666667,1.1666666666666667,12,4,14.0,0.3954894926945455
72.0,2,7.0,0.3181818181818182,7.857120923444154,22,31.0,1.4090909090909092,0.0,0.0,0,0.0,0.0,7.42546322552781,0.0,0.0,11,0,0.0,0.5404214135728276
80.0,2,4.0,0.1538461538461538,7.849172787597705,26,43.0,1.6538461538461535,12.0,0.4615384615384615,2,6.0,6.0,5.049356208583776,0.4615384615384615,0.4615384615384615,13,2,6.0,0.3620830513156048
88.0,3,4.0,0.1666666666666666,7.323537979804342,24,20.0,0.8333333333333334,0.0,0.0,1,2.0,0.0,5.515399335820927,0.1666666666666666,0.1666666666666666,12,1,2.0,0.3924180846341767
96.0,1,3.0,0.15,5.978732849446869,20,21.0,1.05,1.0,0.05,1,7.0,5.0,3.19244995258114,0.5384615384615384,0.5384615384615384,13,1,7.0,0.2492539771085273
104.0,0,0.0,0.0,6.828452364547784,20,15.0,0.75,0.0,0.0,0,1.0,0.0,5.458799849628522,0.0833333333333333,0.0833333333333333,12,0,1.0,0.3997118893928758
112.0,0,0.0,0.0,6.595912283164324,21,15.0,0.7142857142857143,0.0,0.0,0,1.0,0.0,4.009427178258549,0.0769230769230769,0.0769230769230769,13,0,1.0,0.2869105982722008
120.0,0,0.0,0.0,8.026923764964849,21,8.0,0.3809523809523809,0.0,0.0,0,2.0,1.0,4.672796324804033,0.1666666666666666,0.1666666666666666,12,0,2.0,0.3642467452865988
128.0,0,0.0,0.0,6.178630561758973,19,7.0,0.3684210526315789,0.0,0.0,0,1.0,0.0,3.524665924548773,0.1,0.1,10,0,1.0,0.2645332911688893
136.0,0,0.0,0.0,6.671531467082339,19,6.0,0.3157894736842105,0.0,0.0,0,1.0,0.0,2.9719074545622206,0.125,0.125,8,0,1.0,0.2225385456993848
144.0,2,6.0,0.3,6.12580111340845,20,11.0,0.55,5.0,0.25,1,6.0,5.0,5.079262342937782,0.8571428571428571,0.8571428571428571,7,1,6.0,0.3651167078354249
152.0,2,22.0,1.0476190476190477,8.915078275800571,21,29.0,1.380952380952381,18.0,0.8571428571428571,1,14.0,8.0,7.334924205821894,1.75,1.75,8,1,14.0,0.5422128472803851
160.0,4,9.0,0.4736842105263157,7.594325265478384,19,39.0,2.0526315789473686,10.0,0.5263157894736842,4,21.0,7.0,5.22766083160595,1.75,1.75,12,4,21.0,0.3720516605823572
168.0,2,3.0,0.1666666666666666,7.779952863785239,18,62.0,3.4444444444444446,23.0,1.2777777777777777,1,13.0,0.0,6.8016662444148,1.4444444444444444,1.4444444444444444,9,1,13.0,0.4794234606907102
176.0,0,0.0,0.0,7.032858269515005,15,40.0,2.6666666666666665,0.0,0.0,0,10.0,0.0,1.4533392801766225,1.6666666666666667,1.6666666666666667,6,0,10.0,0.1047853673814915
184.0,0,0.0,0.0,8.933448411982987,9,23.0,2.555555555555556,0.0,0.0,0,0.0,0.0,5.546749813540779,0.0,0.0,3,0,0.0,0.4193182780345134
192.0,0,0.0,0.0,11.217432666831284,6,2.0,0.3333333333333333,0.0,0.0,0,0.0,0.0,9.371707842173056,0.0,0.0,1,0,0.0,0.6045643522231752
200.0,0,0.0,0.0,10.496305193866482,4,0.0,0.0,0.0,0.0,0,0.0,0.0,7.898044153815135,0.0,0.0,1,0,0.0,0.5237129015556315
208.0,1,0.0,0.0,7.394527608701664,2,0.0,0.0,0.0,0.0,1,0.0,0.0,7.394527608701664,0.0,0.0,2,1,0.0,0.4903251278629174
216.0,0,0.0,0.0,9.060526813783678,6,0.0,0.0,0.0,0.0,0,0.0,0.0,9.859954142585948,0.0,0.0,2,0,0.0,0.6976021703950185
224.0,1,1.0,0.125,6.762138983993173,8,1.0,0.125,1.0,0.125,1,1.0,1.0,4.742223262649088,0.25,0.25,4,1,1.0,0.3064964061737009
232.0,0,0.0,0.0,10.666121289213413,8,4.0,0.5,3.0,0.375,0,0.0,0.0,9.460911163257697,0.0,0.0,3,0,0.0,0.6579697828002132
240.0,3,9.0,0.75,7.613475287471761,12,13.0,1.0833333333333333,9.0,0.75,3,9.0,9.0,4.585831454387074,1.125,1.125,8,3,9.0,0.3169713154158777
248.0,1,0.0,0.0,6.697539740701076,10,20.0,2.0,7.0,0.7,1,0.0,0.0,7.415807630646618,0.0,0.0,4,1,0.0,0.5706137272378724
256.0,1,2.0,0.1666666666666666,8.828474567094878,12,23.0,1.9166666666666667,3.0,0.25,1,2.0,2.0,3.258197238354009,0.5,0.5,4,1,2.0,0.2541055656143226
264.0,0,0.0,0.0,6.624951841732717,8,9.0,1.125,0.0,0.0,0,1.0,0.0,5.393236880511975,0.25,0.25,4,0,1.0,0.4090813947367008
272.0,0,0.0,0.0,10.491316258951814,10,6.0,0.6,0.0,0.0,0,0.0,0.0,11.76091773944619,0.0,0.0,4,0,0.0,0.861077879298547
280.0,2,5.0,0.7142857142857143,5.995877663137091,7,5.0,0.7142857142857143,0.0,0.0,2,5.0,5.0,0.5527445483123583,1.6666666666666667,1.6666666666666667,3,2,5.0,0.0383353885247736
288.0,0,0.0,0.0,10.513184762990608,8,13.0,1.625,8.0,1.0,0,0.0,0.0,4.473491782625206,0.0,0.0,1,0,0.0,0.3166039329045297
296.0,0,0.0,0.0,10.724349382495571,5,11.0,2.2,0.0,0.0,0,0.0,0.0,13.36161775575799,0.0,0.0,1,0,0.0,0.94564625062471
304.0,0,0.0,0.0,8.173984123374213,6,0.0,0.0,0.0,0.0,0,0.0,0.0,7.385756059037521,0.0,0.0,3,0,0.0,0.537747462757257
312.0,1,1.0,0.2,7.218076483656095,5,1.0,0.2,1.0,0.2,1,1.0,1.0,7.727743218138013,0.25,0.25,4,1,1.0,0.5572327579265011
320.0,0,0.0,0.0,9.433999063118678,7,5.0,0.7142857142857143,4.0,0.5714285714285714,0,0.0,0.0,13.05030106054619,0.0,0.0,2,0,0.0,0.8427461103037213
336.0,1,0.0,0.0,6.989409365052666,3,6.0,2.0,0.0,0.0,1,0.0,0.0,0.0,0.0,0.0,1,1,0.0,0.0
344.0,2,5.0,1.25,3.972172234709344,4,5.0,1.25,0.0,0.0,2,5.0,5.0,0.8039078547870339,1.6666666666666667,1.6666666666666667,3,2,5.0,0.0587758319607924
352.0,0,0.0,0.0,8.199529443857113,6,8.0,1.3333333333333333,3.0,0.5,0,0.0,0.0,7.133872793189423,0.0,0.0,2,0,0.0,0.5240727393923011
360.0,1,0.0,0.0,6.321725288517681,6,8.0,1.3333333333333333,0.0,0.0,1,0.0,0.0,0.0821965637346714,0.0,0.0,2,1,0.0,0.0062812067480848
368.0,1,8.0,1.6,3.855664296138243,5,8.0,1.6,0.0,0.0,1,8.0,8.0,2.2633681320691936,4.0,4.0,2,1,8.0,0.1843610731460631
376.0,0,0.0,0.0,7.142435023172607,12,13.0,1.0833333333333333,5.0,0.4166666666666667,0,0.0,0.0,4.488050501619,0.0,0.0,2,0,0.0,0.3789454093296746
384.0,2,4.0,0.2352941176470588,6.686034666010692,17,17.0,1.0,4.0,0.2352941176470588,1,4.0,4.0,0.000526540944645,4.0,4.0,1,1,4.0,3.3570177425446404e-05
392.0,0,0.0,0.0,7.6565197479930545,13,10.0,0.7692307692307693,0.0,0.0,0,3.0,0.0,9.84779316642945,1.5,1.5,2,0,3.0,0.7373544512508834
400.0,3,6.0,0.5,5.470832341503275,12,16.0,1.3333333333333333,6.0,0.5,2,6.0,3.0,2.7921698785153666,2.0,2.0,3,2,6.0,0.1929586782676142
408.0,1,3.0,0.25,5.860862880307884,12,16.0,1.3333333333333333,0.0,0.0,1,3.0,0.0,3.81442029539235,1.5,1.5,2,1,3.0,0.2542255893575269
416.0,2,14.0,1.0769230769230769,6.665237873598794,13,27.0,2.076923076923077,11.0,0.8461538461538461,2,14.0,11.0,3.2579116147566025,4.666666666666667,4.666666666666667,3,2,14.0,0.2952311050426436
424.0,2,0.0,0.0,6.084036904254953,15,20.0,1.3333333333333333,0.0,0.0,1,0.0,0.0,4.849087168367792,0.0,0.0,3,1,0.0,0.3993349739920959
432.0,2,1.0,0.0625,7.099938515882541,16,21.0,1.3125,1.0,0.0625,2,1.0,1.0,5.426459825590994,0.2,0.2,5,2,1.0,0.3893954590246061
440.0,0,0.0,0.0,6.917996943645655,15,4.0,0.2666666666666666,0.0,0.0,0,0.0,0.0,8.268263457808645,0.0,0.0,1,0,0.0,0.5153751887138295
448.0,1,4.0,0.3076923076923077,8.146016657492456,13,11.0,0.8461538461538461,7.0,0.5384615384615384,0,0.0,0.0,10.374425581526951,0.0,0.0,1,0,0.0,0.7458465542748894
456.0,1,1.0,0.125,3.517905839989827,8,8.0,1.0,0.0,0.0,0,5.0,5.0,4.512355245570451,2.5,2.5,2,0,5.0,0.3104509690883661
464.0,4,2.0,0.1538461538461538,5.516739197916592,13,13.0,1.0,5.0,0.3846153846153846,1,0.0,0.0,6.125479280594421,0.0,0.0,4,1,0.0,0.4253425314456268
472.0,2,1.0,0.0588235294117647,5.773192920482107,17,28.0,1.6470588235294117,15.0,0.8823529411764706,1,1.0,1.0,3.630445908448004,0.25,0.25,4,1,1.0,0.2449156021718442
480.0,2,4.0,0.2352941176470588,7.614115800318277,17,24.0,1.411764705882353,0.0,0.0,2,4.0,3.0,5.6811293939136505,1.0,1.0,4,2,4.0,0.3992196159624925
488.0,3,4.0,0.3076923076923077,5.389595047910796,13,21.0,1.6153846153846154,0.0,0.0,3,7.0,3.0,1.5023465040573654,1.75,1.75,4,3,7.0,0.0918372181567673
496.0,2,20.0,1.5384615384615383,7.316252713807088,13,33.0,2.5384615384615383,12.0,0.9230769230769232,2,23.0,16.0,3.746781798007781,5.75,5.75,4,2,23.0,0.2630985611222964
504.0,3,12.0,0.9230769230769232,5.040226512638696,13,42.0,3.230769230769231,9.0,0.6923076923076923,2,12.0,0.0,3.253505578836412,2.4,2.4,5,2,12.0,0.2478336698924867
512.0,0,0.0,0.0,9.133889277471855,12,49.0,4.083333333333333,7.0,0.5833333333333334,0,0.0,0.0,7.391097670854654,0.0,0.0,2,0,0.0,0.5119259197552106
520.0,0,0.0,0.0,9.365426247388529,11,19.0,1.7272727272727273,0.0,0.0,0,0.0,0.0,5.776547659141943,0.0,0.0,1,0,0.0,0.3778400934330898
528.0,1,1.0,0.1111111111111111,4.108752160324603,9,1.0,0.1111111111111111,0.0,0.0,1,1.0,1.0,0.0385764700111574,1.0,1.0,1,1,1.0,0.0025232609325514
536.0,1,0.0,0.0,5.971689241082241,14,4.0,0.2857142857142857,3.0,0.2142857142857142,0,0.0,0.0,10.142678243177087,0.0,0.0,2,0,0.0,0.6649815063264592
544.0,0,0.0,0.0,6.401369404720839,16,6.0,0.375,2.0,0.125,0,0.0,0.0,4.3061294199320415,0.0,0.0,1,0,0.0,0.2783442760954281
552.0,1,0.0,0.0,6.04657793188045,15,0.0,0.0,0.0,0.0,1,0.0,0.0,2.8690229834872296,0.0,0.0,2,1,0.0,0.1865271626653978
560.0,2,2.0,0.125,5.048996666063235,16,5.0,0.3125,5.0,0.3125,1,2.0,2.0,4.166333221860386,0.5,0.5,4,1,2.0,0.3147186431722863
568.0,1,0.0,0.0,5.986995108592318,20,6.0,0.3,1.0,0.05,1,0.0,0.0,5.883836078685711,0.0,0.0,3,1,0.0,0.3800229196474804
576.0,2,8.0,0.3636363636363636,6.995764316921382,22,16.0,0.7272727272727273,10.0,0.4545454545454545,2,8.0,8.0,5.070841291560908,1.6,1.6,5,2,8.0,0.3727323206960052
584.0,1,0.0,0.0,6.565290890047417,19,15.0,0.7894736842105263,0.0,0.0,1,0.0,0.0,5.073828845143223,0.0,0.0,4,1,0.0,0.3641205494685585
592.0,2,6.0,0.3333333333333333,6.932595714353343,18,22.0,1.2222222222222223,7.0,0.3888888888888889,2,6.0,6.0,3.028586194887173,1.2,1.2,5,2,6.0,0.2214375138186818
600.0,5,36.0,3.0,4.559411772430791,12,37.0,3.083333333333333,15.0,1.25,5,36.0,30.0,0.0821739812680879,6.0,6.0,6,5,36.0,0.0062791650920029
608.0,1,0.0,0.0,6.577001900473904,12,59.0,4.916666666666667,22.0,1.8333333333333333,0,12.0,0.0,3.5812742344942974,3.0,3.0,4,0,12.0,0.2722966200754745
616.0,1,6.0,0.5454545454545454,9.56395283454694,11,65.0,5.909090909090909,6.0,0.5454545454545454,1,6.0,0.0,3.3710544589437528,3.0,3.0,2,1,6.0,0.2136072612416089
624.0,1,14.0,2.0,6.2495523121770855,7,14.0,2.0,0.0,0.0,1,14.0,8.0,5.515523634365295,3.5,3.5,4,1,14.0,0.3671620956732899
632.0,1,22.0,2.75,8.042106108106406,8,22.0,2.75,8.0,1.0,1,22.0,8.0,7.671145363809609,4.4,4.4,5,1,22.0,0.5731278982643396
640.0,1,4.0,0.3076923076923077,6.371831763339127,13,29.0,2.230769230769231,7.0,0.5384615384615384,1,4.0,0.0,6.165373851104089,0.4444444444444444,0.4444444444444444,9,1,4.0,0.4360295475245296
648.0,5,8.0,0.4,6.549868018133853,20,44.0,2.2,15.0,0.75,5,8.0,4.0,5.273122686983366,0.6666666666666666,0.6666666666666666,12,5,8.0,0.3647032272813694
656.0,6,27.0,1.2272727272727273,6.13307146380553,22,55.0,2.5,11.0,0.5,6,29.0,21.0,4.26782785120483,1.8125,1.8125,16,6,29.0,0.3169130001507977
664.0,1,5.0,0.2272727272727272,8.175154907112635,22,77.0,3.5,22.0,1.0,1,9.0,0.0,6.106014429921151,0.9,0.9,10,1,9.0,0.4737314641911339
672.0,9,27.0,1.08,7.14927613694794,25,92.0,3.68,15.0,0.6,8,29.0,20.0,3.1833094665647086,2.4166666666666665,2.4166666666666665,12,8,29.0,0.2381336701144818
680.0,3,28.0,1.4736842105263157,6.479449484344624,19,77.0,4.052631578947368,0.0,0.0,3,37.0,8.0,4.937005076313896,3.363636363636364,3.363636363636364,11,3,37.0,0.3495459275899661
688.0,8,61.0,3.05,5.781227539825113,20,109.0,5.45,32.0,1.6,8,70.0,33.0,3.020147466892624,5.384615384615385,5.384615384615385,13,8,70.0,0.2179300743026645
696.0,3,58.0,2.761904761904762,6.517187967118782,21,131.0,6.238095238095238,22.0,1.0476190476190477,3,78.0,8.0,4.25611646071548,6.0,6.0,13,3,78.0,0.2939362915995951
704.0,11,95.0,4.130434782608695,4.490117389553473,23,152.0,6.608695652173913,21.0,0.9130434782608696,11,115.0,37.0,2.7234219957663743,6.388888888888889,6.388888888888889,18,11,115.0,0.2020144986293331
712.0,5,109.0,4.1923076923076925,4.696052868642321,26,190.0,7.3076923076923075,38.0,1.4615384615384617,5,142.0,27.0,3.039305217803689,7.473684210526316,7.473684210526316,19,5,142.0,0.2296189657416594
720.0,16,184.0,5.75,4.484981107013772,32,265.0,8.28125,75.0,2.34375,15,217.0,75.0,2.09696417383423,9.434782608695652,9.434782608695652,23,15,217.0,0.1381726045530569
728.0,10,233.0,7.28125,4.5331866801646505,32,329.0,10.28125,64.0,2.0,9,275.0,58.0,2.2877789375713675,13.095238095238097,13.095238095238097,21,9,275.0,0.1782733074019747
736.0,3,7.0,0.2,8.609732342010648,35,373.0,10.657142857142857,44.0,1.2571428571428571,2,91.0,0.0,5.548651200580286,7.0,7.0,13,2,91.0,0.4486839139298167
744.0,8,25.0,0.6944444444444444,6.701505046782471,36,327.0,9.083333333333334,0.0,0.0,8,117.0,26.0,2.593436630716921,6.5,6.5,18,8,117.0,0.2052563086957337
752.0,2,7.0,0.25,6.46946544906315,28,169.0,6.035714285714286,0.0,0.0,2,57.0,0.0,5.359086360370518,3.8,3.8,15,2,57.0,0.4088713793911842
760.0,5,18.0,0.6,8.066071667493013,30,194.0,6.466666666666667,25.0,0.8333333333333334,5,30.0,0.0,4.659794673527011,2.0,2.0,15,5,30.0,0.354129813604537
768.0,1,6.0,0.2608695652173913,7.928651380979738,23,69.0,3.0,0.0,0.0,1,16.0,0.0,6.250994040608332,1.3333333333333333,1.3333333333333333,12,1,16.0,0.4567492548360343
776.0,2,0.0,0.0,9.397821065000716,23,55.0,2.391304347826087,0.0,0.0,1,0.0,0.0,9.602988373894844,0.0,0.0,5,1,0.0,0.6316393556835602
784.0,0,0.0,0.0,10.295641779489932,19,12.0,0.631578947368421,0.0,0.0,0,0.0,0.0,10.199849724697549,0.0,0.0,4,0,0.0,0.7079856837150199
792.0,0,0.0,0.0,10.346870920859306,15,0.0,0.0,0.0,0.0,0,0.0,0.0,9.24145066344994,0.0,0.0,7,0,0.0,0.6379214732894428
800.0,3,7.0,0.4117647058823529,8.897796689271605,17,7.0,0.4117647058823529,7.0,0.4117647058823529,2,4.0,4.0,8.414870442670312,0.5714285714285714,0.5714285714285714,7,2,4.0,0.5280666397204297
808.0,2,23.0,1.2105263157894737,9.950362563085749,19,23.0,1.2105263157894737,16.0,0.8421052631578947,1,12.0,8.0,6.820402508760883,1.7142857142857142,1.7142857142857142,7,1,12.0,0.4768151459322858
816.0,4,7.0,0.4375,7.462566118708143,16,37.0,2.3125,14.0,0.875,4,7.0,0.0,5.093426678040133,0.7,0.7,10,4,7.0,0.3605271355488137
824.0,6,38.0,2.111111111111111,5.413229177193617,18,68.0,3.7777777777777777,31.0,1.7222222222222223,6,38.0,31.0,3.283435807433008,2.923076923076923,2.923076923076923,13,6,38.0,0.2409049574285724
832.0,1,3.0,0.1578947368421052,6.784296804350504,19,68.0,3.5789473684210527,0.0,0.0,1,8.0,0.0,6.577294137176938,1.0,1.0,8,1,8.0,0.4512113554979109
840.0,2,18.0,0.8571428571428571,10.63739598575484,21,83.0,3.952380952380953,15.0,0.7142857142857143,1,11.0,3.0,0.0,11.0,11.0,1,1,11.0,0.0
848.0,0,0.0,0.0,10.651494722478256,12,25.0,2.083333333333333,0.0,0.0,0,11.0,0.0,6.472247716481798,11.0,11.0,1,0,11.0,0.5951085061109236
856.0,1,6.0,0.5,7.818185525822147,12,31.0,2.583333333333333,6.0,0.5,1,17.0,6.0,5.176025662759466,2.833333333333333,2.833333333333333,6,1,17.0,0.3940786935430545
864.0,1,0.0,0.0,8.591311775518886,13,20.0,1.5384615384615383,0.0,0.0,0,0.0,0.0,8.86680986406149,0.0,0.0,8,0,0.0,0.638005265394869
872.0,0,0.0,0.0,7.43150563437182,12,22.0,1.8333333333333333,2.0,0.1666666666666666,0,0.0,0.0,4.271577134649197,0.0,0.0,5,0,0.0,0.2842215563556374
880.0,1,4.0,0.4,8.688235601199898,10,6.0,0.6,0.0,0.0,1,4.0,4.0,4.410997016390636,1.3333333333333333,1.3333333333333333,3,1,4.0,0.305762314722566
888.0,2,12.0,1.3333333333333333,6.93527558005058,9,12.0,1.3333333333333333,6.0,0.6666666666666666,2,12.0,8.0,3.691580749852584,2.4,2.4,5,2,12.0,0.2531240832906071
896.0,1,20.0,1.818181818181818,6.798420146786273,11,20.0,1.818181818181818,8.0,0.7272727272727273,1,20.0,8.0,8.091336412607259,2.5,2.5,8,1,20.0,0.5814399892755351
904.0,1,3.0,0.1666666666666666,6.963712189517619,18,30.0,1.6666666666666667,10.0,0.5555555555555556,1,3.0,0.0,6.08350406572592,0.3,0.3,10,1,3.0,0.443152531524797
912.0,0,0.0,0.0,7.385088146484188,22,46.0,2.090909090909091,16.0,0.7272727272727273,0,9.0,6.0,4.799786678329306,0.75,0.75,12,0,9.0,0.3419519449297983
920.0,3,12.0,0.5454545454545454,7.011429544864234,22,25.0,1.1363636363636365,0.0,0.0,3,12.0,3.0,4.4572944811864055,1.3333333333333333,1.3333333333333333,9,3,12.0,0.3063232701550578
928.0,6,38.0,2.111111111111111,3.948853526747333,18,48.0,2.6666666666666665,23.0,1.2777777777777777,6,38.0,26.0,0.7624957431699672,4.222222222222222,4.222222222222222,9,6,38.0,0.052622111737912
936.0,0,0.0,0.0,6.233314059825032,19,78.0,4.105263157894737,30.0,1.5789473684210529,0,9.0,0.0,6.076974175811469,2.25,2.25,4,0,9.0,0.469978567453631
944.0,3,3.0,0.1304347826086956,7.203605933144972,23,72.0,3.130434782608696,0.0,0.0,1,4.0,0.0,3.472417932848169,1.0,1.0,4,1,4.0,0.2414417377504273
952.0,7,34.0,1.5454545454545454,5.837186127714426,22,38.0,1.7272727272727273,0.0,0.0,2,4.0,0.0,3.768675423421503,0.6666666666666666,0.6666666666666666,6,2,4.0,0.2783015706274771
960.0,4,37.0,1.761904761904762,5.116119146722222,21,87.0,4.142857142857143,49.0,2.333333333333333,1,10.0,6.0,6.085792948659944,2.0,2.0,5,1,10.0,0.4266035668562134
968.0,4,14.0,0.6363636363636364,5.696684974955844,22,94.0,4.2727272727272725,7.0,0.3181818181818182,4,14.0,4.0,0.8365165462570298,2.8,2.8,5,4,14.0,0.0587213181419665
976.0,3,9.0,0.4736842105263157,5.276995443330953,19,88.0,4.631578947368421,0.0,0.0,1,14.0,0.0,0.0007382669998844,14.0,14.0,1,1,14.0,6.126203503859236e-05
992.0,2,0.0,0.0,4.571255956004232,16,17.0,1.0625,0.0,0.0,1,0.0,0.0,0.0,0.0,0.0,1,1,0.0,0.0
1000.0,0,0.0,0.0,5.4170962319103735,19,0.0,0.0,0.0,0.0,0,0.0,0.0,7.762540448206893,0.0,0.0,4,0,0.0,0.5449675182072335
1008.0,3,2.0,0.0909090909090909,5.201729160942106,22,2.0,0.0909090909090909,2.0,0.0909090909090909,1,1.0,1.0,6.619113241981367,0.1666666666666666,0.1666666666666666,6,1,1.0,0.4351373713455084
1016.0,5,25.0,1.0,4.708998864489097,25,33.0,1.32,31.0,1.24,1,4.0,3.0,0.0,4.0,4.0,1,1,4.0,0.0
1024.0,5,19.0,0.6551724137931034,5.734691074690374,29,73.0,2.5172413793103448,40.0,1.3793103448275863,2,12.0,8.0,3.1633842262439438,2.4,2.4,5,2,12.0,0.2309593726014956
1032.0,3,4.0,0.1538461538461538,4.661865989049571,26,74.0,2.8461538461538463,1.0,0.0384615384615384,1,2.0,0.0,7.146305459600337,0.2222222222222222,0.2222222222222222,9,1,2.0,0.5160128884075404
1040.0,2,1.0,0.032258064516129,6.000791544190655,31,71.0,2.290322580645161,0.0,0.0,0,0.0,0.0,8.05255561481223,0.0,0.0,5,0,0.0,0.6238446456464233
1048.0,3,8.0,0.2758620689655172,5.998507043513472,29,51.0,1.7586206896551724,0.0,0.0,2,7.0,7.0,3.630970744133879,1.0,1.0,7,2,7.0,0.287836113373046
1056.0,0,0.0,0.0,5.348336127279077,24,45.0,1.875,0.0,0.0,0,0.0,0.0,8.671220159450579,0.0,0.0,4,0,0.0,0.6607818090809674
1072.0,0,0.0,0.0,4.498461783954541,19,12.0,0.631578947368421,0.0,0.0,0,0.0,0.0,8.573937592174238,0.0,0.0,3,0,0.0,0.5924998987000922
1080.0,1,0.0,0.0,5.638528428655162,22,5.0,0.2272727272727272,0.0,0.0,0,0.0,0.0,8.292315210015879,0.0,0.0,3,0,0.0,0.651905695056168
1088.0,5,20.0,0.7407407407407407,5.081749910962964,27,22.0,0.8148148148148148,17.0,0.6296296296296297,1,1.0,1.0,7.191305844668837,0.1428571428571428,0.1428571428571428,7,1,1.0,0.5352734852335985
1096.0,6,11.0,0.3548387096774194,4.493219600663043,31,60.0,1.935483870967742,38.0,1.2258064516129032,1,0.0,0.0,8.710702282217154,0.0,0.0,6,1,0.0,0.6512158297692417
1104.0,10,36.0,1.125,2.543800797597034,32,98.0,3.0625,38.0,1.1875,3,7.0,7.0,2.325122919473053,1.1666666666666667,1.1666666666666667,6,3,7.0,0.1547525145151992
1112.0,13,95.0,2.638888888888889,3.8466601047411166,36,172.0,4.777777777777778,74.0,2.055555555555556,2,0.0,0.0,2.803385067055933,0.0,0.0,3,2,0.0,0.1936116548801519
1120.0,16,169.0,4.970588235294118,4.349024108886809,34,284.0,8.352941176470589,112.0,3.294117647058824,0,0.0,0.0,8.535728700720002,0.0,0.0,3,0,0.0,0.6350375663949454
1128.0,15,118.0,3.806451612903226,2.9897880547763163,31,364.0,11.741935483870968,80.0,2.5806451612903225,1,0.0,0.0,5.407986232801341,0.0,0.0,3,1,0.0,0.4147979130526709
1136.0,11,89.0,2.966666666666667,3.2761044957965555,30,472.0,15.733333333333333,108.0,3.6,0,0.0,0.0,9.095200528723437,0.0,0.0,5,0,0.0,0.6738163747254452
1152.0,7,16.0,0.5714285714285714,3.114291321548808,28,523.0,18.678571428571427,53.0,1.8928571428571428,2,5.0,5.0,4.129700892261783,1.25,1.25,4,2,5.0,0.2854194710123309
1160.0,3,6.0,0.25,2.8456917984341445,24,462.0,19.25,0.0,0.0,1,3.0,0.0,4.059422013322176,1.0,1.0,3,1,3.0,0.3211343501443339
1168.0,0,0.0,0.0,4.831236372235171,23,431.0,18.73913043478261,0.0,0.0,0,0.0,0.0,11.718744668714416,0.0,0.0,1,0,0.0,0.9657127441822616
1184.0,2,3.0,0.1363636363636363,3.628874232399564,22,252.0,11.454545454545457,0.0,0.0,1,3.0,3.0,3.129420766369289,1.0,1.0,3,1,3.0,0.2350391154626342
1192.0,4,9.0,0.36,3.194558389820888,25,214.0,8.56,0.0,0.0,1,3.0,0.0,2.960363457754912,1.0,1.0,3,1,3.0,0.2084644828508196
1200.0,6,33.0,1.2692307692307692,2.964208877371161,26,251.0,9.653846153846152,37.0,1.4230769230769231,3,23.0,20.0,1.676886690249274,5.75,5.75,4,3,23.0,0.1116056447345583
1208.0,1,0.0,0.0,4.057806404267643,27,238.0,8.814814814814815,0.0,0.0,1,0.0,0.0,0.6853416724479757,0.0,0.0,2,1,0.0,0.0459116609236818
1216.0,0,0.0,0.0,5.4159549020528726,28,176.0,6.285714285714286,0.0,0.0,0,0.0,0.0,7.823754546517075,0.0,0.0,7,0,0.0,0.5238124177081156
1224.0,1,0.0,0.0,6.002544686912819,29,71.0,2.4482758620689653,0.0,0.0,1,0.0,0.0,7.592960094005805,0.0,0.0,7,1,0.0,0.5779532903766723
1232.0,2,0.0,0.0,6.700329139136905,31,38.0,1.2258064516129032,0.0,0.0,0,0.0,0.0,9.824833251745344,0.0,0.0,4,0,0.0,0.7174742221991249
1240.0,6,19.0,0.6129032258064516,4.698699372181814,31,40.0,1.2903225806451613,2.0,0.064516129032258,1,2.0,2.0,5.940491448362347,0.2857142857142857,0.2857142857142857,7,1,2.0,0.4089124146659676
1248.0,4,4.0,0.1212121212121212,4.274527975882115,33,68.0,2.060606060606061,28.0,0.8484848484848485,0,0.0,0.0,7.537880238975847,0.0,0.0,6,0,0.0,0.5799552741069011
1256.0,7,34.0,0.918918918918919,5.063424323104346,37,87.0,2.3513513513513518,19.0,0.5135135135135135,0,0.0,0.0,8.467499361508098,0.0,0.0,6,0,0.0,0.6527675082337848
1264.0,6,20.0,0.5714285714285714,4.760829151769929,35,128.0,3.657142857142857,41.0,1.1714285714285717,2,6.0,6.0,8.312370938920033,0.6666666666666666,0.6666666666666666,9,2,6.0,0.5777448115703199
1272.0,8,16.0,0.4324324324324324,4.5511341812925314,37,148.0,4.0,20.0,0.5405405405405406,4,9.0,3.0,5.736039454069752,0.8181818181818182,0.8181818181818182,11,4,9.0,0.3912579812275204
1280.0,1,2.0,0.0526315789473684,5.571061346024539,38,142.0,3.736842105263158,0.0,0.0,0,0.0,0.0,8.131452272656771,0.0,0.0,8,0,0.0,0.6087291694630363
1288.0,8,37.0,0.902439024390244,6.123480576753679,41,153.0,3.731707317073171,11.0,0.2682926829268293,2,4.0,4.0,4.0445462198580415,0.5,0.5,8,2,4.0,0.3302240477230723
1296.0,14,101.0,2.58974358974359,4.304747779199765,39,224.0,5.743589743589744,71.0,1.8205128205128205,3,10.0,6.0,5.329075666808637,1.0,1.0,10,3,10.0,0.3859535030924621
1304.0,15,104.0,2.6,5.342006791205752,40,326.0,8.15,102.0,2.55,3,62.0,52.0,6.132825948481015,7.75,7.75,8,3,62.0,0.4208193000713552
1312.0,15,136.0,3.675675675675676,4.144867169929066,37,432.0,11.675675675675675,106.0,2.864864864864865,3,86.0,24.0,6.169727604541832,10.75,10.75,8,3,86.0,0.4574752955912958
1320.0,19,149.0,4.138888888888889,2.6467657279278702,36,563.0,15.63888888888889,131.0,3.638888888888889,2,7.0,0.0,5.042102337253146,0.875,0.875,8,2,7.0,0.406781311425002
1328.0,20,261.0,7.054054054054054,3.199169285375004,37,710.0,19.18918918918919,147.0,3.972972972972973,4,31.0,24.0,4.550582118137892,2.8181818181818183,2.8181818181818183,11,4,31.0,0.3243792642376413
1336.0,16,370.0,9.25,5.01528085004609,40,757.0,18.925,47.0,1.175,0,9.0,0.0,6.4520050589467735,0.75,0.75,12,0,9.0,0.4669921489573578
1344.0,21,394.0,10.102564102564102,3.880873937200673,39,849.0,21.76923076923077,92.0,2.358974358974359,8,91.0,82.0,2.775098849944785,6.5,6.5,14,8,91.0,0.1933641530233287
1352.0,9,177.0,5.205882352941177,3.413698213263182,34,931.0,27.38235294117647,82.0,2.411764705882353,3,102.0,11.0,3.1655637788335014,9.272727272727272,9.272727272727272,11,3,102.0,0.250543999808746
1360.0,5,25.0,0.7142857142857143,5.803326312637284,35,967.0,27.62857142857143,36.0,1.0285714285714285,2,157.0,55.0,4.297619089097564,31.4,31.4,5,2,157.0,0.3547172312797041
1368.0,11,76.0,2.533333333333333,3.444159509688199,30,977.0,32.56666666666667,10.0,0.3333333333333333,3,173.0,16.0,0.0,57.66666666666666,57.66666666666666,3,3,173.0,0.0
1376.0,17,187.0,7.791666666666667,1.5080533083103296,24,1061.0,44.208333333333336,84.0,3.5,2,189.0,16.0,3.639223231939405,63.0,63.0,3,2,189.0,0.3032381238546899
1384.0,15,162.0,7.043478260869565,1.318281872373793,23,1201.0,52.21739130434783,140.0,6.086956521739131,1,89.0,0.0,2.226845789166356,29.666666666666668,29.666666666666668,3,1,89.0,0.1717210506642899
1392.0,9,78.0,3.12,3.2443773534011124,25,1286.0,51.44,85.0,3.4,2,24.0,0.0,4.592557011457176,4.8,4.8,5,2,24.0,0.3360214357811087
1400.0,1,1.0,0.0384615384615384,5.020900797877384,26,1121.0,43.11538461538461,0.0,0.0,1,87.0,63.0,6.766263240112994,17.4,17.4,5,1,87.0,0.4545699461020641
1408.0,8,38.0,1.52,5.416645922004777,25,1056.0,42.24,0.0,0.0,2,121.0,34.0,8.082639921249257,24.2,24.2,5,2,121.0,0.533996888064939
1416.0,14,100.0,3.8461538461538463,4.013890029400601,26,1024.0,39.38461538461539,0.0,0.0,2,137.0,16.0,3.027419960978927,22.83333333333333,22.83333333333333,6,2,137.0,0.2352127003044495
1424.0,5,21.0,0.8076923076923077,4.273597688033524,26,1076.0,41.38461538461539,52.0,2.0,2,186.0,49.0,4.330216923396902,20.666666666666668,20.666666666666668,9,2,186.0,0.3431607703508708
1432.0,10,42.0,1.4482758620689655,4.224523091661217,29,1121.0,38.6551724137931,45.0,1.5517241379310345,5,19.0,0.0,2.183679086698613,2.111111111111111,2.111111111111111,9,5,19.0,0.1696107951048232
1440.0,17,155.0,5.344827586206897,3.625938632614004,29,994.0,34.27586206896552,0.0,0.0,7,67.0,48.0,1.3255092547329397,6.7,6.7,10,7,67.0,0.0975639156174466
1448.0,18,295.0,10.535714285714286,3.201086403801398,28,999.0,35.67857142857143,5.0,0.1785714285714285,9,135.0,68.0,0.9624232935567892,12.272727272727272,12.272727272727272,11,9,135.0,0.063473060384525
1456.0,9,232.0,8.0,5.259883483431682,29,1105.0,38.10344827586207,106.0,3.655172413793104,0,22.0,0.0,6.404295621481619,5.5,5.5,4,0,22.0,0.4342788517489827
1464.0,6,190.0,6.333333333333333,7.505287378485809,30,1177.0,39.23333333333333,72.0,2.4,0,0.0,0.0,11.26873355625282,0.0,0.0,2,0,0.0,0.8692725385912492
1472.0,5,9.0,0.4285714285714285,3.960131508231023,21,1043.0,49.66666666666666,0.0,0.0,2,129.0,129.0,2.6362258402507104,25.8,25.8,5,2,129.0,0.2023451355081189
1480.0,16,95.0,4.318181818181818,2.0046434675559945,22,1113.0,50.59090909090909,70.0,3.1818181818181817,4,159.0,30.0,1.24202102445066,31.8,31.8,5,4,159.0,0.0920710640919523
1488.0,15,150.0,7.142857142857143,1.4304181932552336,21,1237.0,58.90476190476191,124.0,5.904761904761905,1,27.0,0.0,1.7096421293237782,9.0,9.0,3,1,27.0,0.1218248803396717
1496.0,10,186.0,7.75,4.673101959973852,24,1319.0,54.958333333333336,82.0,3.4166666666666665,2,20.0,0.0,2.517866976121855,5.0,5.0,4,2,20.0,0.1685264348364974
1504.0,8,173.0,7.208333333333333,5.398353161010562,24,1190.0,49.583333333333336,0.0,0.0,1,0.0,0.0,8.686280590421392,0.0,0.0,6,1,0.0,0.6190521132245493
1512.0,5,13.0,0.5,4.9551183713189895,26,1196.0,46.0,6.0,0.2307692307692307,1,2.0,2.0,4.304729444464939,0.25,0.25,8,1,2.0,0.3550574391066507
1520.0,7,58.0,2.1481481481481484,5.254140104834117,27,1229.0,45.51851851851852,33.0,1.2222222222222223,0,6.0,4.0,3.032909814802551,1.2,1.2,5,0,6.0,0.2222955425618222
1528.0,3,29.0,1.1153846153846154,6.326246770578424,26,1117.0,42.96153846153846,0.0,0.0,1,172.0,166.0,1.4020181979419082,43.0,43.0,4,1,172.0,0.1040628446097076
1536.0,3,25.0,1.1363636363636365,4.087194530779907,22,1130.0,51.36363636363637,13.0,0.5909090909090909,3,184.0,12.0,3.1048476107655723,26.285714285714285,26.285714285714285,7,3,184.0,0.2260376926743068
1544.0,11,78.0,2.888888888888889,4.487390645594069,27,1183.0,43.81481481481482,53.0,1.962962962962963,6,62.0,0.0,1.2749543316871006,7.75,7.75,8,6,62.0,0.0886333914527652
1552.0,6,55.0,1.71875,5.57519993279387,32,1088.0,34.0,0.0,0.0,0,10.0,0.0,3.609126022233528,1.6666666666666667,1.6666666666666667,6,0,10.0,0.252648942804565
1560.0,7,30.0,1.0714285714285714,6.088540186083506,28,809.0,28.892857142857142,0.0,0.0,2,181.0,171.0,6.3655436747872,36.2,36.2,5,2,181.0,0.4321327618401282
1568.0,6,33.0,1.434782608695652,4.273489023770551,23,798.0,34.69565217391305,0.0,0.0,1,8.0,0.0,3.001064053093532,1.6,1.6,5,1,8.0,0.1992069774009276
1576.0,6,13.0,0.5652173913043478,6.3324056019400805,23,816.0,35.47826086956522,18.0,0.782608695652174,2,14.0,6.0,3.645255468792727,3.5,3.5,4,2,14.0,0.2432396166775927
1584.0,3,7.0,0.3684210526315789,5.96307033837843,19,114.0,6.0,0.0,0.0,2,5.0,0.0,3.286017927434085,0.8333333333333334,0.8333333333333334,6,2,5.0,0.2341322024495955
1592.0,2,4.0,0.1904761904761904,6.87706976705958,21,100.0,4.761904761904762,0.0,0.0,2,4.0,0.0,6.303676759008031,0.4444444444444444,0.4444444444444444,9,2,4.0,0.4818406998463825
1600.0,4,16.0,0.8421052631578947,8.981199412108952,19,46.0,2.421052631578948,0.0,0.0,1,12.0,8.0,7.62545620429812,2.0,2.0,6,1,12.0,0.5855340713109507
1608.0,6,32.0,2.2857142857142856,5.063448345682724,14,60.0,4.285714285714286,14.0,1.0,3,7.0,0.0,0.9464238988345476,1.4,1.4,5,3,7.0,0.0628559251050867
1616.0,1,0.0,0.0,5.61583514140083,12,77.0,6.416666666666667,17.0,1.4166666666666667,0,0.0,0.0,1.1268145698254426,0.0,0.0,2,0,0.0,0.0747972031647369
1624.0,0,0.0,0.0,9.160029726084373,11,36.0,3.272727272727273,0.0,0.0,0,0.0,0.0,2.8690373582743742,0.0,0.0,2,0,0.0,0.2228557250033061
1632.0,1,0.0,0.0,7.600976741521169,11,6.0,0.5454545454545454,0.0,0.0,1,0.0,0.0,5.115599437133641,0.0,0.0,4,1,0.0,0.4038468118755638
1640.0,1,0.0,0.0,9.2471561354206,14,3.0,0.2142857142857142,0.0,0.0,0,0.0,0.0,8.359737262507121,0.0,0.0,7,0,0.0,0.6008064894957323
1648.0,0,0.0,0.0,10.481379318943365,12,4.0,0.3333333333333333,1.0,0.0833333333333333,0,0.0,0.0,13.56715512139352,0.0,0.0,1,0,0.0,0.92543421140188
1656.0,3,6.0,0.4615384615384615,8.076298931511092,13,10.0,0.7692307692307693,6.0,0.4615384615384615,2,5.0,5.0,2.863195097769329,1.25,1.25,4,2,5.0,0.202938005105745
1664.0,2,5.0,0.625,4.370787709464859,8,24.0,3.0,14.0,1.75,2,5.0,0.0,3.071485665076506,1.0,1.0,5,2,5.0,0.2323154916178794
1672.0,2,4.0,0.2857142857142857,7.065768088203019,14,36.0,2.571428571428572,12.0,0.8571428571428571,2,11.0,6.0,5.261022893910787,1.8333333333333333,1.8333333333333333,6,2,11.0,0.3738126816320452
1680.0,6,23.0,1.0952380952380951,5.657886696336457,21,43.0,2.0476190476190474,7.0,0.3333333333333333,5,30.0,19.0,3.141437449489131,3.0,3.0,10,5,30.0,0.2451809528641126
1688.0,2,20.0,0.9090909090909092,6.200200194442672,22,53.0,2.409090909090909,10.0,0.4545454545454545,2,28.0,0.0,4.422279552060575,3.5,3.5,8,2,28.0,0.3458784359631093
1696.0,4,12.0,0.5217391304347826,6.371942389277412,23,68.0,2.9565217391304346,15.0,0.6521739130434783,4,13.0,0.0,1.1286737568393226,1.625,1.625,8,4,13.0,0.081253011051049
1704.0,0,0.0,0.0,6.488642316254738,18,71.0,3.9444444444444446,3.0,0.1666666666666666,0,8.0,0.0,3.125155186721645,4.0,4.0,2,0,8.0,0.2145290266799291
1720.0,3,1.0,0.0769230769230769,4.948914888003555,13,59.0,4.538461538461538,0.0,0.0,2,1.0,1.0,3.5137580360484706,0.25,0.25,4,2,1.0,0.2569094575839393
1728.0,0,0.0,0.0,7.647592034263536,11,37.0,3.363636363636364,0.0,0.0,0,0.0,0.0,7.1946793764422745,0.0,0.0,4,0,0.0,0.5561169857481874
1736.0,1,1.0,0.1,8.559094513774554,10,9.0,0.9,0.0,0.0,0,0.0,0.0,10.431024589847487,0.0,0.0,2,0,0.0,0.726666224417284
1744.0,2,5.0,0.4545454545454545,8.120404269027004,11,11.0,1.0,2.0,0.1818181818181818,2,5.0,5.0,3.9937487383457615,1.25,1.25,4,2,5.0,0.2718169063752697
1752.0,1,0.0,0.0,8.720425570515655,11,8.0,0.7272727272727273,0.0,0.0,1,0.0,0.0,6.61971929090965,0.0,0.0,5,1,0.0,0.4492655102879668
1760.0,0,0.0,0.0,9.247205948431857,10,10.0,1.0,2.0,0.2,0,0.0,0.0,9.411617524779723,0.0,0.0,1,0,0.0,0.6426662483649652
1768.0,0,0.0,0.0,13.36830072926225,9,2.0,0.2222222222222222,0.0,0.0,0,0.0,0.0,13.479314232690294,0.0,0.0,2,0,0.0,0.9334068214154084
1776.0,0,0.0,0.0,10.956608530655451,3,0.0,0.0,0.0,0.0,0,0.0,0.0,9.3326812783489,0.0,0.0,1,0,0.0,0.7268454992583059
1784.0,0,0.0,0.0,11.457178779642677,1,0.0,0.0,0.0,0.0,0,0.0,0.0,11.457178779642677,0.0,0.0,1,0,0.0,0.8923050709446635
1800.0,0,0.0,0.0,7.821115440797622,3,0.0,0.0,0.0,0.0,0,0.0,0.0,6.07175910489168,0.0,0.0,2,0,0.0,0.4411976589189548
1808.0,0,0.0,0.0,10.779927844945616,4,0.0,0.0,0.0,0.0,0,0.0,0.0,12.537739067907063,0.0,0.0,1,0,0.0,0.9181311627174203
1816.0,0,0.0,0.0,8.56337300805791,4,0.0,0.0,0.0,0.0,0,0.0,0.0,5.720295785914872,0.0,0.0,1,0,0.0,0.3778269187807548
1824.0,0,0.0,0.0,9.368254227499923,5,2.0,0.4,2.0,0.4,0,0.0,0.0,9.198537142159353,0.0,0.0,4,0,0.0,0.6394557447213568
1832.0,0,0.0,0.0,10.792774530016969,8,2.0,0.25,0.0,0.0,0,0.0,0.0,8.897070848224745,0.0,0.0,5,0,0.0,0.636438361621203
1840.0,1,0.0,0.0,9.467568964408752,12,0.0,0.0,0.0,0.0,1,0.0,0.0,6.639068128439301,0.0,0.0,7,1,0.0,0.4753556083189176
1848.0,3,3.0,0.25,8.636791260381452,12,3.0,0.25,3.0,0.25,2,2.0,2.0,6.38652156374219,0.3333333333333333,0.3333333333333333,6,2,2.0,0.4784951891807251
1856.0,1,4.0,0.3333333333333333,9.301990922119389,12,10.0,0.8333333333333334,7.0,0.5833333333333334,1,4.0,2.0,7.342753818521304,0.5714285714285714,0.5714285714285714,7,1,4.0,0.5250377904522044
1864.0,1,0.0,0.0,9.11803865851912,12,16.0,1.3333333333333333,6.0,0.5,0,0.0,0.0,9.995757040888185,0.0,0.0,5,0,0.0,0.72358766668467
1872.0,0,0.0,0.0,10.79785884899108,15,11.0,0.7333333333333333,0.0,0.0,0,0.0,0.0,9.34675128247287,0.0,0.0,8,0,0.0,0.681003848450914
1880.0,1,3.0,0.25,9.637046505497054,12,5.0,0.4166666666666667,0.0,0.0,1,3.0,3.0,7.928520799802311,0.5,0.5,6,1,3.0,0.5885999697499434
1888.0,1,11.0,0.9166666666666666,8.890932741010483,12,13.0,1.0833333333333333,8.0,0.6666666666666666,1,11.0,8.0,8.060622186211525,1.5714285714285714,1.5714285714285714,7,1,11.0,0.6079549828840458
1896.0,2,23.0,1.7692307692307692,9.302716976344309,13,23.0,1.7692307692307692,10.0,0.7692307692307693,2,23.0,12.0,7.414865553355576,3.8333333333333335,3.8333333333333335,6,2,23.0,0.5344611895498402
1904.0,3,16.0,1.1428571428571428,6.503511877085061,14,38.0,2.7142857142857144,15.0,1.0714285714285714,3,12.0,0.0,4.471387638876343,1.5,1.5,8,3,12.0,0.3048413250484524
1912.0,0,0.0,0.0,7.966580183451523,17,48.0,2.823529411764706,10.0,0.5882352941176471,0,0.0,0.0,5.663326892656044,0.0,0.0,4,0,0.0,0.391372344111529
1920.0,4,15.0,0.7894736842105263,7.371992080967675,19,41.0,2.1578947368421053,0.0,0.0,3,12.0,12.0,2.821363704933215,1.7142857142857142,1.7142857142857142,7,3,12.0,0.2383600456933179
1928.0,5,30.0,2.3076923076923075,5.573123180243337,13,48.0,3.692307692307693,7.0,0.5384615384615384,5,30.0,18.0,2.566314785204116,3.75,3.75,8,5,30.0,0.2096375743509337
1936.0,1,4.0,0.2352941176470588,6.891762345385663,17,74.0,4.352941176470588,26.0,1.5294117647058822,1,13.0,0.0,4.015446773910889,1.4444444444444444,1.4444444444444444,9,1,13.0,0.2903175852941512
1944.0,5,19.0,0.9047619047619048,5.322539336864101,21,78.0,3.7142857142857135,4.0,0.1904761904761904,5,28.0,15.0,2.023414891998562,2.1538461538461537,2.1538461538461537,13,5,28.0,0.1450171086332295
1952.0,2,2.0,0.0952380952380952,5.429563539274982,21,76.0,3.619047619047619,0.0,0.0,2,28.0,0.0,4.02598462858904,2.0,2.0,14,2,28.0,0.2915627843714846
1960.0,3,18.0,0.9,10.428684846848157,20,86.0,4.3,10.0,0.5,1,9.0,0.0,9.399432965972448,2.25,2.25,4,1,9.0,0.6437234037104758
1968.0,2,10.0,0.7692307692307693,9.60703280068737,13,47.0,3.615384615384616,0.0,0.0,2,10.0,1.0,0.0004618985646258,5.0,5.0,2,2,10.0,3.005038572319513e-05
1976.0,2,13.0,1.8571428571428568,7.142904867867132,7,33.0,4.714285714285714,0.0,0.0,2,8.0,0.0,2.0410691265094405,2.6666666666666665,2.6666666666666665,3,2,8.0,0.149454669776928
1984.0,2,21.0,2.625,7.355173476468144,8,29.0,3.625,0.0,0.0,2,16.0,8.0,6.536951991814419,2.6666666666666665,2.6666666666666665,6,2,16.0,0.4803175991210293
1992.0,1,0.0,0.0,10.77157309315621,9,24.0,2.6666666666666665,0.0,0.0,1,0.0,0.0,9.060838815113698,0.0,0.0,5,1,0.0,0.6559356728174949
2000.0,0,0.0,0.0,9.716547621848148,11,24.0,2.1818181818181817,0.0,0.0,0,0.0,0.0,6.663051623711363,0.0,0.0,2,0,0.0,0.4552134424276046
2008.0,2,5.0,0.3846153846153846,6.248095104758357,13,5.0,0.3846153846153846,0.0,0.0,2,5.0,5.0,2.9005757336526057,0.625,0.625,8,2,5.0,0.21256802156393
2016.0,2,11.0,0.7333333333333333,7.493077374566756,15,23.0,1.5333333333333334,18.0,1.2,1,8.0,3.0,6.881749992686355,0.8888888888888888,0.8888888888888888,9,1,8.0,0.4818175598890024
2024.0,5,18.0,1.0,5.693653134369337,18,44.0,2.4444444444444446,21.0,1.1666666666666667,5,25.0,17.0,3.9413966988264986,1.7857142857142858,1.7857142857142858,14,5,25.0,0.2988060528410042
2032.0,1,0.0,0.0,6.813224113850657,21,63.0,3.0,19.0,0.9047619047619048,1,6.0,0.0,5.56080401926563,0.5454545454545454,0.5454545454545454,11,1,6.0,0.4181092083239422
2040.0,2,13.0,0.5416666666666666,10.705752794683912,24,65.0,2.708333333333333,2.0,0.0833333333333333,0,0.0,0.0,7.0749816863327775,0.0,0.0,4,0,0.0,0.5141764166041254
2048.0,0,0.0,0.0,9.047859657257002,13,37.0,2.8461538461538463,0.0,0.0,0,6.0,6.0,0.567789449501609,3.0,3.0,2,0,6.0,0.0398420386670244
2064.0,0,0.0,0.0,1.682805295672733,2,0.0,0.0,0.0,0.0,0,0.0,0.0,1.8852816084166988,0.0,0.0,1,0,0.0,0.1355763729229327
2072.0,1,0.0,0.0,6.321465664757061,7,0.0,0.0,0.0,0.0,0,0.0,0.0,8.029568684486982,0.0,0.0,4,0,0.0,0.5895158256324672
2080.0,1,0.0,0.0,8.598200681302217,12,0.0,0.0,0.0,0.0,1,0.0,0.0,7.130443744058861,0.0,0.0,7,1,0.0,0.5291555855607661
2088.0,2,8.0,0.6153846153846154,9.122249236219222,13,8.0,0.6153846153846154,8.0,0.6153846153846154,2,8.0,8.0,6.786390832572066,1.3333333333333333,1.3333333333333333,6,2,8.0,0.4438371895597588
2096.0,6,41.0,3.727272727272727,3.4876314338048315,11,41.0,3.727272727272727,33.0,3.0,6,41.0,33.0,0.9886324665992722,5.125,5.125,8,6,41.0,0.0676411992322675
2104.0,0,0.0,0.0,8.368743339605588,12,60.0,5.0,19.0,1.5833333333333333,0,0.0,0.0,7.292928173683132,0.0,0.0,5,0,0.0,0.5075874594288884
2112.0,1,3.0,0.1875,10.258503382130492,16,56.0,3.5,0.0,0.0,0,0.0,0.0,8.023259902145462,0.0,0.0,6,0,0.0,0.5669967351866904
2120.0,2,3.0,0.2142857142857142,8.690261682558296,14,6.0,0.4285714285714285,0.0,0.0,2,3.0,3.0,6.33552164493717,0.3333333333333333,0.3333333333333333,9,2,3.0,0.4263718011297613
2128.0,0,0.0,0.0,7.688035550248666,14,9.0,0.6428571428571429,3.0,0.2142857142857142,0,0.0,0.0,8.05320655179021,0.0,0.0,5,0,0.0,0.5443212138525183
2136.0,3,14.0,0.8235294117647058,9.753225722552097,17,23.0,1.3529411764705883,14.0,0.8235294117647058,0,0.0,0.0,7.61782602672465,0.0,0.0,1,0,0.0,0.6481382398045383
2144.0,0,0.0,0.0,8.941621143296322,13,23.0,1.7692307692307692,0.0,0.0,0,0.0,0.0,5.713510162378904,0.0,0.0,1,0,0.0,0.4527527098756836
2152.0,2,0.0,0.0,9.429941106383543,15,11.0,0.7333333333333333,0.0,0.0,1,0.0,0.0,5.840878044263484,0.0,0.0,4,1,0.0,0.4153948363039998
2160.0,0,0.0,0.0,10.786126351179746,13,0.0,0.0,0.0,0.0,0,0.0,0.0,12.891567659073448,0.0,0.0,4,0,0.0,0.9120087290270246
2168.0,0,0.0,0.0,10.0886224151046,10,0.0,0.0,0.0,0.0,0,0.0,0.0,8.259880321645582,0.0,0.0,2,0,0.0,0.5572334461801001
2176.0,0,0.0,0.0,9.007549251857007,10,0.0,0.0,0.0,0.0,0,0.0,0.0,4.345929036981428,0.0,0.0,4,0,0.0,0.3572332398340454
2184.0,1,0.0,0.0,8.913014175954519,10,0.0,0.0,0.0,0.0,1,0.0,0.0,8.277647677631817,0.0,0.0,3,1,0.0,0.6344610009429767
2192.0,1,0.0,0.0,9.487416669234833,14,0.0,0.0,0.0,0.0,1,0.0,0.0,8.89500748486336,0.0,0.0,5,1,0.0,0.643524216600291
2200.0,0,0.0,0.0,10.094219054213202,15,0.0,0.0,0.0,0.0,0,0.0,0.0,9.737693024650676,0.0,0.0,5,0,0.0,0.740823885460276
2208.0,2,2.0,0.1428571428571428,10.210144954417292,14,2.0,0.1428571428571428,2.0,0.1428571428571428,1,2.0,2.0,8.984875159552887,0.5,0.5,4,1,2.0,0.6676329666698038
2216.0,1,10.0,1.0,8.871408274498396,10,10.0,1.0,8.0,0.8,1,10.0,8.0,0.0,10.0,10.0,1,1,10.0,0.0
2232.0,2,0.0,0.0,8.350116850437303,8,13.0,1.625,0.0,0.0,1,0.0,0.0,4.652287257183343,0.0,0.0,3,1,0.0,0.3472190375103328
2240.0,1,0.0,0.0,9.162321276501482,9,0.0,0.0,0.0,0.0,1,0.0,0.0,6.6001123520282,0.0,0.0,4,1,0.0,0.4552200043943734
2248.0,1,0.0,0.0,10.46282700235641,13,0.0,0.0,0.0,0.0,0,0.0,0.0,8.3444837493171,0.0,0.0,5,0,0.0,0.5442273390445264
2256.0,2,1.0,0.0666666666666666,9.092875534886025,15,2.0,0.1333333333333333,2.0,0.1333333333333333,2,2.0,2.0,7.593744165054843,0.25,0.25,8,2,2.0,0.5492519643400297
2264.0,1,0.0,0.0,7.707963269892302,19,4.0,0.2105263157894736,2.0,0.1052631578947368,0,3.0,1.0,7.668992752005344,0.3333333333333333,0.3333333333333333,9,0,3.0,0.5381138014613105
2272.0,6,20.0,0.8333333333333334,6.50036270223633,24,24.0,1.0,20.0,0.8333333333333334,4,12.0,9.0,3.7433095946978936,1.0909090909090908,1.0909090909090908,11,4,12.0,0.3007298145596159
2280.0,2,11.0,0.4782608695652174,7.543692787901014,23,62.0,2.6956521739130435,38.0,1.6521739130434785,2,45.0,33.0,5.044437417706811,3.4615384615384617,3.4615384615384617,13,2,45.0,0.4012116881376589
2288.0,2,3.0,0.15,7.364454666039987,20,66.0,3.3,4.0,0.2,2,41.0,0.0,5.443580902723671,4.1,4.1,10,2,41.0,0.3978141271369889
2296.0,0,0.0,0.0,9.722590551438111,21,56.0,2.6666666666666665,0.0,0.0,0,10.0,0.0,8.130851014296246,1.25,1.25,8,0,10.0,0.638829509455212
2304.0,1,0.0,0.0,10.275644117099269,17,21.0,1.2352941176470589,0.0,0.0,1,0.0,0.0,9.517177256123617,0.0,0.0,7,1,0.0,0.7279490147864015
2312.0,0,0.0,0.0,10.721002501766176,14,0.0,0.0,0.0,0.0,0,0.0,0.0,9.620870223639589,0.0,0.0,7,0,0.0,0.6733965078964056
2320.0,0,0.0,0.0,10.582837895775826,15,1.0,0.0666666666666666,1.0,0.0666666666666666,0,1.0,1.0,9.973847369782172,0.1428571428571428,0.1428571428571428,7,0,1.0,0.6936354046050327
2328.0,2,3.0,0.1578947368421052,8.417222878704054,19,4.0,0.2105263157894736,3.0,0.1578947368421052,1,1.0,0.0,7.372916752471823,0.1,0.1,10,1,1.0,0.5213849322366754
2336.0,2,2.0,0.1111111111111111,8.784615141307874,18,8.0,0.4444444444444444,4.0,0.2222222222222222,2,2.0,1.0,5.835479010352204,0.2857142857142857,0.2857142857142857,7,2,2.0,0.4472287896992381
2344.0,0,0.0,0.0,9.772533842986247,13,13.0,1.0,5.0,0.3846153846153846,0,3.0,1.0,7.799446839548695,0.75,0.75,4,0,3.0,0.6049328524434842
2352.0,1,1.0,0.0909090909090909,8.416631825755207,11,14.0,1.2727272727272727,1.0,0.0909090909090909,0,0.0,0.0,6.905455740194734,0.0,0.0,5,0,0.0,0.5264570590793605
2360.0,2,8.0,0.6153846153846154,7.708717641804091,13,9.0,0.6923076923076923,0.0,0.0,2,8.0,8.0,6.025826369998923,1.0,1.0,8,2,8.0,0.470662752838512
2368.0,1,0.0,0.0,8.750854819704214,16,14.0,0.875,5.0,0.3125,1,0.0,0.0,8.140342558859691,0.0,0.0,9,1,0.0,0.6071079017303567
2376.0,0,0.0,0.0,10.022061633349008,19,14.0,0.7368421052631579,0.0,0.0,0,0.0,0.0,8.955559430733308,0.0,0.0,8,0,0.0,0.6717444774923244
2384.0,0,0.0,0.0,9.902837659084852,16,0.0,0.0,0.0,0.0,0,0.0,0.0,9.221602507319927,0.0,0.0,8,0,0.0,0.6839464441606472
2392.0,2,1.0,0.0714285714285714,10.017885327067182,14,1.0,0.0714285714285714,1.0,0.0714285714285714,2,1.0,1.0,7.958653006352677,0.1666666666666666,0.1666666666666666,6,2,1.0,0.5415507672942218
2400.0,0,0.0,0.0,11.350688302044922,11,4.0,0.3636363636363636,3.0,0.2727272727272727,0,0.0,0.0,10.379869000483314,0.0,0.0,6,0,0.0,0.765642025335596
2408.0,0,0.0,0.0,9.989273504701725,14,4.0,0.2857142857142857,0.0,0.0,0,0.0,0.0,10.200003058995254,0.0,0.0,5,0,0.0,0.7459744186085845
2416.0,2,5.0,0.3125,6.903261337776311,16,5.0,0.3125,1.0,0.0625,2,5.0,5.0,5.427032398776246,0.625,0.625,8,2,5.0,0.4062148988490632
2424.0,7,35.0,1.6666666666666667,5.679156291327614,21,35.0,1.6666666666666667,30.0,1.4285714285714286,6,35.0,30.0,4.100415673859849,3.1818181818181817,3.1818181818181817,11,6,35.0,0.2927099970841165
2432.0,2,1.0,0.0454545454545454,6.248880228974764,22,60.0,2.727272727272727,25.0,1.1363636363636365,2,8.0,0.0,4.646083230193345,0.7272727272727273,0.7272727272727273,11,2,8.0,0.3451895364433237
2440.0,4,17.0,0.7083333333333334,8.222986394646929,24,72.0,3.0,12.0,0.5,3,17.0,9.0,5.990965505761059,1.8888888888888888,1.8888888888888888,9,3,17.0,0.4641837673717149
2448.0,2,5.0,0.2631578947368421,7.356047282254553,19,29.0,1.5263157894736843,0.0,0.0,2,5.0,0.0,6.499678885073301,0.5,0.5,10,2,5.0,0.4518841243032334
2456.0,1,0.0,0.0,8.90807695745128,19,40.0,2.1052631578947367,11.0,0.5789473684210527,1,2.0,0.0,6.650894340744532,0.25,0.25,8,1,2.0,0.4956926186919143
2464.0,1,8.0,0.4705882352941176,9.21418555449879,17,17.0,1.0,0.0,0.0,0,0.0,0.0,7.859711839912778,0.0,0.0,8,0,0.0,0.6074518193757262
2472.0,5,9.0,0.5625,5.233944359561848,16,20.0,1.25,3.0,0.1875,5,9.0,9.0,4.513263981138221,0.6428571428571429,0.6428571428571429,14,5,9.0,0.327937767153084
2480.0,1,1.0,0.0555555555555555,6.6658835257222,18,26.0,1.4444444444444444,6.0,0.3333333333333333,0,0.0,0.0,6.676171061862836,0.0,0.0,10,0,0.0,0.4907014545060682
2488.0,6,29.0,1.0740740740740742,6.152164417940791,27,57.0,2.111111111111111,31.0,1.148148148148148,6,29.0,29.0,3.506482460485477,1.8125,1.8125,16,6,29.0,0.2444866406902456
2496.0,10,60.0,2.3076923076923075,4.460915900509901,26,94.0,3.615384615384616,37.0,1.4230769230769231,9,63.0,34.0,3.2506976259517257,3.9375,3.9375,16,9,63.0,0.2333151682263814
2504.0,4,23.0,0.71875,7.379978933824228,32,147.0,4.59375,53.0,1.65625,1,40.0,0.0,5.5400664776,4.444444444444445,4.444444444444445,9,1,40.0,0.4267272733241047
2512.0,12,86.0,2.9655172413793105,6.12905489021574,29,176.0,6.068965517241379,29.0,1.0,5,61.0,21.0,4.385054598407711,6.1,6.1,10,5,61.0,0.3549333356130456
2520.0,9,85.0,3.5416666666666665,4.569227101606188,24,204.0,8.5,28.0,1.1666666666666667,6,98.0,37.0,4.633295047178507,7.0,7.0,14,6,98.0,0.3357903468346891
2528.0,11,112.0,4.148148148148148,6.159465827299342,27,269.0,9.962962962962964,65.0,2.4074074074074074,10,155.0,57.0,3.090263060964712,9.6875,9.6875,16,10,155.0,0.2226317286993981
2536.0,1,2.0,0.08,7.709237265535605,25,255.0,10.2,0.0,0.0,1,45.0,0.0,6.037068638109144,3.4615384615384617,3.4615384615384617,13,1,45.0,0.4487735362867142
2544.0,6,29.0,1.0740740740740742,8.794807052722625,27,238.0,8.814814814814815,0.0,0.0,4,52.0,7.0,5.498884911608608,5.777777777777778,5.777777777777778,9,4,52.0,0.3960064805607104
2552.0,4,24.0,1.2,7.038376726840612,20,92.0,4.6,0.0,0.0,4,24.0,0.0,5.343361934259333,2.4,2.4,10,4,24.0,0.3765171526087044
2560.0,3,6.0,0.2608695652173913,7.894207070369039,23,108.0,4.695652173913044,16.0,0.6956521739130435,3,19.0,0.0,6.401094992930216,1.9,1.9,10,3,19.0,0.4699611559271076
2568.0,6,12.0,0.4444444444444444,7.295233171223539,27,81.0,3.0,0.0,0.0,5,12.0,0.0,5.092959639093233,0.8571428571428571,0.8571428571428571,14,5,12.0,0.3627313132961153
2576.0,11,70.0,2.9166666666666665,4.826002693833418,24,102.0,4.25,21.0,0.875,11,70.0,58.0,2.7943284761706386,3.684210526315789,3.684210526315789,19,11,70.0,0.189800903956414
2584.0,0,0.0,0.0,7.365060163951371,26,127.0,4.884615384615385,25.0,0.9615384615384616,0,22.0,0.0,5.785666190682174,1.8333333333333333,1.8333333333333333,12,0,22.0,0.401960476690982
2592.0,2,2.0,0.0769230769230769,10.662025243946896,26,136.0,5.230769230769231,9.0,0.3461538461538461,2,11.0,0.0,6.7426401720977305,1.5714285714285714,1.5714285714285714,7,2,11.0,0.4596162435915452
2600.0,3,10.0,0.6666666666666666,9.56455284946338,15,32.0,2.1333333333333333,0.0,0.0,2,10.0,0.0,6.167509679718748,1.6666666666666667,1.6666666666666667,6,2,10.0,0.4611983568113515
2608.0,2,5.0,0.4166666666666667,8.839208916386527,12,18.0,1.5,0.0,0.0,2,5.0,0.0,7.738873472597896,0.5555555555555556,0.5555555555555556,9,2,5.0,0.5724425837259352
2616.0,2,6.0,0.4615384615384615,7.109194841013836,13,30.0,2.3076923076923075,12.0,0.9230769230769232,2,6.0,1.0,2.644748708330153,1.5,1.5,4,2,6.0,0.1971444586663217
2624.0,1,0.0,0.0,9.817768906102756,17,23.0,1.3529411764705883,0.0,0.0,0,0.0,0.0,8.613715202804487,0.0,0.0,4,0,0.0,0.6509220755055967
2632.0,3,9.0,0.9,7.057844202620984,10,21.0,2.1,0.0,0.0,3,9.0,9.0,2.1364780489114823,1.8,1.8,5,3,9.0,0.1859268423793676
2640.0,2,23.0,2.090909090909091,7.308448569212424,11,30.0,2.727272727272727,9.0,0.8181818181818182,2,23.0,14.0,3.8280332669895136,4.6,4.6,5,2,23.0,0.277438699198041
2648.0,2,0.0,0.0,8.291045678433981,12,37.0,3.083333333333333,7.0,0.5833333333333334,2,0.0,0.0,6.823860385804583,0.0,0.0,6,2,0.0,0.4914566248452514
2656.0,3,8.0,0.5714285714285714,7.007110911249181,14,38.0,2.7142857142857144,1.0,0.0714285714285714,3,8.0,8.0,5.861628135780433,1.0,1.0,8,3,8.0,0.3786449253561166
2664.0,6,41.0,2.1578947368421053,5.042179445367502,19,41.0,2.1578947368421053,3.0,0.1578947368421052,6,41.0,33.0,4.212792634402414,2.9285714285714284,2.9285714285714284,14,6,41.0,0.2919047182026738
2672.0,4,4.0,0.1538461538461538,6.010365746465921,26,68.0,2.6153846153846154,27.0,1.0384615384615383,3,18.0,0.0,4.852085458181815,1.5,1.5,12,3,18.0,0.337796948887798
2680.0,5,37.0,1.1935483870967742,6.894522449867802,31,101.0,3.2580645161290325,33.0,1.064516129032258,2,20.0,2.0,5.25711562641359,1.3333333333333333,1.3333333333333333,15,2,20.0,0.3724610228514008
2688.0,10,91.0,3.25,6.064461110714031,28,93.0,3.321428571428572,0.0,0.0,5,41.0,21.0,4.610564280677869,3.1538461538461537,3.1538461538461537,13,5,41.0,0.3341510522723791
2696.0,7,71.0,2.84,4.0350254342486975,25,159.0,6.36,66.0,2.64,4,27.0,0.0,3.292818972557263,2.076923076923077,2.076923076923077,13,4,27.0,0.2312696200542444
2704.0,7,15.0,0.6,3.459371651162889,25,204.0,8.16,45.0,1.8,5,70.0,43.0,1.8566972740284164,5.833333333333333,5.833333333333333,12,5,70.0,0.1428944355454511
2712.0,5,14.0,0.56,4.051762408177675,25,191.0,7.64,0.0,0.0,1,30.0,0.0,1.8850619057748343,2.727272727272727,2.727272727272727,11,1,30.0,0.1284573876878356
2720.0,3,6.0,0.2608695652173913,4.646050608389157,23,183.0,7.956521739130435,0.0,0.0,2,82.0,52.0,1.0132399961383811,8.2,8.2,10,2,82.0,0.0716284631056836
2728.0,4,17.0,0.7727272727272727,4.828145842313569,22,187.0,8.5,4.0,0.1818181818181818,3,39.0,0.0,1.382468581901452,4.875,4.875,8,3,39.0,0.0899554597131779
2736.0,5,13.0,0.6842105263157895,3.868778487855256,19,180.0,9.473684210526317,0.0,0.0,4,81.0,42.0,1.6959190531160764,8.1,8.1,10,4,81.0,0.1275003388112579
2744.0,5,19.0,0.95,3.826869112071564,20,144.0,7.2,0.0,0.0,3,50.0,0.0,3.249493094223343,5.0,5.0,10,3,50.0,0.2459203992048992
2752.0,5,13.0,0.4814814814814814,4.610236063436934,27,169.0,6.25925925925926,25.0,0.925925925925926,3,66.0,16.0,2.546873177900082,6.6,6.6,10,3,66.0,0.1802192008562134
2760.0,4,14.0,0.5,5.130389378523003,28,149.0,5.321428571428571,0.0,0.0,2,44.0,0.0,3.740221370824076,4.888888888888889,4.888888888888889,9,2,44.0,0.264887877148773
2768.0,5,8.0,0.32,4.982337947192428,25,136.0,5.44,0.0,0.0,3,63.0,19.0,2.165853700098124,9.0,9.0,7,3,63.0,0.162918779882137
2776.0,4,26.0,0.9285714285714286,5.347298547616662,28,141.0,5.035714285714286,5.0,0.1785714285714285,2,65.0,2.0,2.0276675936706297,10.833333333333334,10.833333333333334,6,2,65.0,0.1384301517440091
2784.0,9,44.0,1.5714285714285714,4.2021153121144605,28,146.0,5.214285714285714,5.0,0.1785714285714285,3,23.0,0.0,1.5992752190604196,4.6,4.6,5,3,23.0,0.1087223056598053
2792.0,10,64.0,2.2857142857142856,3.655867227165912,28,197.0,7.035714285714286,51.0,1.8214285714285716,5,55.0,32.0,1.1376652295408505,9.166666666666666,9.166666666666666,6,5,55.0,0.0725296037049121
2800.0,7,40.0,1.4814814814814814,3.290363474876,27,174.0,6.444444444444445,0.0,0.0,2,43.0,0.0,3.9844083348896384,8.6,8.6,5,2,43.0,0.2591943804664917
2808.0,9,32.0,1.0,4.227625756523929,32,186.0,5.8125,12.0,0.375,1,0.0,0.0,5.902309111629923,0.0,0.0,3,1,0.0,0.43986815135754
2816.0,7,29.0,0.8285714285714286,4.708973884551535,35,223.0,6.371428571428571,37.0,1.0571428571428572,0,0.0,0.0,5.3377902764400815,0.0,0.0,3,0,0.0,0.5143492187948258
2824.0,12,44.0,1.2941176470588236,3.469384220725905,34,223.0,6.5588235294117645,0.0,0.0,2,3.0,3.0,5.34649255843259,0.6,0.6,5,2,3.0,0.3862077215480513
2832.0,8,30.0,0.8823529411764706,3.016073752568384,34,264.0,7.764705882352941,41.0,1.2058823529411764,3,15.0,12.0,1.6085193692277993,3.0,3.0,5,3,15.0,0.1185427980326063
2840.0,8,48.0,1.5483870967741935,2.419516262184492,31,301.0,9.709677419354838,37.0,1.1935483870967742,4,36.0,21.0,1.667496463835296,6.0,6.0,6,4,36.0,0.1349101595788479
2848.0,7,75.0,2.419354838709677,1.9209794575722965,31,331.0,10.67741935483871,30.0,0.967741935483871,6,72.0,36.0,1.3102528203869976,9.0,9.0,8,6,72.0,0.0958763605338153
2856.0,8,98.0,3.161290322580645,2.90910481308588,31,379.0,12.225806451612904,48.0,1.5483870967741935,7,95.0,23.0,0.7467622137588845,11.875,11.875,8,7,95.0,0.0586383459437005
2864.0,1,4.0,0.1176470588235294,4.520561951381971,34,356.0,10.470588235294118,0.0,0.0,1,58.0,0.0,4.585836948158147,5.2727272727272725,5.2727272727272725,11,1,58.0,0.3258195661540206
2872.0,9,37.0,1.0571428571428572,4.687145914797067,35,322.0,9.2,0.0,0.0,8,91.0,33.0,2.3953435483114243,9.1,9.1,10,8,91.0,0.1697684832183438
2880.0,12,90.0,2.647058823529412,3.6155746281365393,34,288.0,8.470588235294118,0.0,0.0,8,113.0,22.0,0.0006097422030946,14.125,14.125,8,8,113.0,4.642881617914049e-05
2888.0,3,7.0,0.2121212121212121,4.414583546183911,33,314.0,9.515151515151516,26.0,0.7878787878787878,0,45.0,0.0,3.9084418198778383,11.25,11.25,4,0,45.0,0.2753175789642536
2896.0,1,1.0,0.0285714285714285,6.052656368456946,35,268.0,7.6571428571428575,0.0,0.0,0,0.0,0.0,3.616670689017822,0.0,0.0,3,0,0.0,0.2904557749214779
2904.0,0,0.0,0.0,6.764207934698255,27,89.0,3.2962962962962963,0.0,0.0,0,0.0,0.0,11.76147332141606,0.0,0.0,4,0,0.0,0.8464619812596286
2912.0,2,2.0,0.0869565217391304,5.322804184980946,23,31.0,1.3478260869565215,0.0,0.0,2,2.0,2.0,5.340555282785537,0.5,0.5,4,2,2.0,0.4370376479878031
2920.0,3,18.0,0.8571428571428571,4.776761956438371,21,37.0,1.761904761904762,6.0,0.2857142857142857,3,18.0,16.0,4.394960124003968,3.0,3.0,6,3,18.0,0.3080279123037033
2928.0,0,0.0,0.0,5.276654105299256,23,33.0,1.434782608695652,0.0,0.0,0,0.0,0.0,7.664914586291911,0.0,0.0,4,0,0.0,0.5243174163259845
2936.0,3,0.0,0.0,7.330703448563241,26,28.0,1.0769230769230769,0.0,0.0,2,0.0,0.0,1.38888457272357,0.0,0.0,3,2,0.0,0.0983754783420479
2944.0,1,0.0,0.0,6.635473821787462,21,0.0,0.0,0.0,0.0,0,0.0,0.0,8.836813773484756,0.0,0.0,4,0,0.0,0.6429803938630226
2952.0,2,3.0,0.15,4.9710519268871804,20,16.0,0.8,16.0,0.8,0,0.0,0.0,11.7185223052511,0.0,0.0,1,0,0.0,0.8174591487989767
2976.0,1,0.0,0.0,4.339280671697106,15,35.0,2.333333333333333,0.0,0.0,0,0.0,0.0,8.310264823236503,0.0,0.0,1,0,0.0,0.5563788708889514
2984.0,1,2.0,0.1111111111111111,5.7655885456616565,18,23.0,1.2777777777777777,0.0,0.0,0,0.0,0.0,5.918297167634151,0.0,0.0,2,0,0.0,0.4918487546472407
2992.0,7,38.0,2.111111111111111,3.7996170227138415,18,51.0,2.833333333333333,28.0,1.5555555555555556,1,4.0,4.0,5.186389632997606,0.8,0.8,5,1,4.0,0.3533464287668905
3008.0,1,5.0,0.3333333333333333,6.745651286492017,15,81.0,5.4,0.0,0.0,1,16.0,16.0,0.8631471607135609,8.0,8.0,2,1,16.0,0.0592943516788745
3016.0,1,0.0,0.0,6.005947224208603,14,62.0,4.428571428571429,0.0,0.0,1,10.0,0.0,5.953355331796133,1.6666666666666667,1.6666666666666667,6,1,10.0,0.4143270968396814
3024.0,2,2.0,0.0952380952380952,7.222849098813096,21,64.0,3.0476190476190474,2.0,0.0952380952380952,0,0.0,0.0,6.954496032068516,0.0,0.0,8,0,0.0,0.5141826961195174
3032.0,4,27.0,1.2272727272727273,7.121586021304437,22,53.0,2.409090909090909,0.0,0.0,2,10.0,10.0,6.7362023983715655,1.4285714285714286,1.4285714285714286,7,2,10.0,0.5041735125680821
3040.0,3,33.0,1.1785714285714286,9.118284086948924,28,62.0,2.2142857142857144,9.0,0.3214285714285714,1,0.0,0.0,8.062345136470768,0.0,0.0,8,1,0.0,0.6067733940774235
3048.0,6,57.0,2.1923076923076925,7.592311020795363,26,82.0,3.1538461538461537,20.0,0.7692307692307693,3,5.0,5.0,6.411070675213158,0.5,0.5,10,3,5.0,0.4816359773071944
3056.0,2,4.0,0.2222222222222222,8.094573384020531,18,85.0,4.722222222222222,3.0,0.1666666666666666,1,33.0,28.0,7.536232169081289,5.5,5.5,6,1,33.0,0.537286473626604
3064.0,3,12.0,0.8,8.16780412750671,15,96.0,6.4,11.0,0.7333333333333333,2,50.0,17.0,2.7068325562014555,16.666666666666668,16.666666666666668,3,2,50.0,0.1843028002615658
3072.0,0,0.0,0.0,7.498826453569935,7,68.0,9.714285714285714,0.0,0.0,0,10.0,0.0,5.64095909669874,3.333333333333333,3.333333333333333,3,0,10.0,0.3847064934495536
3080.0,2,6.0,0.6,8.710922974679008,10,74.0,7.4,6.0,0.6,2,6.0,0.0,5.817529860434701,1.0,1.0,6,2,6.0,0.4107646185458514
3088.0,0,0.0,0.0,11.944138505423266,9,9.0,1.0,0.0,0.0,0,0.0,0.0,11.393563886579413,0.0,0.0,4,0,0.0,0.8611813355123494
3096.0,0,0.0,0.0,9.19833320286322,9,9.0,1.0,0.0,0.0,0,0.0,0.0,7.096055097832463,0.0,0.0,4,0,0.0,0.5038989386522532
3104.0,4,5.0,0.4166666666666667,6.071786976213062,12,5.0,0.4166666666666667,0.0,0.0,3,5.0,5.0,4.564233483819047,0.625,0.625,8,3,5.0,0.3156497049528796
3112.0,1,0.0,0.0,8.569984985805815,14,13.0,0.9285714285714286,8.0,0.5714285714285714,1,0.0,0.0,7.992793853370808,0.0,0.0,6,1,0.0,0.6107801117460149
3120.0,4,8.0,0.4444444444444444,8.219609044772978,18,21.0,1.1666666666666667,8.0,0.4444444444444444,4,8.0,8.0,4.646501254715991,0.7272727272727273,0.7272727272727273,11,4,8.0,0.3635460344306178
3128.0,0,0.0,0.0,8.558083642288043,13,25.0,1.9230769230769231,4.0,0.3076923076923077,0,0.0,0.0,6.920646967557651,0.0,0.0,5,0,0.0,0.5180537339008691
3136.0,0,0.0,0.0,11.745399833618702,14,25.0,1.7857142857142858,0.0,0.0,0,0.0,0.0,12.643700844605126,0.0,0.0,3,0,0.0,0.8263145619243099
3144.0,0,0.0,0.0,10.447230732191436,5,0.0,0.0,0.0,0.0,0,0.0,0.0,2.270687210955657,0.0,0.0,1,0,0.0,0.1514684038317769
3152.0,0,0.0,0.0,13.187495007410996,3,0.0,0.0,0.0,0.0,0,0.0,0.0,12.835867369033243,0.0,0.0,2,0,0.0,0.9470733193712462
3160.0,1,0.0,0.0,8.745290743088475,5,0.0,0.0,0.0,0.0,1,0.0,0.0,7.233593152320791,0.0,0.0,4,1,0.0,0.5729024233838376
3168.0,2,3.0,0.4285714285714285,4.960037472417494,7,3.0,0.4285714285714285,3.0,0.4285714285714285,1,3.0,3.0,4.663904695786727,0.6,0.6,5,1,3.0,0.3473859652040783
3176.0,1,0.0,0.0,8.71928898970674,8,10.0,1.25,7.0,0.875,0,0.0,0.0,14.532988417028058,0.0,0.0,1,0,0.0,0.9998464757796152
3184.0,0,0.0,0.0,10.091333599716728,11,10.0,0.9090909090909092,0.0,0.0,0,0.0,0.0,6.5576260125769,0.0,0.0,4,0,0.0,0.4863504671652187
3192.0,0,0.0,0.0,8.752318321296858,13,1.0,0.0769230769230769,0.0,0.0,0,0.0,0.0,7.875034898748099,0.0,0.0,9,0,0.0,0.5559002808512763
3200.0,6,21.0,1.1666666666666667,5.7509577547812,18,22.0,1.2222222222222223,21.0,1.1666666666666667,6,21.0,21.0,4.030693430828263,1.5,1.5,14,6,21.0,0.2968044140089155
3208.0,11,86.0,4.095238095238095,3.73051174583894,21,86.0,4.095238095238095,64.0,3.0476190476190474,10,86.0,65.0,2.931661965327307,4.777777777777778,4.777777777777778,18,10,86.0,0.2139973206964599
3216.0,2,1.0,0.0434782608695652,6.973270130373421,23,135.0,5.869565217391305,49.0,2.130434782608696,1,13.0,0.0,5.791778907634249,1.181818181818182,1.181818181818182,11,1,13.0,0.4257205744150706
3224.0,0,0.0,0.0,10.369362966026296,25,147.0,5.88,12.0,0.48,0,4.0,0.0,6.576653340796503,0.6666666666666666,0.6666666666666666,6,0,4.0,0.5176374441173774
3232.0,3,7.0,0.4375,7.309689592664698,16,27.0,1.6875,0.0,0.0,3,11.0,7.0,5.009195651697443,1.2222222222222223,1.2222222222222223,9,3,11.0,0.3975270526195723
3240.0,2,1.0,0.0625,7.717262083734703,16,25.0,1.5625,0.0,0.0,1,0.0,0.0,8.069144984858244,0.0,0.0,6,1,0.0,0.6009170722810041
3248.0,2,8.0,0.4705882352941176,8.822474284616113,17,33.0,1.9411764705882355,8.0,0.4705882352941176,2,8.0,8.0,5.894872649416769,1.0,1.0,8,2,8.0,0.4255893643177925
3256.0,7,43.0,2.5294117647058822,5.5405091705119816,17,43.0,2.5294117647058822,10.0,0.5882352941176471,7,43.0,35.0,3.8656838335460897,3.071428571428572,3.071428571428572,14,7,43.0,0.2772193991642911
3264.0,2,2.0,0.1052631578947368,6.270739674775138,19,79.0,4.157894736842105,36.0,1.894736842105263,2,27.0,0.0,4.474050500281336,2.25,2.25,12,2,27.0,0.3138671560520074
3272.0,1,10.0,0.4761904761904761,11.148915984503658,21,87.0,4.142857142857143,8.0,0.3809523809523809,1,10.0,0.0,9.5274310250114,1.4285714285714286,1.4285714285714286,7,1,10.0,0.664138284493965
3280.0,3,18.0,0.9,8.800499474482546,20,28.0,1.4,0.0,0.0,3,18.0,8.0,6.840277204481957,1.8,1.8,10,3,18.0,0.4899402937305656
3288.0,3,29.0,1.45,8.10996940075833,20,29.0,1.45,1.0,0.05,3,29.0,11.0,6.300088401669567,2.4166666666666665,2.4166666666666665,12,3,29.0,0.4335801062067817
3296.0,8,40.0,1.9047619047619049,4.50033278580745,21,72.0,3.4285714285714284,43.0,2.0476190476190474,7,43.0,14.0,2.559308493064977,2.8666666666666667,2.8666666666666667,15,7,43.0,0.2028572583583945
3304.0,1,2.0,0.0869565217391304,6.483107103757314,23,122.0,5.304347826086956,50.0,2.1739130434782608,1,31.0,0.0,3.425492098305019,3.1,3.1,10,1,31.0,0.2645611270027574
3312.0,6,17.0,0.68,5.961411752203743,25,110.0,4.4,0.0,0.0,6,48.0,17.0,0.6935801715974462,4.363636363636363,4.363636363636363,11,6,48.0,0.0545192335188873
3320.0,11,95.0,6.333333333333333,2.2879983864122524,15,126.0,8.4,16.0,1.0666666666666669,11,126.0,78.0,0.6016938598622107,10.5,10.5,12,11,126.0,0.0405603319475091
3328.0,12,183.0,12.2,2.107456074421516,15,214.0,14.266666666666667,88.0,5.866666666666666,12,214.0,88.0,0.0,17.833333333333332,17.833333333333332,12,12,214.0,0.0
3336.0,12,273.0,19.5,1.2069861037498382,14,304.0,21.714285714285715,90.0,6.428571428571429,12,304.0,90.0,0.0032070930603365,25.33333333333333,25.33333333333333,12,12,304.0,0.0002685264087237
3344.0,1,0.0,0.0,3.916116855530484,15,359.0,23.933333333333334,55.0,3.6666666666666665,0,153.0,0.0,3.1870131477617525,19.125,19.125,8,0,153.0,0.24245947154926
3352.0,4,13.0,0.7647058823529411,7.457380804332845,17,378.0,22.235294117647054,19.0,1.1176470588235294,3,97.0,0.0,0.0378282761442279,32.333333333333336,32.333333333333336,3,3,97.0,0.0030453897591452
3360.0,0,0.0,0.0,9.658086789188353,13,190.0,14.615384615384617,0.0,0.0,0,32.0,0.0,5.8205884790285465,10.666666666666666,10.666666666666666,3,0,32.0,0.4661179012138698
3368.0,0,0.0,0.0,7.77591525736421,11,66.0,6.0,0.0,0.0,0,0.0,0.0,2.317780475892628,0.0,0.0,2,0,0.0,0.1485272975620721
3376.0,0,0.0,0.0,8.048539964358161,12,2.0,0.1666666666666666,0.0,0.0,0,0.0,0.0,4.5215525211300704,0.0,0.0,2,0,0.0,0.3040152656673881
3384.0,1,2.0,0.2222222222222222,5.128437804192938,9,4.0,0.4444444444444444,2.0,0.2222222222222222,1,2.0,2.0,0.2584741001192082,1.0,1.0,2,1,2.0,0.016243785828361
3392.0,1,0.0,0.0,4.870814023631166,9,7.0,0.7777777777777778,3.0,0.3333333333333333,0,0.0,0.0,4.043105245241895,0.0,0.0,1,0,0.0,0.2835198700356147
3400.0,1,0.0,0.0,6.581323814523498,14,7.0,0.5,0.0,0.0,1,0.0,0.0,7.792330306062148,0.0,0.0,4,1,0.0,0.5686719071373795
3408.0,0,0.0,0.0,6.137836988764331,16,0.0,0.0,0.0,0.0,0,0.0,0.0,9.298219809611329,0.0,0.0,1,0,0.0,0.7421108378054013
3416.0,0,0.0,0.0,7.269503472263791,14,0.0,0.0,0.0,0.0,0,0.0,0.0,10.533953627621734,0.0,0.0,2,0,0.0,0.7755823667114541
3424.0,2,7.0,0.5833333333333334,5.3879801814160935,12,7.0,0.5833333333333334,7.0,0.5833333333333334,2,7.0,7.0,0.0002484458227222,3.5,3.5,2,2,7.0,1.6198203945517744e-05
3432.0,2,12.0,1.0,4.487896866358154,12,19.0,1.5833333333333333,12.0,1.0,2,12.0,5.0,1.2734021836833709,4.0,4.0,3,2,12.0,0.0988510063871975
3440.0,3,32.0,2.6666666666666665,4.131566118909997,12,44.0,3.6666666666666665,25.0,2.083333333333333,2,28.0,16.0,0.0361369863503697,9.333333333333334,9.333333333333334,3,2,28.0,0.0028063221150927
3448.0,3,36.0,3.0,3.7451270759331616,12,59.0,4.916666666666667,15.0,1.25,2,43.0,15.0,2.2867443440807733,10.75,10.75,4,2,43.0,0.1654678638826732
3456.0,3,51.0,3.0,6.433682376895366,17,75.0,4.411764705882353,16.0,0.9411764705882352,3,51.0,8.0,0.9684426809835712,12.75,12.75,4,3,51.0,0.0705347367642188
3464.0,4,71.0,3.9444444444444446,5.7787782221584125,18,71.0,3.9444444444444446,0.0,0.0,3,71.0,20.0,5.753180783300794,8.875,8.875,8,3,71.0,0.4103401334558285
3472.0,3,13.0,0.6190476190476191,5.47607836736728,21,86.0,4.095238095238095,15.0,0.7142857142857143,1,12.0,0.0,5.299559013618468,2.4,2.4,5,1,12.0,0.388571425969239
3480.0,3,11.0,0.4583333333333333,7.286305844593389,24,101.0,4.208333333333333,15.0,0.625,3,11.0,0.0,1.1113472316751565,2.75,2.75,4,3,11.0,0.0948284057386345
3488.0,0,0.0,0.0,6.0491457801697255,17,35.0,2.0588235294117645,0.0,0.0,0,0.0,0.0,8.792437592625213,0.0,0.0,3,0,0.0,0.7046363855387033
3496.0,4,7.0,0.3888888888888889,5.386214047564558,18,27.0,1.5,0.0,0.0,2,3.0,3.0,4.294815667315038,1.0,1.0,3,2,3.0,0.3302358473747729
3504.0,7,23.0,1.2105263157894737,3.650806763983976,19,51.0,2.6842105263157894,24.0,1.263157894736842,3,15.0,12.0,2.3587280176521745,3.75,3.75,4,3,15.0,0.1924734662608421
3512.0,2,0.0,0.0,5.753609890957906,21,48.0,2.2857142857142856,0.0,0.0,1,0.0,0.0,0.0,0.0,0.0,1,1,0.0,0.0
3520.0,2,1.0,0.0476190476190476,5.737596324818954,21,39.0,1.8571428571428568,0.0,0.0,1,0.0,0.0,6.6732488433608745,0.0,0.0,2,1,0.0,0.4625640333399878
3528.0,2,1.0,0.0454545454545454,4.962404178203451,22,13.0,0.5909090909090909,0.0,0.0,0,0.0,0.0,5.552782964499822,0.0,0.0,3,0,0.0,0.3551643999597393
3536.0,4,9.0,0.36,5.126551766516148,25,32.0,1.28,19.0,0.76,1,0.0,0.0,0.0,0.0,0.0,1,1,0.0,0.0
3544.0,2,4.0,0.16,5.644994460759251,25,35.0,1.4,3.0,0.12,0,0.0,0.0,6.878868642812436,0.0,0.0,3,0,0.0,0.562875264628862
3552.0,0,0.0,0.0,6.182131304329444,23,39.0,1.6956521739130437,4.0,0.1739130434782608,0,0.0,0.0,6.627069748903159,0.0,0.0,4,0,0.0,0.4351649411154524
3560.0,5,14.0,0.5833333333333334,5.84317132218698,24,35.0,1.4583333333333333,0.0,0.0,1,0.0,0.0,6.98342028370541,0.0,0.0,4,1,0.0,0.5141188359556921
3568.0,10,63.0,3.0,4.0549551777273205,21,89.0,4.238095238095238,54.0,2.571428571428572,2,6.0,6.0,4.12986386864646,1.2,1.2,5,2,6.0,0.3115167275479618
3576.0,7,53.0,2.9444444444444446,4.051784261702927,18,159.0,8.833333333333334,70.0,3.888888888888889,4,32.0,26.0,0.0024491821276111,8.0,8.0,4,4,32.0,0.0001837458047939
3584.0,2,1.0,0.0588235294117647,4.489398989082309,17,126.0,7.411764705882353,0.0,0.0,1,14.0,0.0,1.008432442641446,7.0,7.0,2,1,14.0,0.0801127552400835
3592.0,0,0.0,0.0,7.950643458524643,18,129.0,7.166666666666667,3.0,0.1666666666666666,0,0.0,0.0,12.140517631357168,0.0,0.0,2,0,0.0,0.8920766630176125
3600.0,1,13.0,0.8125,5.671647106752686,16,72.0,4.5,0.0,0.0,1,28.0,8.0,0.0001048822773609,28.0,28.0,1,1,28.0,9.195598114614324e-06
