step,system_total_stopped,system_total_waiting_time,system_mean_waiting_time,system_mean_speed,system_cars_present,system_accumulated_waiting_time (100),system_accumulated_mean_waiting_time (100),system_accumulated_waiting_time (delta),system_accumulated_mean_waiting_time (delta),agents_total_stopped,agents_total_accumulated_waiting_time (100),agents_total_accumulated_waiting_time (delta),agents_mean_speed,agents_mean_waiting_time (100),agents_mean_waiting_time (delta),agents_cars_present,Col1_1_stopped,Col1_1_accumulated_waiting_time,Col1_1_average_speed
8.0,1,0.0,0.0,5.4636110218474645,2,0.0,0.0,0.0,0.0,0,0.0,0.0,10.927222043694927,0.0,0.0,1,0,0.0,0.6897058233002138
16.0,1,4.0,1.3333333333333333,7.402747044725895,3,4.0,1.3333333333333333,4.0,1.3333333333333333,1,4.0,4.0,4.180441902363138,2.0,2.0,2,1,4.0,0.3227476744776441
24.0,3,15.0,1.875,5.178021727530455,8,15.0,1.875,11.0,1.375,3,15.0,11.0,3.886656704174025,2.142857142857143,2.142857142857143,7,3,15.0,0.2579097500482264
32.0,0,0.0,0.0,9.761796000900471,8,24.0,3.0,9.0,1.125,0,2.0,0.0,10.33414045406077,0.3333333333333333,0.3333333333333333,6,0,2.0,0.6472212370126563
40.0,1,4.0,0.5,11.55196503093656,8,6.0,0.75,0.0,0.0,1,4.0,2.0,10.915742440796723,0.8,0.8,5,1,4.0,0.7479304847623247
48.0,1,12.0,1.3333333333333333,8.752059858781914,9,12.0,1.3333333333333333,6.0,0.6666666666666666,1,12.0,8.0,7.437969339667017,1.5,1.5,8,1,12.0,0.4897598034699867
56.0,1,6.0,0.5454545454545454,8.432196141709886,11,25.0,2.272727272727273,13.0,1.181818181818182,1,6.0,0.0,7.138147502041209,0.8571428571428571,0.8571428571428571,7,1,6.0,0.4369968975143642
64.0,4,25.0,2.272727272727273,6.792859111307376,11,45.0,4.090909090909091,20.0,1.818181818181818,4,25.0,19.0,4.42922072562823,3.125,3.125,8,4,25.0,0.2567572558667069
72.0,6,61.0,4.6923076923076925,5.345184317914209,13,81.0,6.230769230769231,36.0,2.769230769230769,6,61.0,36.0,3.564614251205071,5.545454545454546,5.545454545454546,11,6,61.0,0.1848137540099971
80.0,6,53.0,2.789473684210526,5.76619955279331,19,129.0,6.789473684210527,48.0,2.526315789473684,6,64.0,3.0,4.19844818188253,4.266666666666667,4.266666666666667,15,6,64.0,0.2795104893826149
88.0,1,6.0,0.2857142857142857,7.051306221523707,21,101.0,4.809523809523809,0.0,0.0,1,40.0,0.0,6.797493312072632,2.5,2.5,16,1,40.0,0.4370006062250493
96.0,1,14.0,0.5833333333333334,10.561060149160577,24,48.0,2.0,0.0,0.0,1,25.0,0.0,8.420186073181839,1.6666666666666667,1.6666666666666667,15,1,25.0,0.5600165191145157
104.0,1,5.0,0.25,8.622818259741402,20,33.0,1.65,0.0,0.0,1,5.0,0.0,8.903420620063805,0.3125,0.3125,16,1,5.0,0.5886354561123082
112.0,7,38.0,1.5833333333333333,7.62271997092433,24,38.0,1.5833333333333333,5.0,0.2083333333333333,7,38.0,33.0,6.164171841929757,1.9,1.9,20,7,38.0,0.3949207161266959
120.0,10,85.0,3.4,6.272607486373939,25,96.0,3.84,58.0,2.32,9,84.0,46.0,5.147035829336618,4.421052631578948,4.421052631578948,19,9,84.0,0.3517376454047268
128.0,3,7.0,0.2692307692307692,7.01724712218854,26,144.0,5.538461538461538,48.0,1.8461538461538465,3,61.0,0.0,5.154501445955645,3.388888888888889,3.388888888888889,18,3,61.0,0.3349692656803693
136.0,3,18.0,0.72,10.553932539669423,25,76.0,3.04,0.0,0.0,3,18.0,0.0,7.719559439810135,1.2857142857142858,1.2857142857142858,14,3,18.0,0.5305607523062926
144.0,6,55.0,2.619047619047619,8.980042309327182,21,55.0,2.619047619047619,0.0,0.0,5,49.0,31.0,6.505565216871305,3.769230769230769,3.769230769230769,13,5,49.0,0.4621074469318411
152.0,1,4.0,0.1818181818181818,8.074253877697643,22,82.0,3.727272727272727,27.0,1.2272727272727273,1,16.0,0.0,7.107603909201225,1.0,1.0,16,1,16.0,0.4824541038220608
160.0,7,38.0,1.6521739130434785,7.0571160699899504,23,56.0,2.4347826086956523,0.0,0.0,7,50.0,34.0,6.678173976766891,2.380952380952381,2.380952380952381,21,7,50.0,0.4236437417975364
168.0,10,74.0,2.5517241379310347,6.464817756077834,29,110.0,3.793103448275862,54.0,1.862068965517241,10,74.0,24.0,5.52708498627509,3.217391304347826,3.217391304347826,23,10,74.0,0.3574646047667649
176.0,5,14.0,0.4375,6.866442055406969,32,135.0,4.21875,25.0,0.78125,5,56.0,0.0,6.303530169817194,2.24,2.24,25,5,56.0,0.400013562299742
184.0,6,54.0,1.6875,8.63216366517296,32,103.0,3.21875,0.0,0.0,5,47.0,0.0,7.584489769072246,2.136363636363636,2.136363636363636,22,5,47.0,0.4920437561456049
192.0,9,109.0,3.7586206896551726,8.036278426167263,29,115.0,3.9655172413793114,12.0,0.4137931034482758,8,94.0,47.0,6.622895355496664,4.086956521739131,4.086956521739131,23,8,94.0,0.4149497310880762
200.0,4,7.0,0.2333333333333333,7.084731161088859,30,164.0,5.466666666666667,49.0,1.6333333333333333,4,56.0,0.0,6.553787918422337,2.24,2.24,25,4,56.0,0.4294439740810729
208.0,5,35.0,1.206896551724138,9.203684313035309,29,88.0,3.034482758620689,0.0,0.0,5,36.0,0.0,7.218919608291796,1.7142857142857142,1.7142857142857142,21,5,36.0,0.4764259124907756
216.0,9,93.0,3.576923076923077,7.609105736905668,26,115.0,4.423076923076923,27.0,1.0384615384615383,9,94.0,58.0,6.274095624147309,4.476190476190476,4.476190476190476,21,9,94.0,0.4359010001950968
224.0,6,32.0,1.1428571428571428,6.741923895288102,28,152.0,5.428571428571429,37.0,1.3214285714285714,6,76.0,0.0,6.284847905513471,3.3043478260869565,3.3043478260869565,23,6,76.0,0.438528080557046
232.0,6,28.0,0.9333333333333332,8.24852310424788,30,103.0,3.433333333333333,0.0,0.0,5,48.0,0.0,7.335402420968172,2.1818181818181817,2.1818181818181817,22,5,48.0,0.4964784839512019
240.0,5,12.0,0.4285714285714285,7.184820746123251,28,82.0,2.9285714285714284,0.0,0.0,4,41.0,0.0,7.199228257806227,1.8636363636363635,1.8636363636363635,22,4,41.0,0.5071459630978535
248.0,8,62.0,2.2962962962962963,8.626452232109527,27,94.0,3.4814814814814814,12.0,0.4444444444444444,8,83.0,42.0,6.503153690309553,4.15,4.15,20,8,83.0,0.4614374921130563
256.0,3,41.0,1.9523809523809523,7.633332343232261,21,134.0,6.380952380952381,40.0,1.9047619047619049,3,80.0,0.0,7.467864008378252,4.444444444444445,4.444444444444445,18,3,80.0,0.5239352012978604
264.0,5,17.0,0.7727272727272727,7.736842278010007,22,98.0,4.454545454545454,0.0,0.0,5,17.0,0.0,7.928548119906693,1.1333333333333333,1.1333333333333333,15,5,17.0,0.554985370572782
272.0,1,0.0,0.0,7.785030137930824,26,53.0,2.0384615384615383,0.0,0.0,1,8.0,0.0,7.730565395823454,0.4705882352941176,0.4705882352941176,17,1,8.0,0.5264701512335185
280.0,3,9.0,0.36,9.892759966957104,25,17.0,0.68,0.0,0.0,3,9.0,1.0,8.23035828274199,0.6,0.6,15,3,9.0,0.5775550776419086
288.0,6,40.0,1.6666666666666667,6.993629344531571,24,41.0,1.7083333333333333,24.0,1.0,6,41.0,32.0,6.174878301178652,1.9523809523809523,1.9523809523809523,21,6,41.0,0.4322661556358211
296.0,7,83.0,2.59375,6.857366667885808,32,93.0,2.90625,52.0,1.625,7,83.0,42.0,6.716071567319011,3.32,3.32,25,7,83.0,0.4743119347832253
304.0,16,164.0,4.4324324324324325,5.211087628794653,37,165.0,4.45945945945946,72.0,1.945945945945946,15,164.0,81.0,4.700080461686957,5.125,5.125,32,15,164.0,0.3392407184931453
312.0,6,39.0,0.8666666666666667,6.4047095677807535,45,262.0,5.822222222222222,97.0,2.1555555555555554,6,99.0,0.0,5.728152220931843,3.193548387096774,3.193548387096774,31,6,99.0,0.3946783921956602
320.0,12,43.0,0.9347826086956522,5.362578769386064,46,166.0,3.608695652173913,0.0,0.0,11,111.0,12.0,4.865314821458375,3.264705882352941,3.264705882352941,34,11,111.0,0.3407536927030624
328.0,16,123.0,2.6739130434782608,5.868584792934687,46,249.0,5.413043478260869,83.0,1.8043478260869563,16,196.0,85.0,4.267937481133208,5.6,5.6,35,16,196.0,0.2903899404455323
336.0,8,41.0,0.8367346938775511,6.4693638383187775,49,303.0,6.183673469387755,54.0,1.1020408163265305,7,145.0,0.0,5.2529682814036285,4.53125,4.53125,32,7,145.0,0.3393631497453767
344.0,11,39.0,0.8297872340425532,6.10512278115389,47,295.0,6.276595744680851,0.0,0.0,10,164.0,19.0,4.861850133717817,4.96969696969697,4.96969696969697,33,10,164.0,0.323380965573599
352.0,6,21.0,0.4375,6.36150593905874,48,328.0,6.833333333333333,33.0,0.6875,6,122.0,0.0,4.409027423173203,3.8125,3.8125,32,6,122.0,0.3036107962007933
360.0,20,124.0,2.883720930232558,5.276455093769408,43,279.0,6.488372093023256,0.0,0.0,20,174.0,52.0,3.5398149036281974,5.2727272727272725,5.2727272727272725,33,20,174.0,0.2531830917496488
368.0,20,244.0,5.191489361702128,5.549478427949993,47,419.0,8.914893617021276,140.0,2.978723404255319,20,289.0,115.0,3.918309643123024,8.757575757575758,8.757575757575758,33,20,289.0,0.2882787294234387
376.0,20,361.0,7.22,6.17390933316586,50,550.0,11.0,131.0,2.62,20,386.0,97.0,3.5395376245832377,12.0625,12.0625,32,20,386.0,0.2469277713682513
384.0,17,329.0,6.2075471698113205,6.3178938888254565,53,655.0,12.358490566037736,105.0,1.981132075471698,17,468.0,82.0,3.078871881540897,15.096774193548388,15.096774193548388,31,17,468.0,0.2067013148496997
392.0,11,102.0,1.8545454545454545,6.1561502793974645,55,668.0,12.145454545454545,13.0,0.2363636363636363,9,393.0,0.0,2.452782223700299,14.555555555555555,14.555555555555555,27,9,393.0,0.1650559385508146
400.0,8,49.0,0.9607843137254902,7.249939665898756,51,511.0,10.019607843137257,0.0,0.0,5,189.0,0.0,3.740550969752456,7.875,7.875,24,5,189.0,0.2577703660914011
408.0,7,17.0,0.3617021276595745,6.347354883505418,47,285.0,6.0638297872340425,0.0,0.0,7,172.0,0.0,4.174250768549396,6.615384615384615,6.615384615384615,26,7,172.0,0.2679458188222332
416.0,12,61.0,1.297872340425532,5.685188347085152,47,280.0,5.957446808510638,0.0,0.0,10,190.0,18.0,3.4386389964756057,6.785714285714286,6.785714285714286,28,10,190.0,0.2256325798525269
424.0,10,31.0,0.5740740740740741,6.2317195431204295,54,328.0,6.074074074074074,48.0,0.8888888888888888,9,154.0,0.0,3.846945304887732,5.133333333333334,5.133333333333334,30,9,154.0,0.2649489106953472
432.0,19,131.0,2.298245614035088,6.408614007640607,57,364.0,6.385964912280702,36.0,0.631578947368421,17,202.0,48.0,4.0291565640049,6.121212121212121,6.121212121212121,33,17,202.0,0.2769071571241676
440.0,26,275.0,4.661016949152542,5.1980593526305485,59,461.0,7.813559322033898,97.0,1.6440677966101696,18,287.0,85.0,4.510988945206679,8.441176470588236,8.441176470588236,34,18,287.0,0.3259793702799084
448.0,20,169.0,3.0727272727272728,5.080202395004312,55,563.0,10.236363636363636,102.0,1.8545454545454545,10,240.0,0.0,4.306187651103652,8.275862068965518,8.275862068965518,29,10,240.0,0.2875728568065003
456.0,17,150.0,2.6785714285714284,4.39736715000262,56,536.0,9.571428571428571,0.0,0.0,9,275.0,35.0,4.15331541819417,9.166666666666666,9.166666666666666,30,9,275.0,0.285738505772696
464.0,36,373.0,6.431034482758621,3.924707492736972,58,729.0,12.56896551724138,193.0,3.327586206896552,18,380.0,105.0,2.6485159122618387,13.571428571428571,13.571428571428571,28,18,380.0,0.1820930357923391
472.0,27,434.0,6.888888888888889,4.416047600618014,63,942.0,14.952380952380953,213.0,3.380952380952381,11,275.0,0.0,3.4589883281398963,9.482758620689657,9.482758620689657,29,11,275.0,0.220711845802376
480.0,21,386.0,6.126984126984127,4.666666566801867,63,993.0,15.761904761904765,51.0,0.8095238095238095,7,274.0,0.0,4.497438633533115,10.148148148148149,10.148148148148149,27,7,274.0,0.3111758277683571
488.0,30,356.0,5.933333333333334,4.30676753992408,60,1183.0,19.716666666666665,190.0,3.1666666666666665,15,411.0,137.0,3.486352341960706,16.44,16.44,25,15,411.0,0.260372647926026
496.0,26,258.0,4.3,4.664815958419108,60,1366.0,22.766666666666666,183.0,3.05,9,335.0,0.0,3.4819125201341,15.952380952380953,15.952380952380953,21,9,335.0,0.2489423205130176
504.0,28,362.0,6.241379310344827,4.773260643276961,58,1483.0,25.56896551724138,117.0,2.0172413793103448,7,292.0,0.0,4.955110065911861,16.22222222222222,16.22222222222222,18,7,292.0,0.332010865769542
512.0,27,499.0,8.60344827586207,4.577875274053621,58,1660.0,28.620689655172413,177.0,3.0517241379310347,7,220.0,0.0,3.910395574495441,11.0,11.0,20,7,220.0,0.2419691773857955
520.0,21,280.0,4.745762711864407,4.410733603774957,59,1807.0,30.6271186440678,147.0,2.4915254237288136,8,276.0,56.0,3.3889686898901705,12.545454545454543,12.545454545454543,22,8,276.0,0.2100767788914099
528.0,27,403.0,6.830508474576271,4.018152815096664,59,1901.0,32.220338983050844,94.0,1.5932203389830508,13,438.0,162.0,3.2032762154984025,16.22222222222222,16.22222222222222,27,13,438.0,0.2061954022299548
536.0,24,445.0,7.672413793103448,3.9851428443128234,58,2002.0,34.51724137931034,101.0,1.7413793103448276,15,586.0,148.0,2.9464961030360626,20.928571428571427,20.928571428571427,28,15,586.0,0.1883895273532638
544.0,32,433.0,6.983870967741935,4.002980512613039,62,2171.0,35.016129032258064,169.0,2.725806451612903,22,828.0,242.0,2.765818535965144,23.65714285714286,23.65714285714286,35,22,828.0,0.1754560154164977
552.0,25,165.0,2.5384615384615383,4.318978764616289,65,2391.0,36.784615384615385,220.0,3.3846153846153846,18,895.0,67.0,2.454080941509346,25.571428571428573,25.571428571428573,35,18,895.0,0.156754089060559
560.0,25,144.0,2.2857142857142856,4.564955526321828,63,2310.0,36.66666666666666,0.0,0.0,16,895.0,0.0,2.478121790242998,26.323529411764707,26.323529411764707,34,16,895.0,0.1540192120531405
568.0,29,235.0,4.12280701754386,4.0703435117753575,57,2293.0,40.2280701754386,0.0,0.0,22,720.0,0.0,2.153720260368177,22.5,22.5,32,22,720.0,0.1382626368112809
576.0,25,359.0,6.298245614035087,5.30519255147429,57,2478.0,43.47368421052632,185.0,3.245614035087719,23,972.0,252.0,2.3745802405926706,31.35483870967742,31.35483870967742,31,23,972.0,0.1508403961711795
584.0,21,289.0,5.452830188679245,4.815174753600312,53,2400.0,45.283018867924525,0.0,0.0,17,1161.0,189.0,1.3501859080606375,41.46428571428572,41.46428571428572,28,17,1161.0,0.0894626392497187
592.0,15,192.0,4.0,6.636759232315041,48,2361.0,49.1875,0.0,0.0,14,1062.0,0.0,2.2670832551141324,42.48,42.48,25,14,1062.0,0.1523089431268705
600.0,20,270.0,6.923076923076923,4.813467465027997,39,1791.0,45.92307692307692,0.0,0.0,19,993.0,0.0,0.9900415143655028,39.72,39.72,25,19,993.0,0.0667214537175465
608.0,13,76.0,1.9,5.657309852703239,40,1619.0,40.475,0.0,0.0,12,467.0,0.0,1.2500859408100549,22.23809523809524,22.23809523809524,21,12,467.0,0.0754396870917672
616.0,6,20.0,0.5555555555555556,5.189442039230413,36,1244.0,34.55555555555556,0.0,0.0,6,316.0,0.0,1.148101557502682,14.363636363636363,14.363636363636363,22,6,316.0,0.0913925495843017
624.0,9,40.0,1.25,4.907201455844276,32,1125.0,35.15625,0.0,0.0,9,276.0,0.0,1.2591380890223294,13.142857142857142,13.142857142857142,21,9,276.0,0.0935564177330994
632.0,16,138.0,4.6,5.541542686779938,30,931.0,31.03333333333333,0.0,0.0,16,321.0,45.0,1.0233489446295898,17.833333333333332,17.833333333333332,18,16,321.0,0.0780244966561539
640.0,6,93.0,3.206896551724138,6.592429301860284,29,987.0,34.03448275862069,56.0,1.9310344827586208,6,248.0,0.0,1.636815472029279,17.714285714285715,17.714285714285715,14,6,248.0,0.130540874185775
648.0,3,45.0,1.6666666666666667,8.044271272325245,27,750.0,27.77777777777778,0.0,0.0,3,114.0,0.0,2.3170653004287187,11.4,11.4,10,3,114.0,0.1776557133028936
656.0,5,70.0,2.8,7.454464568105165,25,517.0,20.68,0.0,0.0,5,126.0,12.0,1.6688063434040117,10.5,10.5,12,5,126.0,0.1300017411843897
664.0,2,77.0,3.08,7.201216507049322,25,406.0,16.24,0.0,0.0,2,121.0,0.0,2.4192674921064725,11.0,11.0,11,2,121.0,0.1828630104436522
672.0,2,93.0,3.875,10.354875433359291,24,325.0,13.541666666666666,0.0,0.0,2,110.0,0.0,4.441390357459085,18.33333333333333,18.33333333333333,6,2,110.0,0.3043868582022926
680.0,3,13.0,0.65,8.167664417447035,20,186.0,9.3,0.0,0.0,3,13.0,0.0,2.217613493423893,1.625,1.625,8,3,13.0,0.1682513137292996
688.0,0,0.0,0.0,8.089024040026397,21,83.0,3.952380952380953,0.0,0.0,0,5.0,0.0,3.219560316297453,0.625,0.625,8,0,5.0,0.2366388747697178
696.0,9,31.0,1.4761904761904765,6.598595161759528,21,65.0,3.095238095238096,0.0,0.0,9,36.0,31.0,0.9690716914260836,3.272727272727273,3.272727272727273,11,9,36.0,0.062233600680157
704.0,1,15.0,0.8333333333333334,6.755649525977609,18,98.0,5.444444444444445,33.0,1.8333333333333333,1,41.0,5.0,2.365082880701673,4.555555555555555,4.555555555555555,9,1,41.0,0.1664431516951967
712.0,1,23.0,1.2105263157894737,11.272955631848,19,98.0,5.157894736842105,0.0,0.0,1,23.0,0.0,5.637186475204717,5.75,5.75,4,1,23.0,0.3952472710891551
720.0,2,33.0,1.8333333333333333,10.418233269527429,18,82.0,4.555555555555555,0.0,0.0,2,33.0,10.0,4.8294076810783055,6.6,6.6,5,2,33.0,0.3704225992618931
728.0,2,42.0,2.0,9.754954286762109,21,96.0,4.571428571428571,14.0,0.6666666666666666,2,42.0,9.0,2.8419343032951203,7.0,7.0,6,2,42.0,0.2090496873245786
736.0,5,27.0,1.2857142857142858,8.636651812255435,21,93.0,4.428571428571429,0.0,0.0,5,27.0,0.0,2.0935675469642385,3.375,3.375,8,5,27.0,0.164573969994201
744.0,0,0.0,0.0,7.226448372122133,17,57.0,3.3529411764705883,0.0,0.0,0,12.0,0.0,4.5361807956547215,1.3333333333333333,1.3333333333333333,9,0,12.0,0.3115869806538274
752.0,0,0.0,0.0,9.952405678473456,22,57.0,2.590909090909091,0.0,0.0,0,0.0,0.0,7.859038737575272,0.0,0.0,9,0,0.0,0.4639326171638878
760.0,2,3.0,0.12,9.147805465130247,25,57.0,2.28,0.0,0.0,2,3.0,3.0,7.202787300615458,0.3,0.3,10,2,3.0,0.4476228189287733
768.0,2,5.0,0.1785714285714285,9.15138115456588,28,69.0,2.4642857142857144,12.0,0.4285714285714285,1,4.0,1.0,6.742265428702824,0.4,0.4,10,1,4.0,0.4226192015964985
776.0,5,30.0,1.0344827586206895,9.19759446425005,29,74.0,2.5517241379310347,5.0,0.1724137931034483,5,30.0,26.0,6.137858353374575,2.3076923076923075,2.3076923076923075,13,5,30.0,0.39157490486848
784.0,8,80.0,3.2,6.526412856490156,25,96.0,3.84,22.0,0.88,8,80.0,50.0,3.9483677664963337,5.0,5.0,16,8,80.0,0.2622803358620214
792.0,11,150.0,6.521739130434782,4.644850068793971,23,166.0,7.217391304347826,70.0,3.0434782608695654,11,150.0,70.0,2.4794574587300264,9.375,9.375,16,11,150.0,0.1465669050461511
800.0,5,42.0,1.826086956521739,4.683564756826822,23,217.0,9.434782608695652,51.0,2.217391304347826,5,110.0,0.0,3.618866129334113,6.470588235294118,6.470588235294118,17,5,110.0,0.2138783287718501
808.0,7,29.0,1.0740740740740742,7.151101254104976,27,206.0,7.62962962962963,0.0,0.0,6,62.0,0.0,4.433098236581742,3.875,3.875,16,6,62.0,0.2657929295361266
816.0,7,18.0,0.6206896551724138,5.637401889083738,29,240.0,8.275862068965518,34.0,1.1724137931034482,7,64.0,2.0,1.811473114467078,4.0,4.0,16,7,64.0,0.1074488625303558
824.0,13,76.0,2.303030303030303,5.698148992938648,33,303.0,9.181818181818182,63.0,1.9090909090909087,13,127.0,63.0,1.177068522400747,6.35,6.35,20,13,127.0,0.0717198422243891
832.0,19,210.0,6.363636363636363,3.9664270812436535,33,327.0,9.909090909090908,24.0,0.7272727272727273,19,261.0,134.0,1.1059199515038451,10.44,10.44,25,19,261.0,0.0626566921534286
840.0,19,220.0,6.111111111111111,3.2206682317807585,36,449.0,12.47222222222222,122.0,3.388888888888889,19,311.0,50.0,0.8656276479982972,11.51851851851852,11.51851851851852,27,19,311.0,0.0494932901508503
848.0,18,318.0,9.9375,4.241950589035759,32,540.0,16.875,91.0,2.84375,18,361.0,50.0,1.938106048428171,14.44,14.44,25,18,361.0,0.0977964699119393
856.0,19,463.0,14.935483870967742,3.829556534220704,31,677.0,21.83870967741936,137.0,4.419354838709677,19,481.0,120.0,0.2826468665056048,21.863636363636363,21.863636363636363,22,19,481.0,0.0136811232939394
864.0,18,585.0,18.28125,4.757091979772166,32,828.0,25.875,151.0,4.71875,18,605.0,124.0,0.2589110223981386,31.84210526315789,31.84210526315789,19,18,605.0,0.0136162865141274
872.0,18,727.0,27.96153846153846,3.504935832078989,26,814.0,31.307692307692307,0.0,0.0,18,747.0,142.0,0.7361368185626705,37.35,37.35,20,18,747.0,0.0377382476973386
880.0,17,857.0,38.95454545454545,2.403190995546744,22,897.0,40.77272727272727,83.0,3.772727272727273,17,872.0,125.0,0.7886587255241825,48.44444444444444,48.44444444444444,18,17,872.0,0.0523823294674796
888.0,7,353.0,17.65,4.026190553888432,20,979.0,48.95,82.0,4.1,7,712.0,0.0,2.30253675962201,47.46666666666667,47.46666666666667,15,7,712.0,0.1533568520628439
896.0,0,0.0,0.0,9.521592082182352,26,988.0,38.0,9.0,0.3461538461538461,0,251.0,0.0,6.757716820146598,17.928571428571427,17.928571428571427,14,0,251.0,0.449474852117885
904.0,8,20.0,0.6451612903225806,7.123733401467013,31,943.0,30.41935483870968,0.0,0.0,8,219.0,0.0,3.310131450133289,12.166666666666666,12.166666666666666,18,8,219.0,0.2164323138832218
912.0,8,39.0,1.1142857142857143,7.339889272408358,35,1014.0,28.97142857142857,71.0,2.0285714285714285,8,61.0,0.0,2.803062991954278,3.8125,3.8125,16,8,61.0,0.1930792521396605
920.0,8,81.0,2.7,7.484882422430263,30,743.0,24.766666666666666,0.0,0.0,7,97.0,36.0,3.0964055853680788,6.466666666666667,6.466666666666667,15,7,97.0,0.2266587796499049
928.0,9,126.0,5.04,3.9429976848441934,25,392.0,15.68,0.0,0.0,9,143.0,46.0,0.7939723489015056,8.411764705882353,8.411764705882353,17,9,143.0,0.0556746546735209
936.0,5,23.0,1.0952380952380951,4.7664597618311815,21,367.0,17.476190476190474,0.0,0.0,5,57.0,0.0,1.752609641627334,4.75,4.75,12,5,57.0,0.1154524751313994
944.0,6,19.0,0.95,4.510014053664623,20,133.0,6.65,0.0,0.0,6,65.0,8.0,3.746477579029822,4.333333333333333,4.333333333333333,15,6,65.0,0.2637357491690905
952.0,3,17.0,0.7083333333333334,6.0647520801559125,24,164.0,6.833333333333333,31.0,1.2916666666666667,3,86.0,21.0,4.49513174635209,4.777777777777778,4.777777777777778,18,3,86.0,0.3202987020628078
960.0,12,50.0,1.851851851851852,5.202590829329183,27,186.0,6.888888888888889,22.0,0.8148148148148148,12,118.0,32.0,3.4727745326819237,5.363636363636363,5.363636363636363,22,12,118.0,0.231960479409198
968.0,13,131.0,4.366666666666666,4.233368302598087,30,273.0,9.1,87.0,2.9,13,184.0,66.0,3.155973593395222,7.076923076923077,7.076923076923077,26,13,184.0,0.210212084823731
976.0,11,51.0,1.5454545454545454,5.600961129054601,33,296.0,8.969696969696969,23.0,0.696969696969697,10,186.0,2.0,4.383544670758596,7.44,7.44,25,10,186.0,0.3012046292286955
984.0,9,77.0,2.40625,5.445264683766887,32,348.0,10.875,52.0,1.625,9,184.0,0.0,4.474383161845888,7.076923076923077,7.076923076923077,26,9,184.0,0.3027256807494194
992.0,10,88.0,2.5142857142857142,5.00380537849977,35,344.0,9.82857142857143,0.0,0.0,10,228.0,44.0,4.262520578994005,7.125,7.125,32,10,228.0,0.2950318105012723
1000.0,14,66.0,1.8857142857142857,4.248263657367498,35,408.0,11.657142857142857,64.0,1.8285714285714283,14,254.0,26.0,3.358488640129784,8.466666666666667,8.466666666666667,30,14,254.0,0.2252179278104478
1008.0,17,92.0,2.787878787878788,2.576567776464612,33,440.0,13.333333333333334,32.0,0.9696969696969696,16,274.0,20.0,1.807086196616634,10.538461538461538,10.538461538461538,26,16,274.0,0.1329224447034745
1016.0,20,201.0,6.28125,2.607296824359528,32,581.0,18.15625,141.0,4.40625,20,410.0,136.0,1.383599387509102,15.185185185185183,15.185185185185183,27,20,410.0,0.0981150336695372
1024.0,11,90.0,2.5,3.8033493054983447,36,649.0,18.02777777777778,68.0,1.8888888888888888,10,390.0,0.0,2.574794430257975,13.928571428571429,13.928571428571429,28,10,390.0,0.1738002858786398
1032.0,15,84.0,2.210526315789474,3.656960923033124,38,567.0,14.921052631578949,0.0,0.0,15,378.0,0.0,3.0269787886954096,11.454545454545457,11.454545454545457,33,15,378.0,0.1980554451802862
1040.0,11,30.0,0.7317073170731707,3.9509693113117472,41,584.0,14.24390243902439,17.0,0.4146341463414634,11,356.0,0.0,3.4276901352580738,10.787878787878787,10.787878787878787,33,11,356.0,0.2109468912475739
1048.0,16,105.0,2.5609756097560976,5.292604463411901,41,624.0,15.21951219512195,40.0,0.975609756097561,13,351.0,0.0,3.993028022714898,11.7,11.7,30,13,351.0,0.2476257997068341
1056.0,16,185.0,4.743589743589744,3.4815218203446,39,645.0,16.53846153846154,21.0,0.5384615384615384,16,445.0,94.0,2.299753183090501,13.088235294117649,13.088235294117649,34,16,445.0,0.1538126112149234
1064.0,18,202.0,4.926829268292683,3.652304987268869,41,715.0,17.4390243902439,70.0,1.7073170731707317,18,458.0,13.0,3.0300567171986863,13.470588235294118,13.470588235294118,34,18,458.0,0.2080884320460206
1072.0,10,51.0,1.1333333333333333,4.569575359852896,45,819.0,18.2,104.0,2.311111111111111,10,436.0,0.0,3.8666513819876753,11.17948717948718,11.17948717948718,39,10,436.0,0.2618901218704483
1080.0,10,24.0,0.4897959183673469,4.736466181961851,49,705.0,14.387755102040815,0.0,0.0,9,349.0,0.0,3.893178909732736,8.30952380952381,8.30952380952381,42,9,349.0,0.2747513154717693
1088.0,26,159.0,3.3125,3.445605404268594,48,786.0,16.375,81.0,1.6875,25,480.0,131.0,2.501539414406528,11.428571428571429,11.428571428571429,42,25,480.0,0.1760761218970002
1096.0,36,382.0,7.958333333333333,2.518680940314624,48,1032.0,21.5,246.0,5.125,36,726.0,246.0,1.6279340337415122,16.133333333333333,16.133333333333333,45,36,726.0,0.1198642557920438
1104.0,32,427.0,8.714285714285714,2.1047714809762272,49,1148.0,23.428571428571427,116.0,2.36734693877551,32,848.0,122.0,1.4785782471194393,19.272727272727277,19.272727272727277,44,32,848.0,0.1016049281245083
1112.0,22,206.0,4.5777777777777775,2.106582212841483,45,1202.0,26.711111111111112,54.0,1.2,22,895.0,47.0,1.4529008570209123,21.30952380952381,21.30952380952381,42,22,895.0,0.0950643794936213
1120.0,18,136.0,2.9565217391304346,2.224415458272685,46,1191.0,25.89130434782609,0.0,0.0,18,879.0,0.0,1.5684436900689844,21.4390243902439,21.4390243902439,41,18,879.0,0.0979874926458569
1128.0,19,218.0,4.638297872340425,3.667311613610549,47,1162.0,24.72340425531915,0.0,0.0,17,751.0,0.0,1.8773151061841584,20.86111111111111,20.86111111111111,36,17,751.0,0.1127467642516273
1136.0,12,33.0,0.7021276595744681,4.1507616290928215,47,1072.0,22.80851063829787,0.0,0.0,11,601.0,0.0,3.2744257036104907,17.17142857142857,17.17142857142857,35,11,601.0,0.1955459903876012
1144.0,25,133.0,2.891304347826087,2.9632789305069216,46,1001.0,21.76086956521739,0.0,0.0,25,721.0,120.0,2.554520031315112,17.166666666666668,17.166666666666668,42,25,721.0,0.1663798048106034
1152.0,22,178.0,3.7083333333333335,3.915928141210697,48,1113.0,23.1875,112.0,2.333333333333333,22,751.0,30.0,2.666036604439503,19.256410256410252,19.256410256410252,39,22,751.0,0.1813439280265406
1160.0,8,30.0,0.6666666666666666,4.150299647789876,45,1010.0,22.444444444444443,0.0,0.0,7,579.0,0.0,3.2042486107537496,16.083333333333332,16.083333333333332,36,7,579.0,0.2116534771305227
1168.0,21,110.0,2.4444444444444446,3.4314341666981343,45,1025.0,22.77777777777778,15.0,0.3333333333333333,21,667.0,88.0,1.8394324543971476,17.55263157894737,17.55263157894737,38,21,667.0,0.1247703569631648
1176.0,18,179.0,4.261904761904762,3.628995797389453,42,904.0,21.52380952380953,0.0,0.0,17,660.0,0.0,1.944684257816693,22.0,22.0,30,17,660.0,0.1360158237361977
1184.0,25,340.0,7.906976744186046,4.099833750628212,43,1008.0,23.44186046511628,104.0,2.4186046511627906,24,804.0,144.0,1.3068408021477418,25.93548387096774,25.93548387096774,31,24,804.0,0.1026036507854067
1192.0,24,521.0,12.707317073170731,3.877973410285439,41,1148.0,28.0,140.0,3.414634146341464,24,992.0,188.0,2.074253546558884,29.176470588235293,29.176470588235293,34,24,992.0,0.1553951302808041
1200.0,29,737.0,19.394736842105264,2.59458972714514,38,1208.0,31.789473684210527,60.0,1.5789473684210529,29,1208.0,216.0,1.6909729883367293,34.51428571428571,34.51428571428571,35,29,1208.0,0.1332794020630592
1208.0,19,533.0,14.026315789473683,3.870361784645339,38,1410.0,37.10526315789474,202.0,5.315789473684211,19,1085.0,0.0,3.297289967097951,31.91176470588235,31.91176470588235,34,19,1085.0,0.2352820651212871
1216.0,6,67.0,1.8108108108108107,6.574726023754519,37,1170.0,31.62162162162162,0.0,0.0,6,590.0,0.0,4.5350986613449535,21.071428571428573,21.071428571428573,28,6,590.0,0.3026539792765511
1224.0,7,88.0,3.034482758620689,8.895172613936358,29,636.0,21.93103448275862,0.0,0.0,7,263.0,0.0,6.853402215296231,12.523809523809524,12.523809523809524,21,7,263.0,0.4153020286805406
1232.0,5,8.0,0.2666666666666666,5.428554165538481,30,315.0,10.5,0.0,0.0,5,141.0,0.0,4.354061354584464,6.714285714285714,6.714285714285714,21,5,141.0,0.2851610320699809
1240.0,12,72.0,2.1818181818181817,6.753662753742645,33,220.0,6.666666666666667,0.0,0.0,11,182.0,41.0,5.439394630611471,7.583333333333333,7.583333333333333,24,11,182.0,0.3584532911529615
1248.0,4,6.0,0.1875,7.204031960483027,32,251.0,7.84375,31.0,0.96875,4,62.0,0.0,6.438046475223099,2.583333333333333,2.583333333333333,24,4,62.0,0.4160336152454605
1256.0,5,31.0,1.0689655172413792,8.586539495440622,29,149.0,5.137931034482759,0.0,0.0,4,27.0,0.0,7.315159482162596,1.5,1.5,18,4,27.0,0.4728735617413753
1264.0,8,73.0,3.0416666666666665,7.642627353378702,24,96.0,4.0,0.0,0.0,8,73.0,46.0,5.856384731924174,4.294117647058823,4.294117647058823,17,8,73.0,0.3661290275286219
1272.0,10,144.0,6.545454545454546,5.46106483768995,22,163.0,7.409090909090909,67.0,3.0454545454545454,10,144.0,71.0,3.010159982907717,8.470588235294118,8.470588235294118,17,10,144.0,0.1834753134355123
1280.0,1,1.0,0.0416666666666666,6.143427468056824,24,213.0,8.875,50.0,2.083333333333333,1,60.0,0.0,5.272452897696837,3.75,3.75,16,1,60.0,0.3435396567813064
1288.0,5,21.0,0.7777777777777778,8.95586239920896,27,130.0,4.814814814814815,0.0,0.0,5,21.0,0.0,7.0302339170539705,1.1666666666666667,1.1666666666666667,18,5,21.0,0.4383002136678157
1296.0,10,81.0,3.375,5.9486548495607,24,81.0,3.375,0.0,0.0,10,81.0,60.0,5.9486548495607,3.375,3.375,24,10,81.0,0.3973872420129228
1304.0,1,4.0,0.1481481481481481,7.293314253448572,27,134.0,4.962962962962963,53.0,1.962962962962963,1,49.0,0.0,7.1298372735144495,2.333333333333333,2.333333333333333,21,1,49.0,0.4853941899318678
1312.0,6,37.0,1.5416666666666667,8.468439193132975,24,96.0,4.0,0.0,0.0,6,37.0,0.0,7.295715093812044,2.3125,2.3125,16,6,37.0,0.5154831517131078
1320.0,0,0.0,0.0,8.491316856987343,20,61.0,3.05,0.0,0.0,0,7.0,0.0,8.13457348055895,0.5833333333333334,0.5833333333333334,12,0,7.0,0.5625797731028814
1328.0,3,11.0,0.5789473684210527,9.190737740313825,19,39.0,2.0526315789473686,0.0,0.0,1,2.0,0.0,7.991021154530732,0.2,0.2,10,1,2.0,0.5701828064900214
1336.0,4,22.0,1.0476190476190477,8.77087902632765,21,60.0,2.857142857142857,21.0,1.0,2,7.0,5.0,8.304419210751416,0.5384615384615384,0.5384615384615384,13,2,7.0,0.594361004343394
1344.0,3,15.0,0.5769230769230769,10.34435809042812,26,66.0,2.5384615384615383,6.0,0.2307692307692307,3,15.0,8.0,7.98465285464467,1.0,1.0,15,3,15.0,0.5310125492046173
1352.0,1,3.0,0.125,10.544970947605956,24,22.0,0.9166666666666666,0.0,0.0,1,4.0,0.0,9.774173851875243,0.2666666666666666,0.2666666666666666,15,1,4.0,0.6664436691721459
1360.0,4,19.0,1.0,8.999827153606434,19,38.0,2.0,16.0,0.8421052631578947,4,20.0,16.0,8.078059835345572,1.25,1.25,16,4,20.0,0.5602133122790137
1368.0,4,25.0,1.1904761904761905,8.977212463458153,21,65.0,3.095238095238096,27.0,1.2857142857142858,4,26.0,6.0,7.198332877352294,2.1666666666666665,2.1666666666666665,12,4,26.0,0.5130410798560373
1376.0,4,5.0,0.2,8.028016852529001,25,84.0,3.36,19.0,0.76,3,18.0,0.0,7.669995246709404,1.2,1.2,15,3,18.0,0.5267425821858263
1384.0,8,37.0,1.121212121212121,8.665057006997403,33,76.0,2.303030303030303,0.0,0.0,5,32.0,14.0,8.020208803766778,1.6842105263157894,1.6842105263157894,19,5,32.0,0.5182398463528144
1392.0,6,66.0,1.8857142857142857,7.756856294340311,35,122.0,3.4857142857142858,46.0,1.3142857142857145,6,69.0,37.0,7.413805559431275,3.2857142857142856,3.2857142857142856,21,6,69.0,0.516963795776609
1400.0,10,38.0,0.926829268292683,7.390422807257456,41,170.0,4.146341463414634,48.0,1.170731707317073,9,86.0,17.0,5.4705303810656245,3.44,3.44,25,9,86.0,0.3689258476367466
1408.0,7,36.0,0.8571428571428571,7.414043652205294,42,153.0,3.642857142857143,0.0,0.0,6,56.0,0.0,4.889762583431082,2.4347826086956523,2.4347826086956523,23,6,56.0,0.3187490717481249
1416.0,5,15.0,0.3658536585365853,8.054881086608754,41,135.0,3.292682926829268,0.0,0.0,5,37.0,0.0,6.002712022294702,1.761904761904762,1.761904761904762,21,5,37.0,0.3941886752483722
1424.0,10,78.0,2.1666666666666665,8.170047142574914,36,138.0,3.8333333333333335,3.0,0.0833333333333333,7,80.0,43.0,4.763610978324107,4.444444444444445,4.444444444444445,18,7,80.0,0.3008962187607437
1432.0,5,26.0,0.896551724137931,7.094288125742184,29,182.0,6.275862068965517,44.0,1.5172413793103448,5,69.0,0.0,4.87829164653153,3.631578947368421,3.631578947368421,19,5,69.0,0.3096911795626443
1440.0,5,20.0,0.6896551724137931,8.686193889684548,29,128.0,4.413793103448276,0.0,0.0,5,33.0,0.0,6.374947415080167,1.736842105263158,1.736842105263158,19,5,33.0,0.4197885587075191
1448.0,4,10.0,0.3125,8.243393108013276,32,96.0,3.0,0.0,0.0,4,26.0,0.0,7.205248279098829,1.238095238095238,1.238095238095238,21,4,26.0,0.4599220694590522
1456.0,6,51.0,1.59375,9.5210410677115,32,71.0,2.21875,0.0,0.0,6,63.0,37.0,6.807537980627588,3.0,3.0,21,6,63.0,0.4560698670165511
1464.0,4,4.0,0.1428571428571428,7.365740444821951,28,100.0,3.571428571428572,29.0,1.0357142857142858,3,42.0,0.0,6.909841857866357,2.210526315789474,2.210526315789474,19,3,42.0,0.4685580037719211
1472.0,6,22.0,0.7096774193548387,8.505779341519988,31,62.0,2.0,0.0,0.0,5,23.0,0.0,6.848497909808318,1.0952380952380951,1.0952380952380951,21,5,23.0,0.4716442177856528
1480.0,11,77.0,2.2,6.444659920692146,35,77.0,2.2,15.0,0.4285714285714285,10,77.0,54.0,4.9364949786975565,2.851851851851852,2.851851851851852,27,10,77.0,0.3431987274541043
1488.0,6,26.0,0.65,7.1332904642831405,40,140.0,3.5,63.0,1.575,6,54.0,0.0,5.70968419000619,2.0,2.0,27,6,54.0,0.3808109620143853
1496.0,13,81.0,1.8837209302325584,7.724015961992509,43,113.0,2.627906976744186,0.0,0.0,10,76.0,22.0,6.204129926956392,2.923076923076923,2.923076923076923,26,10,76.0,0.4175018122130863
1504.0,12,35.0,0.7291666666666666,6.413602425242786,48,163.0,3.395833333333333,50.0,1.0416666666666667,11,106.0,30.0,5.185594679990401,3.3125,3.3125,32,11,106.0,0.363287923141303
1512.0,15,77.0,1.350877192982456,7.076392460453829,57,234.0,4.105263157894737,71.0,1.2456140350877194,13,102.0,0.0,4.396397371068032,2.914285714285714,2.914285714285714,35,13,102.0,0.3090423516205658
1520.0,17,180.0,3.2142857142857144,7.30985185744792,56,230.0,4.107142857142857,0.0,0.0,16,188.0,86.0,4.860335456719642,4.947368421052632,4.947368421052632,38,16,188.0,0.3455171894527026
1528.0,22,328.0,5.963636363636364,6.478589838854687,55,340.0,6.181818181818182,110.0,2.0,22,332.0,144.0,3.845252743083367,8.972972972972974,8.972972972972974,37,22,332.0,0.2761689516599402
1536.0,10,147.0,2.826923076923077,6.340796754627916,52,479.0,9.211538461538462,139.0,2.673076923076923,10,290.0,0.0,4.528843043644189,8.055555555555555,8.055555555555555,36,10,290.0,0.3107588966591598
1544.0,10,64.0,1.28,7.975635800087556,50,437.0,8.74,0.0,0.0,7,185.0,0.0,6.252859755384507,6.166666666666667,6.166666666666667,30,7,185.0,0.432453974127294
1552.0,9,47.0,0.8867924528301887,6.80860428011933,53,499.0,9.41509433962264,62.0,1.169811320754717,9,219.0,34.0,4.667781857342515,6.257142857142857,6.257142857142857,35,9,219.0,0.3220375708054209
1560.0,13,74.0,1.2758620689655171,6.348941910641452,58,518.0,8.931034482758621,19.0,0.3275862068965517,13,213.0,0.0,4.179885097007601,5.605263157894737,5.605263157894737,38,13,213.0,0.285128124208597
1568.0,11,26.0,0.4126984126984127,6.155462388146766,63,508.0,8.063492063492063,0.0,0.0,11,237.0,24.0,3.8070249815967463,5.642857142857143,5.642857142857143,42,11,237.0,0.2710136618854612
1576.0,12,39.0,0.6290322580645161,5.921147138787232,62,464.0,7.483870967741935,0.0,0.0,12,229.0,0.0,3.565570507535918,5.325581395348837,5.325581395348837,43,12,229.0,0.2399794990067511
1584.0,24,166.0,2.7666666666666666,5.329786610696411,60,568.0,9.466666666666669,104.0,1.7333333333333334,20,243.0,14.0,2.851894999350248,6.075,6.075,40,20,243.0,0.1942672449326678
1592.0,16,95.0,1.637931034482759,5.776983417172419,58,646.0,11.137931034482758,78.0,1.3448275862068966,16,322.0,79.0,2.97712940036511,8.473684210526315,8.473684210526315,38,16,322.0,0.1953424451176479
1600.0,12,78.0,1.4444444444444444,7.340170300586771,54,691.0,12.796296296296296,45.0,0.8333333333333334,12,241.0,0.0,3.129403877338483,7.774193548387097,7.774193548387097,31,12,241.0,0.2183722537018954
1608.0,17,181.0,3.851063829787234,6.9514690230283245,47,506.0,10.76595744680851,0.0,0.0,17,231.0,0.0,2.2993300915663677,8.555555555555555,8.555555555555555,27,17,231.0,0.1610459710421073
1616.0,20,327.0,8.837837837837839,5.569838592324556,37,438.0,11.83783783783784,0.0,0.0,20,369.0,138.0,2.417333887252641,14.192307692307692,14.192307692307692,26,20,369.0,0.1800146780467006
1624.0,12,222.0,7.655172413793103,5.151403264278184,29,520.0,17.93103448275862,82.0,2.827586206896552,12,356.0,0.0,3.847725118287013,16.181818181818183,16.181818181818183,22,12,356.0,0.2713626339257296
1632.0,8,116.0,4.461538461538462,6.522748575054783,26,577.0,22.192307692307693,57.0,2.1923076923076925,5,262.0,0.0,5.521354094694529,15.411764705882351,15.411764705882351,17,5,262.0,0.3809265303683209
1640.0,7,39.0,1.3448275862068966,6.789582873424636,29,615.0,21.20689655172414,38.0,1.3103448275862069,6,297.0,35.0,4.407329946517796,15.63157894736842,15.63157894736842,19,6,297.0,0.2985731253354146
1648.0,9,61.0,1.6944444444444444,5.520406180611457,36,677.0,18.80555555555556,62.0,1.7222222222222223,9,285.0,0.0,2.012445917056344,12.954545454545457,12.954545454545457,22,9,285.0,0.1329564833788196
1656.0,6,20.0,0.5263157894736842,6.63938044788252,38,568.0,14.947368421052632,0.0,0.0,6,287.0,2.0,3.379035560166999,13.045454545454543,13.045454545454543,22,6,287.0,0.2412511940523809
1664.0,10,28.0,0.7,6.31681462807634,40,521.0,13.025,0.0,0.0,9,262.0,0.0,3.6273401884709817,10.48,10.48,25,9,262.0,0.2453964041478549
1672.0,7,53.0,1.261904761904762,7.72557789227872,42,512.0,12.19047619047619,0.0,0.0,6,172.0,0.0,5.530768578997951,6.615384615384615,6.615384615384615,26,6,172.0,0.3516232975030945
1680.0,5,18.0,0.4285714285714285,7.5923548783242305,42,482.0,11.476190476190476,0.0,0.0,5,154.0,0.0,5.181031767728858,5.923076923076923,5.923076923076923,26,5,154.0,0.334343458426141
1688.0,13,104.0,2.4761904761904763,7.320672583202514,42,471.0,11.214285714285714,0.0,0.0,13,217.0,63.0,4.869609421312562,7.482758620689655,7.482758620689655,29,13,217.0,0.329633610566013
1696.0,11,64.0,1.6842105263157894,5.106382277347177,38,410.0,10.789473684210526,0.0,0.0,11,183.0,0.0,3.4374103663992845,6.535714285714286,6.535714285714286,28,11,183.0,0.2255245648132792
1704.0,8,38.0,1.0555555555555556,6.039320127365514,36,374.0,10.38888888888889,0.0,0.0,4,101.0,0.0,3.652023635878936,4.590909090909091,4.590909090909091,22,4,101.0,0.223208218427713
1712.0,16,135.0,3.375,6.157764519049513,40,473.0,11.825,99.0,2.475,12,108.0,7.0,3.328024142205232,4.5,4.5,24,12,108.0,0.2105654506005519
1720.0,15,155.0,3.4444444444444446,6.066154793655112,45,539.0,11.977777777777778,66.0,1.4666666666666666,15,195.0,87.0,2.718689716638123,6.724137931034483,6.724137931034483,29,15,195.0,0.1742224918318765
1728.0,11,52.0,1.1304347826086956,6.5652261934504335,46,501.0,10.891304347826088,0.0,0.0,10,138.0,0.0,4.214704200746913,5.111111111111111,5.111111111111111,27,10,138.0,0.2800706913515362
1736.0,17,142.0,3.0869565217391304,6.571686027741922,46,509.0,11.065217391304348,8.0,0.1739130434782608,16,167.0,29.0,4.0485675741884615,5.566666666666666,5.566666666666666,30,16,167.0,0.2679314915433159
1744.0,16,226.0,4.708333333333333,5.936042976607884,48,554.0,11.541666666666666,45.0,0.9375,16,252.0,85.0,3.251057913027114,9.0,9.0,28,16,252.0,0.228644377412283
1752.0,15,149.0,3.725,4.925793376764726,40,538.0,13.45,0.0,0.0,15,265.0,13.0,2.17352837054462,10.192307692307692,10.192307692307692,26,15,265.0,0.1469572957008819
1760.0,17,137.0,3.5128205128205128,3.902849972437592,39,576.0,14.76923076923077,38.0,0.9743589743589745,15,352.0,87.0,1.445422654755854,13.037037037037036,13.037037037037036,27,15,352.0,0.1018347856678651
1768.0,16,160.0,3.72093023255814,4.38198796991888,43,652.0,15.16279069767442,76.0,1.7674418604651163,16,404.0,52.0,2.1949853559770243,13.03225806451613,13.03225806451613,31,16,404.0,0.1490705855062893
1776.0,13,242.0,5.761904761904762,5.802136831318267,42,695.0,16.547619047619047,43.0,1.0238095238095235,13,391.0,0.0,3.159795060053765,13.033333333333331,13.033333333333331,30,13,391.0,0.2096185724603788
1784.0,3,8.0,0.1702127659574468,7.328990778518191,47,741.0,15.76595744680851,46.0,0.9787234042553192,3,218.0,0.0,4.947125081634085,8.074074074074074,8.074074074074074,27,3,218.0,0.3399646469110827
1792.0,7,17.0,0.3695652173913043,7.264093267980269,46,660.0,14.347826086956522,0.0,0.0,7,157.0,0.0,3.756950630685608,6.038461538461538,6.038461538461538,26,7,157.0,0.2532130114343499
1800.0,7,29.0,0.7631578947368421,6.347802441603669,38,457.0,12.026315789473683,0.0,0.0,7,156.0,0.0,3.629966923590593,6.5,6.5,24,7,156.0,0.2533354857800527
1808.0,9,25.0,0.6578947368421053,6.074607054825542,38,469.0,12.342105263157896,12.0,0.3157894736842105,9,136.0,0.0,2.686540356648034,6.181818181818182,6.181818181818182,22,9,136.0,0.1710626605199508
1816.0,8,73.0,2.0277777777777777,8.024445721834148,36,395.0,10.97222222222222,0.0,0.0,6,89.0,0.0,4.03479773433851,5.235294117647059,5.235294117647059,17,6,89.0,0.22250568128256
1824.0,9,144.0,4.645161290322581,9.017044141788496,31,384.0,12.387096774193548,0.0,0.0,7,138.0,49.0,3.0404343894123027,12.545454545454543,12.545454545454543,11,7,138.0,0.1658936120794849
1832.0,3,3.0,0.1304347826086956,7.931809053331458,23,354.0,15.391304347826088,0.0,0.0,3,15.0,0.0,3.9680580925418494,1.875,1.875,8,3,15.0,0.2269351428948403
1840.0,1,6.0,0.2727272727272727,8.82226814560908,22,208.0,9.454545454545457,0.0,0.0,1,18.0,3.0,5.780034213226375,1.8,1.8,10,1,18.0,0.3502878915510308
1848.0,2,16.0,0.8,10.401817925223176,20,145.0,7.25,0.0,0.0,2,28.0,10.0,8.102390542575277,2.8,2.8,10,2,28.0,0.535691402777598
1856.0,3,12.0,0.5714285714285714,9.66337761086596,21,133.0,6.333333333333333,0.0,0.0,3,12.0,0.0,8.049716298288557,1.0,1.0,12,3,12.0,0.5176220471193472
1864.0,3,23.0,1.15,8.313630244232288,20,34.0,1.7,0.0,0.0,3,23.0,11.0,6.704737084361889,1.9166666666666667,1.9166666666666667,12,3,23.0,0.4117003732208729
1872.0,4,48.0,2.4,8.027377175879266,20,53.0,2.65,19.0,0.95,4,48.0,25.0,4.577839732387705,4.363636363636363,4.363636363636363,11,4,48.0,0.2751382528343458
1880.0,6,70.0,3.5,6.636679336069489,20,91.0,4.55,38.0,1.9,6,70.0,22.0,2.8897338125993386,5.833333333333333,5.833333333333333,12,6,70.0,0.1546385862526006
1888.0,9,103.0,4.904761904761905,4.658034919638054,21,116.0,5.523809523809524,25.0,1.1904761904761905,9,96.0,26.0,2.8672667689695146,5.647058823529412,5.647058823529412,17,9,96.0,0.1831427822001858
1896.0,7,141.0,6.409090909090909,4.152648903453576,22,169.0,7.681818181818182,53.0,2.409090909090909,7,138.0,42.0,2.648097374325076,8.117647058823529,8.117647058823529,17,7,138.0,0.1870646587775252
1904.0,9,202.0,9.61904761904762,5.581454865748254,21,217.0,10.333333333333334,48.0,2.2857142857142856,9,195.0,57.0,3.1801850135385465,13.928571428571429,13.928571428571429,14,9,195.0,0.2214008106728288
1912.0,2,13.0,0.65,5.723422559800126,20,256.0,12.8,39.0,1.95,2,56.0,0.0,3.5484435804197854,5.090909090909091,5.090909090909091,11,2,56.0,0.2579256349026742
1920.0,6,31.0,1.2916666666666667,7.454577968661425,24,223.0,9.291666666666666,0.0,0.0,6,31.0,0.0,3.812361858656035,2.3846153846153846,2.3846153846153846,13,6,31.0,0.2710661186975076
1928.0,4,18.0,0.782608695652174,7.610907528434924,23,171.0,7.434782608695652,0.0,0.0,4,24.0,0.0,6.173203110537665,1.7142857142857142,1.7142857142857142,14,4,24.0,0.4320879180516522
1936.0,6,53.0,2.65,8.807294305050043,20,168.0,8.4,0.0,0.0,6,53.0,29.0,6.024506146538548,4.818181818181818,4.818181818181818,11,6,53.0,0.426694734598145
1944.0,2,48.0,3.2,8.46235408257559,15,82.0,5.466666666666667,0.0,0.0,2,58.0,5.0,7.532983635341067,5.8,5.8,10,2,58.0,0.5156554174761114
1952.0,8,83.0,5.928571428571429,3.439741208690384,14,93.0,6.642857142857143,11.0,0.7857142857142857,7,92.0,34.0,2.066459149609585,9.2,9.2,10,7,92.0,0.1107259016401733
1960.0,6,83.0,5.1875,5.636384345661684,16,144.0,9.0,51.0,3.1875,6,107.0,15.0,2.7263409647878265,9.727272727272728,9.727272727272728,11,6,107.0,0.172601952351173
1968.0,3,7.0,0.3684210526315789,6.416406410617833,19,142.0,7.473684210526316,0.0,0.0,2,23.0,0.0,3.902649888127924,2.875,2.875,8,2,23.0,0.2631582481122967
1976.0,8,55.0,2.8947368421052637,5.518158170792832,19,133.0,7.0,0.0,0.0,5,39.0,16.0,1.9901794917397235,4.333333333333333,4.333333333333333,9,5,39.0,0.1234320421249764
1984.0,4,26.0,1.3,7.344534809943653,20,156.0,7.8,23.0,1.15,4,36.0,0.0,3.641330840441745,3.272727272727273,3.272727272727273,11,4,36.0,0.2169805543019146
1992.0,3,42.0,2.0,8.510895175465564,21,62.0,2.952380952380953,0.0,0.0,3,42.0,6.0,4.668559897054943,4.2,4.2,10,3,42.0,0.2884949329435322
2000.0,3,5.0,0.3125,6.549847840530596,16,71.0,4.4375,9.0,0.5625,3,17.0,0.0,3.328882188037057,2.125,2.125,8,3,17.0,0.2282050495496551
2008.0,4,24.0,1.6,7.670159718915992,15,65.0,4.333333333333333,0.0,0.0,4,24.0,7.0,3.241291328589589,3.4285714285714284,3.4285714285714284,7,4,24.0,0.2242119552875417
2016.0,1,0.0,0.0,7.888861392365397,14,66.0,4.714285714285714,1.0,0.0714285714285714,1,8.0,0.0,2.537199542140256,2.0,2.0,4,1,8.0,0.1847375930852391
2024.0,1,7.0,0.5384615384615384,9.614455383412803,13,59.0,4.538461538461538,0.0,0.0,1,8.0,0.0,7.351063777706411,1.3333333333333333,1.3333333333333333,6,1,8.0,0.3606455183701009
2032.0,1,15.0,1.3636363636363635,10.302085864423267,11,16.0,1.4545454545454546,0.0,0.0,1,15.0,7.0,5.679088960067991,5.0,5.0,3,1,15.0,0.3977778799545827
2040.0,3,27.0,2.7,6.523644187586958,10,28.0,2.8,12.0,1.2,3,27.0,12.0,2.1280462943876803,4.5,4.5,6,3,27.0,0.1769302364425498
2048.0,6,63.0,7.0,3.7416034651269214,9,64.0,7.111111111111111,36.0,4.0,6,63.0,36.0,1.2242627127820698,9.0,9.0,7,6,63.0,0.096286073430848
2056.0,0,0.0,0.0,7.110181780821688,12,91.0,7.583333333333333,27.0,2.25,0,22.0,0.0,4.287497194139445,3.6666666666666665,3.6666666666666665,6,0,22.0,0.3177260308813598
2064.0,1,0.0,0.0,10.85338939003359,12,63.0,5.25,0.0,0.0,1,0.0,0.0,5.807465991812447,0.0,0.0,3,1,0.0,0.4005133578678786
2072.0,0,0.0,0.0,10.709302954393658,12,43.0,3.583333333333333,0.0,0.0,0,0.0,0.0,4.918140420177951,0.0,0.0,3,0,0.0,0.3569646929180189
2080.0,1,0.0,0.0,9.802837824999592,18,44.0,2.4444444444444446,1.0,0.0555555555555555,1,1.0,1.0,7.511427199856454,0.1111111111111111,0.1111111111111111,9,1,1.0,0.451215547614043
2088.0,4,11.0,0.55,9.376001837402992,20,22.0,1.1,0.0,0.0,4,12.0,11.0,6.959559385886148,0.9230769230769232,0.9230769230769232,13,4,12.0,0.4227396651102738
2096.0,8,55.0,3.4375,6.6566385642593975,16,56.0,3.5,34.0,2.125,8,55.0,43.0,5.09849057231402,3.928571428571429,3.928571428571429,14,8,55.0,0.3496504208364361
2104.0,8,112.0,6.588235294117647,6.848532280345144,17,113.0,6.647058823529412,57.0,3.3529411764705883,7,111.0,56.0,5.776997794114583,8.538461538461538,8.538461538461538,13,7,111.0,0.3855504614604323
2112.0,1,1.0,0.0625,8.488181763996932,16,141.0,8.8125,28.0,1.75,1,18.0,0.0,8.869273913298473,2.571428571428572,2.571428571428572,7,1,18.0,0.5959398516019722
2120.0,2,5.0,0.625,6.020318967889553,8,9.0,1.125,0.0,0.0,2,5.0,0.0,3.997312844764074,0.8333333333333334,0.8333333333333334,6,2,5.0,0.2308605004761441
2128.0,1,6.0,1.0,7.391900363503691,6,21.0,3.5,12.0,2.0,1,6.0,1.0,0.0,6.0,6.0,1,1,6.0,0.0
2136.0,1,14.0,4.666666666666667,4.825338515385307,3,18.0,6.0,0.0,0.0,1,14.0,8.0,0.0,14.0,14.0,1,1,14.0,0.0
2144.0,1,22.0,7.333333333333333,6.600699811745067,3,26.0,8.666666666666666,8.0,2.6666666666666665,1,22.0,8.0,3.7801685444484474,11.0,11.0,2,1,22.0,0.2100215074504759
2152.0,2,35.0,5.0,6.374609243453345,7,39.0,5.571428571428571,13.0,1.8571428571428568,2,35.0,13.0,3.4612438595484747,11.666666666666666,11.666666666666666,3,2,35.0,0.2263688674973255
2160.0,2,14.0,1.75,6.453942628741036,8,47.0,5.875,8.0,1.0,2,14.0,0.0,4.124440425965666,3.5,3.5,4,2,14.0,0.2677727069248784
2168.0,5,38.0,3.1666666666666665,4.845171585128006,12,71.0,5.916666666666667,24.0,2.0,5,38.0,24.0,3.1034946218965205,4.222222222222222,4.222222222222222,9,5,38.0,0.1778457739593377
2176.0,2,5.0,0.4166666666666667,6.305446571878949,12,100.0,8.333333333333334,29.0,2.4166666666666665,2,30.0,0.0,4.195912686224572,4.285714285714286,4.285714285714286,7,2,30.0,0.2234211313923669
2184.0,2,14.0,1.2727272727272727,9.505178133113931,11,65.0,5.909090909090909,0.0,0.0,1,9.0,0.0,2.422357644614241,3.0,3.0,3,1,9.0,0.1258765527204396
2192.0,1,0.0,0.0,7.938780950763443,9,18.0,2.0,0.0,0.0,1,0.0,0.0,6.2477872615548335,0.0,0.0,6,1,0.0,0.349792909988695
2200.0,2,11.0,1.375,6.127767487034502,8,12.0,1.5,0.0,0.0,2,11.0,11.0,5.385636132476848,1.5714285714285714,1.5714285714285714,7,2,11.0,0.3276455715837678
2208.0,0,0.0,0.0,9.569398888829614,8,25.0,3.125,13.0,1.625,0,1.0,0.0,9.976965627030104,0.3333333333333333,0.3333333333333333,3,0,1.0,0.617248232862389
2216.0,1,0.0,0.0,8.571890663545629,5,1.0,0.2,0.0,0.0,0,0.0,0.0,4.763698699048856,0.0,0.0,1,0,0.0,0.3131663596495342
2224.0,1,1.0,0.1666666666666666,6.930699690755663,6,4.0,0.6666666666666666,3.0,0.5,1,1.0,1.0,5.782725576148757,0.3333333333333333,0.3333333333333333,3,1,1.0,0.3252152937762906
2232.0,4,14.0,1.75,4.080515678304891,8,15.0,1.875,11.0,1.375,4,15.0,14.0,3.70678745116633,2.142857142857143,2.142857142857143,7,4,15.0,0.2436870816786354
2240.0,5,47.0,4.7,5.529611838091426,10,48.0,4.8,33.0,3.3,5,48.0,33.0,5.221252603569461,5.333333333333333,5.333333333333333,9,5,48.0,0.3572616480247317
2248.0,1,3.0,0.2,7.151003691975861,15,76.0,5.066666666666666,28.0,1.8666666666666667,1,40.0,0.0,7.160121252525534,3.636363636363636,3.636363636363636,11,1,40.0,0.4546759976390204
2256.0,4,11.0,0.6470588235294118,5.63663526240324,17,52.0,3.0588235294117645,0.0,0.0,4,51.0,11.0,5.488374207698806,3.642857142857143,3.642857142857143,14,4,51.0,0.3631056995425402
2264.0,5,22.0,1.1578947368421053,6.258149016773369,19,96.0,5.052631578947368,44.0,2.3157894736842106,4,50.0,0.0,5.538423278279065,4.166666666666667,4.166666666666667,12,4,50.0,0.3721992282126534
2272.0,1,2.0,0.125,7.7089159814387616,16,52.0,3.25,0.0,0.0,1,11.0,0.0,7.229081886347789,1.375,1.375,8,1,11.0,0.4294347878421593
2280.0,4,8.0,0.5333333333333333,6.1555597210193485,15,32.0,2.1333333333333333,0.0,0.0,3,14.0,3.0,4.955916641662868,1.5555555555555556,1.5555555555555556,9,3,14.0,0.3403844893402252
2288.0,1,3.0,0.2,6.207506033794076,15,36.0,2.4,4.0,0.2666666666666666,1,15.0,1.0,4.654246971839161,1.6666666666666667,1.6666666666666667,9,1,15.0,0.3185860420265686
2296.0,5,19.0,1.1176470588235294,6.576425419230391,17,37.0,2.176470588235294,1.0,0.0588235294117647,4,31.0,16.0,5.744717190899521,2.8181818181818183,2.8181818181818183,11,4,31.0,0.4127653631792986
2304.0,6,53.0,3.117647058823529,7.58813172111647,17,74.0,4.352941176470588,37.0,2.176470588235294,6,65.0,34.0,6.557067640144928,5.0,5.0,13,6,65.0,0.4652402371309884
2312.0,4,19.0,0.95,6.853833053553411,20,107.0,5.35,33.0,1.65,2,59.0,0.0,7.266181133160665,5.363636363636363,5.363636363636363,11,2,59.0,0.4898050650023187
2320.0,2,3.0,0.1666666666666666,6.525513258416169,18,58.0,3.2222222222222223,0.0,0.0,2,20.0,0.0,7.562293360992629,2.0,2.0,10,2,20.0,0.4733959937572224
2328.0,5,38.0,2.111111111111111,7.888114908403583,18,48.0,2.6666666666666665,0.0,0.0,4,30.0,10.0,6.587806813260355,2.727272727272727,2.727272727272727,11,4,30.0,0.4489836931472059
2336.0,5,22.0,1.1578947368421053,6.759178633994817,19,69.0,3.631578947368421,21.0,1.105263157894737,5,31.0,1.0,5.423021339047301,2.3846153846153846,2.3846153846153846,13,5,31.0,0.3936677178914451
2344.0,4,41.0,2.1578947368421053,7.082643692234695,19,67.0,3.526315789473684,0.0,0.0,4,54.0,23.0,6.13600982198572,4.153846153846154,4.153846153846154,13,4,54.0,0.4425997317051793
2352.0,5,58.0,2.636363636363636,6.485540622379293,22,86.0,3.909090909090909,19.0,0.8636363636363636,4,70.0,16.0,4.716153599248863,5.384615384615385,5.384615384615385,13,4,70.0,0.3261249498713701
2360.0,7,98.0,4.260869565217392,3.922750255593256,23,119.0,5.173913043478261,33.0,1.434782608695652,7,111.0,41.0,3.9106564136962136,5.55,5.55,20,7,111.0,0.2729285102689661
2368.0,9,161.0,6.708333333333333,4.493369623916602,24,182.0,7.583333333333333,63.0,2.625,9,176.0,65.0,3.710890186779748,9.263157894736842,9.263157894736842,19,9,176.0,0.2612803411337329
2376.0,5,123.0,5.125,7.381230323838184,24,226.0,9.416666666666666,44.0,1.8333333333333333,5,164.0,0.0,5.70924884942623,9.647058823529411,9.647058823529411,17,5,164.0,0.3878903137403408
2384.0,9,167.0,7.590909090909091,6.599763377046168,22,190.0,8.636363636363637,0.0,0.0,9,167.0,3.0,5.136333523232954,8.789473684210526,8.789473684210526,19,9,167.0,0.3547756263359163
2392.0,5,24.0,0.9230769230769232,6.290556628879726,26,206.0,7.923076923076923,16.0,0.6153846153846154,5,60.0,0.0,5.164473183293351,3.0,3.0,20,5,60.0,0.3447482660982272
2400.0,8,13.0,0.40625,6.049920762204689,32,170.0,5.3125,0.0,0.0,6,51.0,0.0,6.077262770121936,2.3181818181818183,2.3181818181818183,22,6,51.0,0.397067259648776
2408.0,13,82.0,2.342857142857143,6.180991038913175,35,212.0,6.057142857142857,42.0,1.2,11,105.0,54.0,4.9407272533853055,4.2,4.2,25,11,105.0,0.3209527829342551
2416.0,4,9.0,0.2647058823529412,5.770211971389262,34,278.0,8.176470588235293,66.0,1.9411764705882355,3,61.0,0.0,4.138825553712402,2.772727272727273,2.772727272727273,22,3,61.0,0.2588435693347384
2424.0,11,64.0,1.9393939393939397,6.402777693367571,33,231.0,7.0,0.0,0.0,7,74.0,13.0,3.645661125211941,4.352941176470588,4.352941176470588,17,7,74.0,0.2259850253883212
2432.0,7,11.0,0.3548387096774194,4.546565811812444,31,224.0,7.225806451612903,0.0,0.0,5,70.0,0.0,3.564650178107652,3.0434782608695654,3.0434782608695654,23,5,70.0,0.2106048167151752
2440.0,15,88.0,2.5142857142857142,5.331502666795496,35,300.0,8.571428571428571,76.0,2.1714285714285717,13,108.0,38.0,3.330121370432664,4.695652173913044,4.695652173913044,23,13,108.0,0.2176028056090426
2448.0,4,6.0,0.1578947368421052,5.803331145492972,38,341.0,8.973684210526315,41.0,1.0789473684210529,4,92.0,0.0,4.713434819718517,4.0,4.0,23,4,92.0,0.328244372279191
2456.0,11,21.0,0.4883720930232558,6.59891575272168,43,282.0,6.558139534883721,0.0,0.0,9,79.0,0.0,5.242126900137984,2.7241379310344827,2.7241379310344827,29,9,79.0,0.3598269250856211
2464.0,7,23.0,0.5476190476190477,4.937121284184573,42,206.0,4.904761904761905,0.0,0.0,6,77.0,0.0,3.9680925302485326,2.851851851851852,2.851851851851852,27,6,77.0,0.2695145308783765
2472.0,14,104.0,2.4761904761904763,6.188063081512242,42,241.0,5.738095238095238,35.0,0.8333333333333334,10,123.0,46.0,4.551970532060073,5.125,5.125,24,10,123.0,0.3003978082940599
2480.0,8,25.0,0.6097560975609756,3.5502574325794667,41,291.0,7.097560975609756,50.0,1.2195121951219512,7,115.0,0.0,2.3232775371374554,4.423076923076923,4.423076923076923,26,7,115.0,0.1609652246831538
2488.0,20,100.0,2.272727272727273,4.983649921582536,44,351.0,7.977272727272727,60.0,1.3636363636363635,14,145.0,30.0,2.6518991780784837,6.041666666666667,6.041666666666667,24,14,145.0,0.1847934628335955
2496.0,18,149.0,4.027027027027027,3.331583215714516,37,456.0,12.324324324324325,105.0,2.8378378378378377,13,244.0,99.0,2.0731227585226795,10.166666666666666,10.166666666666666,24,13,244.0,0.1590479443664949
2504.0,13,134.0,3.7222222222222223,3.3828585515878125,36,465.0,12.916666666666666,9.0,0.25,8,225.0,0.0,2.606982631258811,9.375,9.375,24,8,225.0,0.1930944781762756
2512.0,12,215.0,5.972222222222222,5.060198661034954,36,553.0,15.36111111111111,88.0,2.4444444444444446,7,237.0,12.0,4.037112052341112,10.772727272727272,10.772727272727272,22,7,237.0,0.3123641061681196
2520.0,10,46.0,1.3142857142857145,4.670135124532649,35,562.0,16.057142857142857,9.0,0.2571428571428571,10,247.0,10.0,3.5736431267697277,10.291666666666666,10.291666666666666,24,10,247.0,0.2653740278835466
2528.0,9,46.0,1.3142857142857145,5.18707582361782,35,586.0,16.742857142857144,24.0,0.6857142857142857,8,306.0,59.0,3.587294204683531,13.909090909090908,13.909090909090908,22,8,306.0,0.2665112937572553
2536.0,7,22.0,0.6285714285714286,6.420915077414754,35,621.0,17.742857142857144,35.0,1.0,5,305.0,0.0,4.019916664424254,13.863636363636363,13.863636363636363,22,5,305.0,0.2848755351679966
2544.0,10,56.0,1.75,5.97049813784653,32,578.0,18.0625,0.0,0.0,10,301.0,0.0,3.9425599341357858,14.333333333333334,14.333333333333334,21,10,301.0,0.2649532299668707
2552.0,10,73.0,2.433333333333333,6.129804962385411,30,600.0,20.0,22.0,0.7333333333333333,10,363.0,62.0,4.252493601767008,15.782608695652174,15.782608695652174,23,10,363.0,0.3062225050264326
2560.0,5,44.0,1.4193548387096775,8.13406436667193,31,579.0,18.677419354838708,0.0,0.0,4,273.0,0.0,6.663221127853279,14.36842105263158,14.36842105263158,19,4,273.0,0.4803242885743876
2568.0,1,1.0,0.0384615384615384,8.467788841832354,26,446.0,17.153846153846153,0.0,0.0,1,229.0,0.0,7.069886561688026,12.72222222222222,12.72222222222222,18,1,229.0,0.5236171942371565
2576.0,6,34.0,1.4782608695652173,6.902337007646287,23,330.0,14.347826086956522,0.0,0.0,6,221.0,0.0,6.528562382426008,11.05,11.05,20,6,221.0,0.4807303334650573
2584.0,7,52.0,2.1666666666666665,6.364959663455248,24,328.0,13.666666666666666,0.0,0.0,7,140.0,0.0,5.96794582710382,6.666666666666667,6.666666666666667,21,7,140.0,0.4239082118120257
2592.0,4,12.0,0.4285714285714285,7.301882238584434,28,378.0,13.5,50.0,1.7857142857142858,4,104.0,0.0,6.7147785633323895,5.2,5.2,20,4,104.0,0.4932426489477118
2600.0,4,36.0,1.2857142857142858,9.573161219275892,28,338.0,12.071428571428571,0.0,0.0,3,91.0,0.0,8.540307416483873,5.6875,5.6875,16,3,91.0,0.6020894728546397
2608.0,3,29.0,1.318181818181818,7.896005795052952,22,286.0,13.0,0.0,0.0,3,29.0,0.0,7.512386322765711,1.7058823529411764,1.7058823529411764,17,3,29.0,0.5265099921715813
2616.0,7,73.0,3.0416666666666665,6.731560089368891,24,220.0,9.166666666666666,0.0,0.0,7,73.0,44.0,6.126162313389217,3.3181818181818183,3.3181818181818183,22,7,73.0,0.4308778706117678
2624.0,13,151.0,5.033333333333333,5.707152723873453,30,231.0,7.7,11.0,0.3666666666666666,13,151.0,78.0,5.386537903767692,5.206896551724138,5.206896551724138,29,13,151.0,0.3709352645099745
2632.0,8,122.0,3.4857142857142858,6.06078693807989,35,319.0,9.114285714285714,88.0,2.5142857142857142,8,166.0,15.0,5.468705540014155,5.724137931034483,5.724137931034483,29,8,166.0,0.3868012051045951
2640.0,12,192.0,5.485714285714286,7.165589234666548,35,251.0,7.171428571428572,0.0,0.0,12,192.0,26.0,5.416025639511381,7.111111111111111,7.111111111111111,27,12,192.0,0.401911468173329
2648.0,13,290.0,8.787878787878787,6.955454640282523,33,290.0,8.787878787878787,39.0,1.181818181818182,13,290.0,98.0,5.576425560915885,10.357142857142858,10.357142857142858,28,13,290.0,0.4068326870238962
2656.0,19,405.0,11.911764705882351,4.3291774360751605,34,405.0,11.911764705882351,115.0,3.3823529411764706,19,405.0,115.0,4.061204811559552,12.272727272727272,12.272727272727272,33,19,405.0,0.2927813645833789
2664.0,11,112.0,2.871794871794872,5.304708827062868,39,532.0,13.64102564102564,127.0,3.2564102564102564,11,299.0,0.0,4.739559916012746,9.06060606060606,9.06060606060606,33,11,299.0,0.3314642777886881
2672.0,11,106.0,2.65,7.451021028372688,40,395.0,9.875,0.0,0.0,10,127.0,0.0,5.148329576140845,4.379310344827586,4.379310344827586,29,10,127.0,0.3501143781639015
2680.0,17,180.0,4.864864864864865,4.564748651514623,37,266.0,7.1891891891891895,0.0,0.0,17,208.0,81.0,4.001856508189425,6.303030303030303,6.303030303030303,33,17,208.0,0.2821611267232548
2688.0,16,272.0,6.476190476190476,4.9656539234044885,42,372.0,8.857142857142858,106.0,2.523809523809524,15,292.0,84.0,4.317301313766524,8.588235294117647,8.588235294117647,34,15,292.0,0.2957889757345876
2696.0,14,125.0,2.9069767441860463,5.180404651288272,43,439.0,10.209302325581396,67.0,1.558139534883721,14,281.0,0.0,4.524405331882672,7.805555555555555,7.805555555555555,36,14,281.0,0.3090777726553472
2704.0,11,103.0,2.452380952380953,6.890090507589998,42,366.0,8.714285714285714,0.0,0.0,11,209.0,0.0,4.948598715116701,6.741935483870968,6.741935483870968,31,11,209.0,0.3542929551385199
2712.0,9,100.0,2.7777777777777777,7.252285951348856,36,267.0,7.416666666666667,0.0,0.0,9,149.0,0.0,5.791240731881143,5.518518518518518,5.518518518518518,27,9,149.0,0.399925984130671
2720.0,11,141.0,4.40625,7.008738754758912,32,249.0,7.78125,0.0,0.0,11,196.0,47.0,5.737133724527838,7.84,7.84,25,11,196.0,0.4003447053985022
2728.0,4,13.0,0.4193548387096774,6.326136391523494,31,292.0,9.419354838709678,43.0,1.3870967741935485,4,77.0,0.0,5.507046630680146,3.6666666666666665,3.6666666666666665,21,4,77.0,0.362174232976646
2736.0,8,68.0,2.6153846153846154,8.934034887652002,26,190.0,7.3076923076923075,0.0,0.0,7,69.0,0.0,6.573574674954274,4.0588235294117645,4.0588235294117645,17,7,69.0,0.426302795678293
2744.0,5,14.0,0.7,6.389873599035378,20,149.0,7.45,0.0,0.0,5,55.0,0.0,5.151131547165318,3.928571428571429,3.928571428571429,14,5,55.0,0.3724063367099252
2752.0,2,10.0,0.5555555555555556,10.581545163278424,18,83.0,4.611111111111111,0.0,0.0,2,19.0,0.0,8.172699739467806,1.7272727272727273,1.7272727272727273,11,2,19.0,0.5836667623472098
2760.0,2,4.0,0.2857142857142857,8.598425998864242,14,38.0,2.7142857142857144,0.0,0.0,2,9.0,0.0,8.004302113002547,0.75,0.75,12,2,9.0,0.5710132766461692
2768.0,3,27.0,1.9285714285714288,8.949847074348646,14,32.0,2.2857142857142856,0.0,0.0,3,32.0,23.0,8.136031168158416,2.4615384615384617,2.4615384615384617,13,3,32.0,0.5629728987195842
2776.0,0,0.0,0.0,8.258520238481383,13,52.0,4.0,20.0,1.5384615384615383,0,18.0,0.0,8.23543903662721,1.8,1.8,10,0,18.0,0.5666528996979523
2784.0,3,13.0,1.4444444444444444,5.444920639568186,9,31.0,3.4444444444444446,0.0,0.0,3,31.0,13.0,5.444920639568185,3.4444444444444446,3.4444444444444446,9,3,31.0,0.3648750436058767
2792.0,3,6.0,0.5,3.2827071447717544,12,60.0,5.0,29.0,2.4166666666666665,3,25.0,0.0,2.350117761493696,2.5,2.5,10,3,25.0,0.1562715502818903
2800.0,1,2.0,0.1666666666666666,9.982304684360432,12,33.0,2.75,0.0,0.0,1,10.0,0.0,7.494778619814166,1.25,1.25,8,1,10.0,0.5234772232596967
2808.0,4,20.0,1.818181818181818,6.861250524142002,11,28.0,2.5454545454545454,0.0,0.0,4,28.0,18.0,6.861250524142002,2.5454545454545454,2.5454545454545454,11,4,28.0,0.5013853877073225
2816.0,4,52.0,3.7142857142857135,8.13706036670786,14,60.0,4.285714285714286,32.0,2.2857142857142856,4,60.0,32.0,8.13706036670786,4.285714285714286,4.285714285714286,14,4,60.0,0.5920394921879223
2824.0,5,61.0,4.066666666666666,7.502620248145448,15,90.0,6.0,30.0,2.0,5,69.0,9.0,7.380645267779831,4.928571428571429,4.928571428571429,14,5,69.0,0.5408666936644217
2832.0,4,11.0,0.6470588235294118,4.908250014668668,17,105.0,6.176470588235294,15.0,0.8823529411764706,4,52.0,0.0,4.564625329534128,3.466666666666667,3.466666666666667,15,4,52.0,0.3292622878752391
2840.0,0,0.0,0.0,8.291706659061484,20,59.0,2.95,0.0,0.0,0,13.0,0.0,6.507134713723987,0.8125,0.8125,16,0,13.0,0.4499334041996043
2848.0,4,10.0,0.4761904761904761,8.790450908511572,21,18.0,0.8571428571428571,0.0,0.0,4,10.0,0.0,7.159287165456657,0.5882352941176471,0.5882352941176471,17,4,10.0,0.4852328729969172
2856.0,7,40.0,1.7391304347826086,7.217857421645663,23,40.0,1.7391304347826086,22.0,0.9565217391304348,7,40.0,30.0,6.127386997732652,1.9047619047619049,1.9047619047619049,21,7,40.0,0.4144638010524835
2864.0,11,97.0,3.4642857142857144,5.518648704154865,28,97.0,3.4642857142857144,57.0,2.0357142857142856,11,97.0,57.0,5.518648704154865,3.4642857142857144,3.4642857142857144,28,11,97.0,0.3830932893266503
2872.0,5,14.0,0.4242424242424242,5.670612394891944,33,160.0,4.848484848484849,63.0,1.9090909090909087,5,76.0,0.0,5.396681316117812,2.6206896551724137,2.6206896551724137,29,5,76.0,0.3712035818568682
2880.0,6,33.0,0.9428571428571428,8.03323291864161,35,111.0,3.1714285714285717,0.0,0.0,6,35.0,0.0,6.53391749402675,1.4,1.4,25,6,35.0,0.4367442946098424
2888.0,11,99.0,2.675675675675676,8.191225881715967,37,121.0,3.27027027027027,10.0,0.2702702702702703,10,97.0,62.0,6.095526465087104,3.730769230769231,3.730769230769231,26,10,97.0,0.4057686990314892
2896.0,7,62.0,1.7222222222222223,7.797426860167298,36,183.0,5.083333333333333,62.0,1.7222222222222223,7,118.0,21.0,6.363273663323605,4.538461538461538,4.538461538461538,26,7,118.0,0.4451701482054353
2904.0,7,29.0,0.7435897435897436,8.575101665981508,39,174.0,4.461538461538462,0.0,0.0,6,82.0,0.0,6.563025801017921,3.4166666666666665,3.4166666666666665,24,6,82.0,0.4592285817828473
2912.0,3,11.0,0.3793103448275862,7.500790090897672,29,100.0,3.4482758620689653,0.0,0.0,3,61.0,0.0,6.260571945449211,2.772727272727273,2.772727272727273,22,3,61.0,0.4431815795419953
2920.0,11,75.0,2.586206896551724,6.462339360792335,29,135.0,4.655172413793103,35.0,1.206896551724138,11,115.0,54.0,5.153842727776623,4.6,4.6,25,11,115.0,0.3628879451363882
2928.0,11,108.0,3.4838709677419355,5.752330582389808,31,213.0,6.870967741935484,78.0,2.5161290322580645,11,146.0,31.0,4.592970226891502,5.84,5.84,25,11,146.0,0.3329504267464987
2936.0,1,6.0,0.1875,8.364084509672129,32,208.0,6.5,0.0,0.0,1,80.0,0.0,8.0330668794783,3.4782608695652173,3.4782608695652173,23,1,80.0,0.5531930434546786
2944.0,8,31.0,1.0,8.832171512517338,31,165.0,5.32258064516129,0.0,0.0,6,41.0,0.0,7.427312613379841,1.8636363636363635,1.8636363636363635,22,6,41.0,0.5287387766341302
2952.0,11,97.0,3.3448275862068964,7.461942708745292,29,155.0,5.344827586206897,0.0,0.0,9,91.0,50.0,6.614712927659005,3.9565217391304346,3.9565217391304346,23,9,91.0,0.467475163902787
2960.0,6,16.0,0.5714285714285714,6.930637992100062,28,205.0,7.321428571428571,50.0,1.7857142857142858,6,97.0,6.0,5.766026342862282,4.409090909090909,4.409090909090909,22,6,97.0,0.3953797709379484
2968.0,4,17.0,0.5862068965517241,8.524349938814888,29,150.0,5.172413793103448,0.0,0.0,4,24.0,0.0,7.170717226244058,1.263157894736842,1.263157894736842,19,4,24.0,0.4513758274659116
2976.0,3,10.0,0.3448275862068966,8.754426109364058,29,112.0,3.8620689655172415,0.0,0.0,3,24.0,0.0,5.642072399297601,1.5,1.5,16,3,24.0,0.3397921390893327
2984.0,8,55.0,2.2,8.867726433910152,25,120.0,4.8,8.0,0.32,8,57.0,33.0,5.354710431737327,4.071428571428571,4.071428571428571,14,8,57.0,0.3722333699840315
2992.0,1,10.0,0.4545454545454545,8.879538284738059,22,135.0,6.136363636363637,15.0,0.6818181818181818,1,44.0,0.0,6.981648266139402,3.6666666666666665,3.6666666666666665,12,1,44.0,0.4907952115091731
3000.0,4,10.0,0.5,8.693452849022632,20,85.0,4.25,0.0,0.0,4,10.0,0.0,6.484163491025263,0.7692307692307693,0.7692307692307693,13,4,10.0,0.5045646847852219
3008.0,5,42.0,1.68,8.613761552751896,25,117.0,4.68,32.0,1.28,5,42.0,32.0,6.951082597593049,2.333333333333333,2.333333333333333,18,5,42.0,0.4832974900659259
3016.0,1,0.0,0.0,8.007428364385275,30,125.0,4.166666666666667,8.0,0.2666666666666666,1,4.0,0.0,6.947358463886879,0.2857142857142857,0.2857142857142857,14,1,4.0,0.4769991307879997
3024.0,6,26.0,0.8666666666666667,8.880450513454837,30,69.0,2.3,0.0,0.0,6,26.0,22.0,6.71121724262687,1.5294117647058822,1.5294117647058822,17,6,26.0,0.4379943592135446
3032.0,4,33.0,1.2222222222222223,8.163706797903798,27,84.0,3.111111111111111,15.0,0.5555555555555556,4,34.0,8.0,5.876581846069669,2.833333333333333,2.833333333333333,12,4,34.0,0.3709472446394695
3040.0,7,76.0,2.814814814814815,9.145379289498983,27,119.0,4.407407407407407,35.0,1.2962962962962965,7,76.0,42.0,5.150203231618765,5.428571428571429,5.428571428571429,14,7,76.0,0.3604126561916159
3048.0,4,63.0,2.423076923076923,8.376631101205737,26,148.0,5.6923076923076925,29.0,1.1153846153846154,4,92.0,16.0,5.600038864751543,6.133333333333334,6.133333333333334,15,4,92.0,0.4143962809943712
3056.0,3,24.0,1.2,10.290359112367575,20,133.0,6.65,0.0,0.0,3,24.0,0.0,8.114691815578043,2.4,2.4,10,3,24.0,0.6241968963477845
3064.0,0,0.0,0.0,9.498026502549274,15,33.0,2.2,0.0,0.0,0,0.0,0.0,9.303105406718103,0.0,0.0,10,0,0.0,0.7246277398871098
3072.0,1,4.0,0.2352941176470588,9.297572477656315,17,24.0,1.411764705882353,0.0,0.0,1,4.0,4.0,8.415336026235844,0.3076923076923077,0.3076923076923077,13,1,4.0,0.6366987626321735
3080.0,1,1.0,0.0476190476190476,10.588328531587967,21,31.0,1.4761904761904765,7.0,0.3333333333333333,0,0.0,0.0,9.780686504326283,0.0,0.0,11,0,0.0,0.7202036839779801
3088.0,2,10.0,0.5,10.74026642196988,20,39.0,1.95,8.0,0.4,2,11.0,11.0,9.454982648552855,0.8461538461538461,0.8461538461538461,13,2,11.0,0.6474273916282487
3096.0,3,9.0,0.4736842105263157,8.495349173978333,19,33.0,1.736842105263158,0.0,0.0,3,10.0,0.0,8.09979997481279,0.7692307692307693,0.7692307692307693,13,3,10.0,0.5465378478265827
3104.0,8,42.0,1.9090909090909087,6.9947606904111375,22,66.0,3.0,33.0,1.5,7,37.0,27.0,4.560252490746428,2.466666666666667,2.466666666666667,15,7,37.0,0.2879992318044804
3112.0,5,7.0,0.3181818181818182,5.038399436170803,22,88.0,4.0,22.0,1.0,5,24.0,0.0,3.300449255595725,1.6,1.6,15,5,24.0,0.1913332903728436
3120.0,6,17.0,0.68,5.498261229619147,25,76.0,3.04,0.0,0.0,6,35.0,11.0,3.0023983334280686,2.1875,2.1875,16,6,35.0,0.1783771393337293
3128.0,10,86.0,3.3076923076923075,5.8122908364457215,26,124.0,4.769230769230769,48.0,1.8461538461538465,10,104.0,69.0,1.234521797942218,6.933333333333334,6.933333333333334,15,10,104.0,0.0739878761411629
3136.0,9,61.0,2.033333333333333,5.257663774715366,30,203.0,6.766666666666667,79.0,2.6333333333333333,9,109.0,5.0,0.8996477833248413,6.8125,6.8125,16,9,109.0,0.0469777743204678
3144.0,3,24.0,0.8571428571428571,9.062864946721168,28,175.0,6.25,0.0,0.0,3,89.0,0.0,5.41534326448518,6.357142857142857,6.357142857142857,14,3,89.0,0.3069339431284098
3152.0,4,11.0,0.44,8.18195162657201,25,189.0,7.56,14.0,0.56,4,76.0,0.0,3.1158579686608063,6.909090909090909,6.909090909090909,11,4,76.0,0.1607263682279077
3160.0,3,7.0,0.2592592592592592,7.918615268441954,27,221.0,8.185185185185185,32.0,1.1851851851851851,3,63.0,0.0,2.831536818563141,5.25,5.25,12,3,63.0,0.1746337841939063
3168.0,4,23.0,0.9583333333333334,9.828168759057442,24,172.0,7.166666666666667,0.0,0.0,4,35.0,0.0,4.442383335436456,3.888888888888889,3.888888888888889,9,4,35.0,0.2479854724928454
3176.0,9,68.0,2.833333333333333,6.628327610450872,24,189.0,7.875,17.0,0.7083333333333334,9,71.0,36.0,0.89500899366639,5.461538461538462,5.461538461538462,13,9,71.0,0.0609933410682265
3184.0,4,32.0,1.28,7.486864034871639,25,224.0,8.96,35.0,1.4,4,61.0,0.0,2.856576827150976,5.083333333333333,5.083333333333333,12,4,61.0,0.1986654455297431
3192.0,7,22.0,1.0476190476190477,6.117559928539976,21,178.0,8.476190476190476,0.0,0.0,7,49.0,0.0,1.311446398536936,4.454545454545454,4.454545454545454,11,7,49.0,0.093433713920641
3200.0,7,51.0,2.55,4.817796552591744,20,191.0,9.55,13.0,0.65,7,86.0,37.0,1.366856423136643,6.142857142857143,6.142857142857143,14,7,86.0,0.1010794320679673
3208.0,4,11.0,0.44,5.135634941873423,25,212.0,8.48,21.0,0.84,4,67.0,0.0,1.939504306975356,4.466666666666667,4.466666666666667,15,4,67.0,0.1331361058797652
3216.0,7,21.0,0.8076923076923077,5.598553161753064,26,173.0,6.653846153846154,0.0,0.0,7,90.0,23.0,3.2717472177597164,4.7368421052631575,4.7368421052631575,19,7,90.0,0.194855368779675
3224.0,6,19.0,0.6785714285714286,5.687701053230088,28,220.0,7.857142857142857,47.0,1.6785714285714286,6,82.0,0.0,1.9419001519746997,5.125,5.125,16,6,82.0,0.1379541208471094
3232.0,8,30.0,1.0344827586206895,6.800540284526843,29,244.0,8.413793103448276,24.0,0.8275862068965517,8,100.0,18.0,2.3795704355806584,5.882352941176471,5.882352941176471,17,8,100.0,0.1536224087199621
3240.0,7,36.0,1.2857142857142858,5.652053452518531,28,230.0,8.214285714285714,0.0,0.0,7,103.0,3.0,1.9200174477510723,6.866666666666666,6.866666666666666,15,7,103.0,0.1229878439040818
3248.0,9,48.0,1.4545454545454546,5.652890112247562,33,273.0,8.272727272727273,43.0,1.303030303030303,9,140.0,37.0,1.7066295916532137,7.0,7.0,20,9,140.0,0.0933951650427351
3256.0,8,58.0,1.7575757575757576,5.475797445842823,33,294.0,8.909090909090908,21.0,0.6363636363636364,8,143.0,3.0,2.572971311953112,7.15,7.15,20,8,143.0,0.1446313614225465
3264.0,8,89.0,2.696969696969697,7.854419849581256,33,301.0,9.12121212121212,7.0,0.2121212121212121,7,104.0,0.0,2.9090433954226347,6.933333333333334,6.933333333333334,15,7,104.0,0.2160435317376777
3272.0,5,16.0,0.4848484848484848,8.483381026730328,33,334.0,10.12121212121212,33.0,1.0,5,51.0,0.0,2.967402738720252,5.666666666666667,5.666666666666667,9,5,51.0,0.1434887116528606
3280.0,7,68.0,2.6153846153846154,8.282058555609023,26,323.0,12.423076923076923,0.0,0.0,7,99.0,48.0,1.4756243825843338,9.9,9.9,10,7,99.0,0.0923066053215792
3288.0,5,38.0,1.5833333333333333,7.192046272990193,24,281.0,11.708333333333334,0.0,0.0,5,72.0,0.0,2.425177626214328,6.545454545454546,6.545454545454546,11,5,72.0,0.1428247904053519
3296.0,3,7.0,0.35,7.790698336204622,20,198.0,9.9,0.0,0.0,3,23.0,0.0,4.558118409595336,2.3,2.3,10,3,23.0,0.2626047280870237
3304.0,2,7.0,0.3888888888888889,7.867959466055082,18,141.0,7.833333333333333,0.0,0.0,2,18.0,0.0,4.3636670065502345,2.25,2.25,8,2,18.0,0.2366066467599424
3312.0,2,10.0,0.5555555555555556,7.851370483297384,18,114.0,6.333333333333333,0.0,0.0,2,21.0,3.0,4.184062263142304,2.625,2.625,8,2,21.0,0.2026304420030107
3320.0,4,28.0,1.4,9.615204210010472,20,106.0,5.3,0.0,0.0,4,38.0,17.0,4.251464314256239,5.428571428571429,5.428571428571429,7,4,38.0,0.2070488545890481
3328.0,2,42.0,2.210526315789474,9.768519154517971,19,89.0,4.684210526315789,0.0,0.0,2,52.0,14.0,5.010778838627618,8.666666666666666,8.666666666666666,6,2,52.0,0.266914047604135
3336.0,2,9.0,0.5,8.98720550006604,18,88.0,4.888888888888889,0.0,0.0,2,9.0,0.0,4.162717030849865,1.2857142857142858,1.2857142857142858,7,2,9.0,0.2355819123831684
3344.0,0,0.0,0.0,8.510960971956317,17,33.0,1.9411764705882355,0.0,0.0,0,0.0,0.0,6.584505643057117,0.0,0.0,8,0,0.0,0.3874563637202803
3352.0,4,16.0,0.8888888888888888,8.79194328172454,18,32.0,1.7777777777777777,0.0,0.0,2,8.0,8.0,5.744548596450044,1.3333333333333333,1.3333333333333333,6,2,8.0,0.2928183294966425
3360.0,3,25.0,1.3157894736842106,8.653376594252228,19,52.0,2.736842105263158,20.0,1.0526315789473684,3,25.0,17.0,5.18994652790724,2.5,2.5,10,3,25.0,0.2800863852806793
3368.0,7,36.0,1.6363636363636365,7.009919859017082,22,94.0,4.2727272727272725,42.0,1.9090909090909087,7,37.0,12.0,2.2741154524382696,3.363636363636364,3.363636363636364,11,7,37.0,0.1251878029468209
3376.0,1,0.0,0.0,8.009789806814803,23,104.0,4.521739130434782,10.0,0.4347826086956521,1,3.0,0.0,3.996138353547977,0.4285714285714285,0.4285714285714285,7,1,3.0,0.2012816082878894
3384.0,2,13.0,0.7647058823529411,8.893035263294921,17,87.0,5.117647058823529,0.0,0.0,0,0.0,0.0,8.021014958461134,0.0,0.0,5,0,0.0,0.4013563870574975
3392.0,0,0.0,0.0,10.883965113188268,19,85.0,4.473684210526316,0.0,0.0,0,0.0,0.0,9.768069733213634,0.0,0.0,3,0,0.0,0.4895076627736898
3400.0,0,0.0,0.0,11.014996429597508,17,58.0,3.411764705882353,0.0,0.0,0,0.0,0.0,8.551963721629654,0.0,0.0,3,0,0.0,0.514945697055141
3408.0,2,4.0,0.2352941176470588,10.010545562651554,17,61.0,3.588235294117647,3.0,0.1764705882352941,1,4.0,4.0,4.403090084545936,1.3333333333333333,1.3333333333333333,3,1,4.0,0.2288356797740399
3416.0,2,12.0,0.7058823529411765,9.03979120272538,17,67.0,3.941176470588236,6.0,0.3529411764705882,1,12.0,8.0,7.184741755864924,1.7142857142857142,1.7142857142857142,7,1,12.0,0.3943881789184963
3424.0,2,20.0,1.1764705882352942,9.084758231273184,17,31.0,1.8235294117647056,0.0,0.0,2,20.0,8.0,7.495583356236102,2.857142857142857,2.857142857142857,7,2,20.0,0.4414568996853351
3432.0,2,31.0,1.7222222222222223,9.086610175899931,18,39.0,2.1666666666666665,8.0,0.4444444444444444,2,31.0,11.0,5.708770003471757,3.875,3.875,8,2,31.0,0.3720570864847092
3440.0,3,45.0,2.5,6.494161080487282,18,54.0,3.0,15.0,0.8333333333333334,3,47.0,16.0,4.299628570880502,3.615384615384616,3.615384615384616,13,3,47.0,0.2740525406987239
3448.0,4,17.0,0.7391304347826086,6.000727169908636,23,80.0,3.4782608695652173,26.0,1.1304347826086956,4,20.0,0.0,3.81163027436574,1.3333333333333333,1.3333333333333333,15,4,20.0,0.2292179625529
3456.0,7,59.0,2.458333333333333,7.3146871787343715,24,82.0,3.4166666666666665,2.0,0.0833333333333333,7,60.0,40.0,3.631577459446668,4.285714285714286,4.285714285714286,14,7,60.0,0.2265115767861879
3464.0,3,7.0,0.3181818181818182,6.463582749867522,22,126.0,5.727272727272728,44.0,2.0,3,42.0,0.0,3.126979160574056,3.5,3.5,12,3,42.0,0.1863529480785244
3472.0,4,31.0,1.4761904761904765,9.651907366744638,21,90.0,4.285714285714286,0.0,0.0,4,31.0,0.0,3.683129073549727,4.428571428571429,4.428571428571429,7,4,31.0,0.1997452491855873
3480.0,2,5.0,0.3125,8.186575985733665,16,74.0,4.625,0.0,0.0,2,5.0,0.0,5.761262510922567,0.8333333333333334,0.8333333333333334,6,2,5.0,0.2673051146320814
3488.0,6,32.0,2.0,7.33954108105496,16,86.0,5.375,12.0,0.75,6,32.0,27.0,3.175692061967831,3.2,3.2,10,6,32.0,0.1856168967525315
3496.0,1,0.0,0.0,8.314848832058432,19,100.0,5.2631578947368425,14.0,0.7368421052631579,1,9.0,0.0,6.144619659378492,1.0,1.0,9,1,9.0,0.3904920328100975
3504.0,0,0.0,0.0,12.37762886647296,19,46.0,2.421052631578948,0.0,0.0,0,0.0,0.0,10.606546279919227,0.0,0.0,7,0,0.0,0.7101318018147202
3512.0,1,0.0,0.0,11.827200362345462,14,6.0,0.4285714285714285,0.0,0.0,1,0.0,0.0,10.014774041109735,0.0,0.0,8,1,0.0,0.661969564984764
3520.0,2,1.0,0.0666666666666666,10.40170809707184,15,7.0,0.4666666666666667,1.0,0.0666666666666666,1,1.0,1.0,7.476652271886577,0.1428571428571428,0.1428571428571428,7,1,1.0,0.4863984875556849
3528.0,3,13.0,0.8125,7.337604659188729,16,17.0,1.0625,10.0,0.625,3,13.0,12.0,4.128283733964169,1.625,1.625,8,3,13.0,0.2004498039986171
3536.0,7,31.0,1.8235294117647056,4.4692759139040215,17,48.0,2.823529411764706,31.0,1.8235294117647056,6,31.0,18.0,3.0032507253694907,2.8181818181818183,2.8181818181818183,11,6,31.0,0.1601194761258755
3544.0,0,0.0,0.0,6.910478974538816,18,69.0,3.8333333333333335,21.0,1.1666666666666667,0,10.0,0.0,5.217254172137603,1.1111111111111112,1.1111111111111112,9,0,10.0,0.2941086330246878
3552.0,2,5.0,0.3571428571428571,11.767353230823792,14,23.0,1.6428571428571428,0.0,0.0,1,0.0,0.0,6.885719486109957,0.0,0.0,4,1,0.0,0.459071973808116
3560.0,1,3.0,0.375,9.232641364584603,8,18.0,2.25,0.0,0.0,1,4.0,4.0,6.323881502149915,0.8,0.8,5,1,4.0,0.4496065228564668
3568.0,1,3.0,0.2727272727272727,7.360964613856154,11,10.0,0.9090909090909092,0.0,0.0,0,1.0,0.0,4.472698270979479,0.2,0.2,5,0,1.0,0.341459305697304
3576.0,1,0.0,0.0,10.914543788831503,16,12.0,0.75,2.0,0.125,1,0.0,0.0,7.339464535336556,0.0,0.0,7,1,0.0,0.4497640197749227
3584.0,1,4.0,0.2666666666666666,8.630281432043262,15,10.0,0.6666666666666666,0.0,0.0,1,4.0,4.0,5.782926181948774,0.4,0.4,10,1,4.0,0.3474611881774144
3592.0,6,31.0,1.7222222222222223,6.873098171413129,18,38.0,2.111111111111111,28.0,1.5555555555555556,6,32.0,28.0,3.011981064614473,2.6666666666666665,2.6666666666666665,12,6,32.0,0.1865168984239441
3600.0,8,79.0,4.647058823529412,5.356169221282953,17,86.0,5.0588235294117645,48.0,2.823529411764706,8,80.0,48.0,1.7466617395164965,7.272727272727272,7.272727272727272,11,8,80.0,0.1233606212501226
