step,system_total_stopped,system_total_waiting_time,system_mean_waiting_time,system_mean_speed,system_cars_present,system_accumulated_waiting_time (100),system_accumulated_mean_waiting_time (100),system_accumulated_waiting_time (delta),system_accumulated_mean_waiting_time (delta),agents_total_stopped,agents_total_accumulated_waiting_time (100),agents_total_accumulated_waiting_time (delta),agents_mean_speed,agents_mean_waiting_time (100),agents_mean_waiting_time (delta),agents_cars_present,Ing7_1_stopped,Ing7_1_accumulated_waiting_time,Ing7_1_average_speed,Ing7_2_stopped,Ing7_2_accumulated_waiting_time,Ing7_2_average_speed,Ing7_3_stopped,Ing7_3_accumulated_waiting_time,Ing7_3_average_speed,Ing7_4_stopped,Ing7_4_accumulated_waiting_time,Ing7_4_average_speed,Ing7_5_stopped,Ing7_5_accumulated_waiting_time,Ing7_5_average_speed,Ing7_6_stopped,Ing7_6_accumulated_waiting_time,Ing7_6_average_speed,Ing7_7_stopped,Ing7_7_accumulated_waiting_time,Ing7_7_average_speed
8.0,0.0,0.0,0.0,7.569653596030548,6.0,0.0,0.0,0.0,0.0,0.0,0.0,0.0,7.393777447612955,0.0,0.0,4.0,0.0,0.0,1.0,0.0,0.0,1.0,0.0,0.0,0.608006127492055,0.0,0.0,1.0,0.0,0.0,1.0,0.0,0.0,0.1319470856808137,0.0,0.0,0.8262416015075131
16.0,3.0,1.0,0.0666666666666666,5.956766820491698,15.0,1.0,0.0666666666666666,1.0,0.0666666666666666,2.0,1.0,1.0,3.8254671361506456,0.1666666666666666,0.1666666666666666,6.0,0.0,0.0,1.0,0.0,0.0,1.0,2.0,1.0,0.0971711298705965,0.0,0.0,1.0,0.0,0.0,0.564679865303627,0.0,0.0,0.5659941581688375,0.0,0.0,1.0
24.0,2.0,0.0,0.0,8.656244356264338,23.0,6.0,0.2608695652173913,5.0,0.217391304347826,0.0,0.0,0.0,10.688632275750962,0.0,0.0,9.0,0.0,0.0,1.0,0.0,0.0,1.0,0.0,0.0,0.6264059928036539,0.0,0.0,1.0,0.0,0.0,0.9492432692615748,0.0,0.0,0.7989145051470321,0.0,0.0,0.8756645033397055
32.0,3.0,5.0,0.15625,8.653471719114465,32.0,13.0,0.40625,7.0,0.21875,2.0,5.0,5.0,9.07129504823587,0.3846153846153846,0.3846153846153846,13.0,0.0,0.0,1.0,0.0,0.0,1.0,0.0,0.0,0.987884428923005,0.0,0.0,1.0,0.0,0.0,0.8633935476363973,0.0,0.0,0.6092340093086338,2.0,5.0,0.2682951091953163
40.0,3.0,8.0,0.1904761904761904,8.169073668517658,42.0,27.0,0.6428571428571429,14.0,0.3333333333333333,2.0,14.0,9.0,8.32478723020028,0.7368421052631579,0.7368421052631579,19.0,0.0,0.0,0.7460933693080539,0.0,5.0,0.6771335519412308,1.0,4.0,1.0350224507349044e-05,0.0,0.0,0.904383937431022,0.0,0.0,0.6677569761204679,1.0,4.0,0.5962822794714256,0.0,1.0,0.5760606118556104
48.0,8.0,28.0,0.5833333333333334,8.598977916424788,48.0,56.0,1.1666666666666667,29.0,0.6041666666666666,5.0,37.0,23.0,7.835379060919429,1.48,1.48,25.0,0.0,0.0,1.0,1.0,7.0,0.4923160258305675,0.0,0.0,1.0,0.0,0.0,0.8136780865676568,0.0,0.0,0.962277893901866,3.0,28.0,0.4980189126962577,1.0,2.0,0.4572642977774575
56.0,11.0,56.0,1.12,6.4902986486583805,50.0,129.0,2.58,73.0,1.46,11.0,70.0,33.0,4.19947418290481,2.5,2.5,28.0,0.0,0.0,1.0,0.0,0.0,1.0,0.0,0.0,1.0,3.0,12.0,0.2900740420133142,0.0,0.0,0.7828912389897911,8.0,58.0,0.2403502502500873,0.0,0.0,0.6396681011849693
64.0,6.0,17.0,0.2982456140350877,7.24517604976507,57.0,162.0,2.8421052631578947,33.0,0.5789473684210527,3.0,40.0,0.0,6.3404824707352265,1.9047619047619049,1.9047619047619049,21.0,0.0,0.0,1.0,0.0,3.0,0.9910389133193868,0.0,2.0,0.9475401584290708,2.0,12.0,0.0,0.0,6.0,0.8479594281942457,0.0,17.0,0.2917296190824573,1.0,0.0,0.3691914246575508
72.0,8.0,27.0,0.4426229508196721,7.667194933135974,61.0,200.0,3.278688524590164,38.0,0.6229508196721312,7.0,73.0,33.0,6.245607588360803,2.607142857142857,2.607142857142857,28.0,0.0,0.0,0.8920270032923496,1.0,6.0,0.0,1.0,2.0,0.495142244819823,0.0,0.0,0.907215209688909,0.0,13.0,0.912082059824215,5.0,49.0,0.0446291412105333,0.0,3.0,0.7261439788360189
80.0,7.0,29.0,0.4677419354838709,7.80821642575754,62.0,229.0,3.693548387096774,29.0,0.4677419354838709,4.0,51.0,0.0,6.575326822960072,2.833333333333333,2.833333333333333,18.0,0.0,0.0,0.9375382636310424,0.0,0.0,1.0,1.0,10.0,0.4022850987066007,0.0,0.0,0.934508812773445,0.0,0.0,1.0,2.0,39.0,0.4498959961524553,1.0,2.0,0.0018501896403398
88.0,8.0,75.0,1.1904761904761905,8.236635298931237,63.0,249.0,3.952380952380953,20.0,0.3174603174603174,6.0,77.0,26.0,6.551870431053855,2.655172413793104,2.655172413793104,29.0,0.0,0.0,1.0,0.0,0.0,0.9357646845360632,1.0,18.0,0.380729092224382,0.0,0.0,1.0,0.0,11.0,0.8428728286874179,4.0,35.0,0.3029235217168363,1.0,13.0,0.4384700343153282
96.0,16.0,118.0,2.0701754385964914,5.417781407833258,57.0,304.0,5.333333333333333,55.0,0.9649122807017544,16.0,168.0,91.0,4.316841497675799,4.421052631578948,4.421052631578948,38.0,1.0,4.0,0.006968315256606,1.0,4.0,0.4771692918643837,4.0,49.0,0.3098329024072817,0.0,0.0,0.4968965675853379,0.0,10.0,0.7619088364608922,7.0,88.0,0.1441360184028018,3.0,13.0,0.1187238393082621
104.0,10.0,93.0,1.7222222222222223,6.086871297163118,54.0,384.0,7.111111111111111,80.0,1.4814814814814814,7.0,159.0,0.0,3.2747246898255438,6.36,6.36,25.0,0.0,0.0,0.915185843143242,0.0,0.0,1.0,1.0,31.0,0.2282970121507563,1.0,2.0,0.0052668387968851,0.0,9.0,0.4310498145627747,5.0,116.0,0.109215746792821,0.0,1.0,0.4186775044584982
112.0,8.0,74.0,1.510204081632653,6.607715660172865,49.0,362.0,7.387755102040816,0.0,0.0,6.0,129.0,0.0,4.867514445823106,6.789473684210527,6.789473684210527,19.0,1.0,4.0,0.0,0.0,0.0,0.959088776865284,1.0,14.0,0.4808932965289552,0.0,0.0,1.0,3.0,22.0,0.2170933660506442,1.0,89.0,0.4113838100385361,0.0,0.0,1.0
120.0,7.0,98.0,1.7818181818181815,6.897718027513109,55.0,398.0,7.236363636363636,36.0,0.6545454545454545,4.0,138.0,9.0,6.810020781047686,6.571428571428571,6.571428571428571,21.0,0.0,0.0,0.3647656932546722,0.0,7.0,0.973022895173102,1.0,22.0,0.0,0.0,0.0,1.0,0.0,31.0,0.6774250918742836,3.0,78.0,0.2224057938019056,0.0,0.0,1.0
128.0,9.0,33.0,0.55,7.092955037572385,60.0,422.0,7.033333333333333,24.0,0.4,8.0,114.0,0.0,5.145904448293017,3.4545454545454546,3.4545454545454546,33.0,1.0,7.0,0.0,0.0,4.0,0.8436281710793212,0.0,0.0,0.416891301169311,1.0,3.0,0.4098773588885942,3.0,49.0,0.2519318234502338,3.0,51.0,0.2668937461249572,0.0,0.0,1.0
136.0,11.0,71.0,1.1833333333333331,6.517467302467162,60.0,463.0,7.716666666666667,41.0,0.6833333333333333,10.0,136.0,22.0,3.946185596986521,4.0,4.0,34.0,1.0,15.0,0.3153188977307005,3.0,7.0,0.2092051797109987,0.0,0.0,0.9124195082589756,1.0,4.0,0.3230962209814042,1.0,40.0,0.3707087570313884,4.0,67.0,0.1349894972251685,0.0,3.0,0.9038331340758424
144.0,18.0,119.0,1.8307692307692307,7.787854172876759,65.0,478.0,7.3538461538461535,15.0,0.2307692307692307,13.0,142.0,6.0,5.895164641321445,4.896551724137931,4.896551724137931,29.0,3.0,5.0,0.4772883164446073,0.0,9.0,0.758634844121166,1.0,0.0,0.0,3.0,16.0,8.884149254839827e-05,2.0,26.0,0.4917414837266318,4.0,86.0,0.3836628444647296,0.0,0.0,1.0
152.0,10.0,76.0,1.1692307692307693,8.15211092043505,65.0,436.0,6.707692307692308,0.0,0.0,8.0,121.0,0.0,6.274947534113913,4.481481481481482,4.481481481481482,27.0,0.0,0.0,0.6267022803562441,2.0,10.0,0.5229353438900998,0.0,0.0,0.9513422213257406,3.0,40.0,0.0035747463770121,1.0,16.0,0.547289336795346,2.0,55.0,0.4666876966689087,0.0,0.0,0.5026030432004828
160.0,9.0,33.0,0.4583333333333333,8.131620326121654,72.0,454.0,6.305555555555555,18.0,0.25,7.0,63.0,0.0,7.396667308232363,2.52,2.52,25.0,0.0,0.0,0.6800266687604729,3.0,9.0,0.1196176093446338,0.0,3.0,0.9415593471865904,0.0,0.0,1.0,1.0,29.0,0.650197116214728,3.0,22.0,0.4419694689028403,0.0,0.0,1.0
168.0,3.0,2.0,0.0303030303030303,8.764139974576016,66.0,441.0,6.681818181818182,0.0,0.0,2.0,76.0,13.0,6.563368926379305,3.4545454545454546,3.4545454545454546,22.0,0.0,0.0,0.9507764448181476,1.0,17.0,0.1383078978793147,0.0,0.0,1.0,1.0,17.0,0.511341600124905,0.0,31.0,0.3241392278920809,0.0,11.0,0.5963373465349232,0.0,0.0,1.0
176.0,3.0,16.0,0.2622950819672131,10.211573847247664,61.0,390.0,6.39344262295082,0.0,0.0,3.0,51.0,0.0,9.394050052766431,2.3181818181818183,2.3181818181818183,22.0,1.0,4.0,0.6448982476775266,1.0,12.0,0.6798715999061749,0.0,4.0,0.967886555417814,1.0,3.0,9.188117557206842e-05,0.0,28.0,0.6446490707700395,0.0,0.0,0.8691488337820638,0.0,0.0,0.2292127011110042
184.0,4.0,24.0,0.4705882352941176,9.942358521949616,51.0,349.0,6.8431372549019605,0.0,0.0,4.0,35.0,0.0,6.580451871355793,2.1875,2.1875,16.0,1.0,4.0,0.3438159708622467,2.0,23.0,0.3405581418208017,0.0,0.0,0.8057780502244195,1.0,3.0,0.0,0.0,4.0,0.7556266290162186,0.0,0.0,0.6693102773159957,0.0,1.0,0.4265594673635053
208.0,8.0,11.0,0.2619047619047619,8.7279879513859,42.0,177.0,4.214285714285714,0.0,0.0,6.0,37.0,26.0,7.043024609264751,2.466666666666667,2.466666666666667,15.0,3.0,8.0,0.0028561562888185,0.0,4.0,0.9293060611042532,2.0,19.0,0.661085367946898,0.0,0.0,1.0,1.0,6.0,0.3630325076411975,0.0,0.0,1.0,0.0,0.0,1.0
216.0,2.0,7.0,0.1666666666666666,9.294778343214777,42.0,196.0,4.666666666666667,19.0,0.4523809523809524,2.0,15.0,0.0,6.773624857612205,1.0,1.0,15.0,0.0,0.0,1.0,0.0,0.0,0.7359665100785627,1.0,9.0,0.4006573826517781,1.0,3.0,0.0090231349967028,0.0,0.0,0.9779795263768616,0.0,3.0,0.4003162253919445,0.0,0.0,1.0
224.0,7.0,33.0,0.7333333333333333,9.149839491014928,45.0,224.0,4.977777777777778,28.0,0.6222222222222222,5.0,33.0,18.0,5.637492769620926,2.5384615384615383,2.5384615384615383,13.0,0.0,0.0,1.0,2.0,12.0,0.4565565106037399,2.0,17.0,0.3163325193038607,1.0,1.0,0.0039299737495576,0.0,0.0,1.0,0.0,3.0,0.5720750933871134,0.0,0.0,1.0
232.0,3.0,24.0,0.5217391304347826,9.734986827602738,46.0,250.0,5.434782608695652,26.0,0.5652173913043478,3.0,35.0,2.0,8.87596069003146,1.5217391304347827,1.5217391304347827,23.0,0.0,0.0,0.941423381543604,1.0,10.0,0.6518916426815594,1.0,23.0,0.6217219767899391,0.0,0.0,1.0,0.0,0.0,0.7505954471948443,1.0,2.0,0.6115652709050673,0.0,0.0,0.8644577671406328
240.0,6.0,25.0,0.5555555555555556,8.269381015880823,45.0,241.0,5.355555555555555,0.0,0.0,5.0,31.0,0.0,6.182269458370328,1.9375,1.9375,16.0,0.0,0.0,1.0,1.0,4.0,0.0130147671231439,0.0,3.0,0.0916052469384063,0.0,0.0,1.0,0.0,3.0,0.8498172635002907,4.0,21.0,0.3963665538804493,0.0,0.0,1.0
248.0,3.0,10.0,0.2127659574468085,8.825757255892395,47.0,243.0,5.170212765957447,2.0,0.0425531914893617,2.0,14.0,0.0,7.814691079523308,1.0,1.0,14.0,0.0,0.0,1.0,1.0,8.0,0.6128070925967101,0.0,0.0,1.0,0.0,0.0,1.0,0.0,0.0,0.9523526186454664,1.0,3.0,0.4155786853969004,0.0,3.0,0.925738638268978
256.0,5.0,19.0,0.4130434782608695,8.797944201266892,46.0,236.0,5.130434782608695,0.0,0.0,3.0,17.0,3.0,6.705000866515159,1.1333333333333333,1.1333333333333333,15.0,0.0,0.0,0.8756547341118679,0.0,3.0,0.9177038168542616,0.0,0.0,0.3872706362853893,0.0,0.0,0.5389578164776194,0.0,3.0,0.7311143386290159,3.0,11.0,0.1738977090642372,0.0,0.0,0.8733616335145272
264.0,3.0,7.0,0.1428571428571428,8.341817566235074,49.0,224.0,4.571428571428571,0.0,0.0,3.0,28.0,11.0,6.841843337714883,1.8666666666666667,1.8666666666666667,15.0,1.0,1.0,0.5452127270351517,0.0,0.0,1.0,0.0,0.0,0.9759200638386007,1.0,2.0,0.3467059746291691,0.0,3.0,0.9711204464583564,1.0,22.0,0.2376784345360192,0.0,0.0,1.0
272.0,5.0,33.0,0.6875,9.105018962744596,48.0,193.0,4.020833333333333,0.0,0.0,5.0,38.0,10.0,7.052930056982638,2.235294117647059,2.235294117647059,17.0,2.0,13.0,0.1088241278789206,0.0,0.0,0.6701267285184862,1.0,6.0,0.7331220158138795,1.0,7.0,0.6338807467105476,0.0,0.0,0.998298319668712,1.0,12.0,0.3500591206363301,0.0,0.0,0.6891506951502515
280.0,9.0,44.0,1.2222222222222223,7.165599888802126,36.0,143.0,3.9722222222222223,0.0,0.0,8.0,49.0,11.0,5.087227566403384,2.5789473684210527,2.5789473684210527,19.0,3.0,11.0,0.0841213751572542,1.0,7.0,0.6729400148760033,1.0,5.0,0.468923026658077,2.0,6.0,0.0019664713537292,0.0,0.0,0.9695990878103496,1.0,20.0,0.254140776399608,0.0,0.0,1.0
288.0,9.0,78.0,2.0526315789473686,7.194419459345188,38.0,198.0,5.2105263157894735,55.0,1.4473684210526316,7.0,77.0,28.0,3.285740124385477,5.923076923076923,5.923076923076923,13.0,2.0,21.0,0.0,2.0,18.0,0.0,1.0,4.0,0.1467049354897906,0.0,0.0,1.0,0.0,0.0,1.0,2.0,34.0,0.4505962464485544,0.0,0.0,1.0
296.0,2.0,5.0,0.1162790697674418,8.32013272833146,43.0,237.0,5.511627906976744,39.0,0.9069767441860463,2.0,22.0,0.0,6.984175391166796,1.8333333333333333,1.8333333333333333,12.0,0.0,0.0,0.9646558320696996,1.0,11.0,0.1425824767089782,0.0,4.0,0.688019742571992,0.0,0.0,1.0,0.0,0.0,0.3736736133070135,1.0,7.0,0.455652287620617,0.0,0.0,1.0
304.0,6.0,28.0,0.6511627906976745,8.952541838798595,43.0,243.0,5.651162790697675,6.0,0.1395348837209302,4.0,37.0,15.0,7.365096982535212,2.8461538461538463,2.8461538461538463,13.0,0.0,0.0,0.9396659052483872,0.0,0.0,0.6086740069048507,1.0,5.0,0.508559735964968,1.0,2.0,0.0108564705950603,1.0,12.0,0.6302730150044539,1.0,15.0,0.4695384529466831,0.0,3.0,0.5865940450882486
312.0,4.0,12.0,0.2790697674418604,8.695739119733743,43.0,241.0,5.604651162790698,0.0,0.0,4.0,42.0,5.0,6.705646616778858,2.8,2.8,15.0,1.0,9.0,0.7404250663156523,0.0,5.0,0.7023472297751499,0.0,10.0,0.0729961170612454,1.0,4.0,0.0040678230014914,2.0,14.0,0.2338605485665942,0.0,0.0,0.5074779132383446,0.0,0.0,0.9909332185180912
320.0,1.0,7.0,0.1707317073170731,10.603269967189837,41.0,204.0,4.975609756097561,0.0,0.0,1.0,17.0,0.0,8.95812741364395,1.2142857142857142,1.2142857142857142,14.0,0.0,0.0,0.3565631385345962,0.0,0.0,0.9758358875922,0.0,7.0,0.965979468790532,0.0,0.0,0.9597675799568848,1.0,10.0,0.5278524816226053,0.0,0.0,0.5761355862131214,0.0,0.0,0.6604425695626993
328.0,3.0,5.0,0.1428571428571428,9.952616266449157,35.0,119.0,3.4,0.0,0.0,2.0,9.0,0.0,6.268473411138132,1.5,1.5,6.0,0.0,0.0,0.9245218222377553,0.0,0.0,1.0,1.0,0.0,0.4763006804887639,0.0,0.0,1.0,0.0,1.0,0.2797920162031161,1.0,8.0,0.2946820810983638,0.0,0.0,1.0
336.0,1.0,5.0,0.1515151515151515,10.747528034311078,33.0,91.0,2.757575757575758,0.0,0.0,0.0,12.0,3.0,10.883594462472765,1.5,1.5,8.0,0.0,0.0,0.6373706349512923,0.0,5.0,0.5380245745636254,0.0,0.0,0.8695477551191901,0.0,0.0,1.0,0.0,0.0,1.0,0.0,7.0,0.9412024359218396,0.0,0.0,1.0
344.0,2.0,6.0,0.1578947368421052,9.623120868853938,38.0,101.0,2.6578947368421053,10.0,0.2631578947368421,2.0,15.0,3.0,9.32490205547588,1.0,1.0,15.0,0.0,0.0,0.9214849166372052,1.0,5.0,0.6540114758961528,1.0,4.0,0.2711411672082893,0.0,0.0,1.0,0.0,0.0,1.0,0.0,3.0,0.6992357014892464,0.0,3.0,0.7335039197303758
352.0,5.0,15.0,0.3658536585365853,8.47243808152235,41.0,111.0,2.707317073170732,10.0,0.2439024390243902,4.0,21.0,6.0,4.779194741624522,1.5,1.5,14.0,2.0,6.0,0.4231221901440443,0.0,3.0,0.1243642498783291,0.0,3.0,0.4059717178560375,0.0,0.0,1.0,0.0,0.0,1.0,2.0,9.0,0.1485113638697914,0.0,0.0,0.9921970133070884
360.0,7.0,44.0,1.0731707317073171,7.190141797035497,41.0,137.0,3.341463414634146,26.0,0.6341463414634146,7.0,50.0,29.0,4.581365242103042,2.631578947368421,2.631578947368421,19.0,1.0,7.0,0.2251786251817963,0.0,0.0,1.0,1.0,4.0,0.6496541932324211,0.0,0.0,1.0,0.0,0.0,1.0,5.0,39.0,0.1564851356708041,0.0,0.0,0.8709466820512505
368.0,6.0,39.0,0.8863636363636364,7.813776106617456,44.0,199.0,4.5227272727272725,62.0,1.4090909090909092,4.0,72.0,22.0,5.9333490739750765,4.5,4.5,16.0,3.0,28.0,0.0325410549853998,0.0,0.0,0.977480282198392,1.0,9.0,0.0,0.0,0.0,1.0,0.0,3.0,0.8470843654813863,0.0,32.0,0.3009237271690219,0.0,0.0,1.0
376.0,6.0,15.0,0.3488372093023256,8.533426558995698,43.0,183.0,4.255813953488372,0.0,0.0,6.0,32.0,0.0,6.861399750658935,1.5238095238095235,1.5238095238095235,21.0,1.0,5.0,0.0,1.0,11.0,0.633406490103807,0.0,0.0,0.6698093867811263,0.0,0.0,1.0,2.0,14.0,0.5186171687817096,2.0,2.0,0.3898997767242981,0.0,0.0,1.0
384.0,7.0,45.0,0.9574468085106383,7.110454439440817,47.0,231.0,4.914893617021277,48.0,1.0212765957446808,6.0,60.0,28.0,6.006874351540943,2.727272727272727,2.727272727272727,22.0,1.0,8.0,0.0,1.0,15.0,0.3898829621883472,0.0,0.0,0.8999862152888913,0.0,0.0,1.0,1.0,17.0,0.5807900223837132,3.0,20.0,0.313395815644458,0.0,0.0,1.0
392.0,12.0,46.0,0.92,5.781261599267224,50.0,256.0,5.12,25.0,0.5,11.0,92.0,32.0,3.5136095234329265,3.2857142857142856,3.2857142857142856,28.0,0.0,0.0,1.0,6.0,57.0,0.1484544206907471,0.0,0.0,0.7339727937363283,0.0,0.0,0.9069600702866184,3.0,25.0,0.0989786689587079,2.0,10.0,0.3760756714924143,0.0,0.0,1.0
400.0,8.0,50.0,0.9433962264150944,6.908701240414922,53.0,333.0,6.283018867924528,77.0,1.4528301886792452,7.0,121.0,29.0,4.562374924352128,4.84,4.84,25.0,0.0,0.0,1.0,0.0,21.0,0.2381121349991458,0.0,0.0,0.9669369938432698,1.0,9.0,0.495612322316425,5.0,68.0,0.2799895640657389,0.0,14.0,0.1345164189708001,1.0,9.0,0.484162742710667
408.0,12.0,127.0,2.591836734693877,8.337881907546013,49.0,388.0,7.918367346938775,55.0,1.1224489795918366,11.0,142.0,21.0,4.975035277124338,6.454545454545454,6.454545454545454,22.0,0.0,0.0,0.484764030703696,2.0,4.0,0.1127050209440416,0.0,0.0,0.9052338999527296,1.0,13.0,0.0,6.0,106.0,0.4001037285899103,2.0,19.0,0.0,0.0,0.0,1.0
416.0,6.0,78.0,1.7333333333333334,7.893714021831421,45.0,418.0,9.28888888888889,30.0,0.6666666666666666,5.0,140.0,0.0,5.957533657599675,8.235294117647058,8.235294117647058,17.0,0.0,0.0,1.0,0.0,0.0,1.0,0.0,13.0,0.8798276842102373,0.0,0.0,1.0,2.0,85.0,0.3065875345672357,3.0,42.0,0.1470572858730021,0.0,0.0,1.0
424.0,9.0,82.0,1.74468085106383,8.242669663447144,47.0,436.0,9.27659574468085,18.0,0.3829787234042553,4.0,57.0,0.0,8.58582960271551,3.1666666666666665,3.1666666666666665,18.0,0.0,0.0,1.0,0.0,2.0,0.951365720514578,0.0,4.0,0.6964441740902876,1.0,2.0,0.0161654261097559,3.0,39.0,0.2499991534992016,0.0,7.0,0.9414915430900556,0.0,3.0,0.7168636879299249
432.0,4.0,74.0,1.4509803921568627,9.60994767464392,51.0,453.0,8.882352941176471,17.0,0.3333333333333333,2.0,56.0,0.0,9.526891585411368,2.9473684210526314,2.9473684210526314,19.0,0.0,5.0,0.4603549532344901,0.0,0.0,1.0,0.0,3.0,0.8168587445403254,0.0,0.0,1.0,2.0,45.0,0.4401456590977481,0.0,0.0,0.7271711975607834,0.0,3.0,0.8551113023624768
440.0,6.0,33.0,0.6875,9.139911632282152,48.0,404.0,8.416666666666666,0.0,0.0,5.0,39.0,0.0,8.072868287064018,2.6,2.6,15.0,1.0,3.0,0.6497011825462361,0.0,0.0,1.0,0.0,0.0,0.9907951893083216,0.0,0.0,1.0,4.0,36.0,0.0135551828060941,0.0,0.0,0.972379515338903,0.0,0.0,0.8951027781339886
448.0,3.0,11.0,0.2291666666666666,8.875989197803046,48.0,283.0,5.895833333333333,0.0,0.0,2.0,73.0,34.0,8.405224659575532,3.842105263157895,3.842105263157895,19.0,1.0,11.0,0.4820518937551928,0.0,0.0,0.980868304654513,0.0,2.0,0.8032839888955264,0.0,41.0,0.8299274124406463,0.0,16.0,0.3091848736024529,1.0,3.0,0.49760134955777,0.0,0.0,0.7505525159847634
456.0,6.0,36.0,0.782608695652174,8.132279655931548,46.0,241.0,5.239130434782608,0.0,0.0,5.0,41.0,0.0,7.197075961088896,1.7083333333333333,1.7083333333333333,24.0,1.0,19.0,0.4750694654888685,1.0,2.0,0.7165676814421292,0.0,0.0,0.6113925413981425,1.0,5.0,0.1064578208812315,0.0,2.0,0.6244269560921935,1.0,11.0,0.6748930284550367,1.0,2.0,0.02297645907482
464.0,6.0,49.0,0.9423076923076924,9.082014690712024,52.0,288.0,5.538461538461538,47.0,0.903846153846154,4.0,42.0,1.0,8.154944552578366,2.210526315789474,2.210526315789474,19.0,1.0,27.0,0.0,1.0,10.0,0.563556249444487,0.0,0.0,0.9738846009793392,0.0,0.0,1.0,0.0,0.0,0.8304078406069643,2.0,5.0,0.5730269946917689,0.0,0.0,0.7242384719456942
472.0,6.0,6.0,0.1071428571428571,7.026297361766406,56.0,287.0,5.125,0.0,0.0,3.0,22.0,0.0,5.994750125438983,0.9166666666666666,0.9166666666666666,24.0,0.0,0.0,1.0,1.0,3.0,0.2512424594802513,0.0,0.0,1.0,0.0,0.0,1.0,0.0,6.0,0.6025434039794725,2.0,13.0,0.4373031312173605,0.0,0.0,0.6224908533572985
480.0,14.0,66.0,1.11864406779661,6.94194837089019,59.0,327.0,5.5423728813559325,40.0,0.6779661016949152,11.0,75.0,53.0,5.664806122986279,2.8846153846153846,2.8846153846153846,26.0,0.0,0.0,0.8121181607283365,0.0,3.0,0.845386836048038,0.0,3.0,0.6806958732147071,0.0,0.0,0.6569892679757022,1.0,14.0,0.689110626184532,10.0,55.0,0.0854320057874178,0.0,0.0,1.0
488.0,10.0,41.0,0.640625,6.942663767159853,64.0,359.0,5.609375,32.0,0.5,6.0,81.0,6.0,4.499243833995648,4.2631578947368425,4.2631578947368425,19.0,3.0,14.0,5.7447163219201136e-05,1.0,6.0,0.4670500578873021,0.0,0.0,0.9720670251577,0.0,0.0,1.0,1.0,21.0,0.4501473556895167,1.0,40.0,0.2030587364757551,0.0,0.0,1.0
496.0,5.0,28.0,0.358974358974359,8.755682465321794,78.0,406.0,5.205128205128205,47.0,0.6025641025641025,5.0,78.0,0.0,8.800821535935865,2.0526315789473686,2.0526315789473686,38.0,0.0,0.0,0.8057198147741276,1.0,5.0,0.2261654705593495,0.0,9.0,0.8307373640880515,1.0,1.0,0.4833255269360595,1.0,24.0,0.6496464226589429,2.0,25.0,0.2811962751780039,0.0,14.0,0.8954489633366769
504.0,8.0,21.0,0.2592592592592592,7.90919054946496,81.0,331.0,4.08641975308642,0.0,0.0,8.0,65.0,0.0,5.530683496599724,1.7567567567567568,1.7567567567567568,37.0,0.0,0.0,0.5496375627659396,0.0,3.0,0.6597338312689309,0.0,4.0,0.8767280911373514,0.0,0.0,0.4946696897302389,6.0,39.0,0.2808486642499014,2.0,19.0,0.2094512667434935,0.0,0.0,1.0
512.0,11.0,42.0,0.5316455696202531,7.637105643230342,79.0,375.0,4.746835443037975,44.0,0.5569620253164557,11.0,104.0,39.0,4.0402968012895855,2.810810810810811,2.810810810810811,37.0,0.0,0.0,0.0788813850107715,1.0,9.0,0.5340823453237585,1.0,6.0,0.6857466804845332,1.0,4.0,0.0015659633362878,6.0,64.0,0.1062534338362314,2.0,17.0,0.126213316429579,0.0,4.0,0.8195450884004492
520.0,12.0,60.0,0.7692307692307693,7.835299854315588,78.0,456.0,5.846153846153846,81.0,1.0384615384615383,7.0,126.0,22.0,6.100704990695682,3.6,3.6,35.0,0.0,0.0,0.706246775039644,1.0,7.0,0.3165595446096761,1.0,20.0,0.5953176237831942,0.0,1.0,0.6741460504859699,1.0,65.0,0.4606433804102266,4.0,33.0,0.1666203413421272,0.0,0.0,1.0
528.0,9.0,31.0,0.3974358974358974,8.003506814362519,78.0,466.0,5.974358974358975,10.0,0.1282051282051282,8.0,143.0,17.0,5.211856754669261,3.9722222222222223,3.9722222222222223,36.0,1.0,2.0,0.603249198713363,1.0,9.0,0.4638500393864506,3.0,23.0,0.1907642028914121,0.0,0.0,0.9244466285737676,3.0,82.0,0.2523553185025886,0.0,27.0,0.5955508483948962,0.0,0.0,1.0
536.0,9.0,21.0,0.2837837837837837,7.608004871082015,74.0,493.0,6.662162162162162,27.0,0.3648648648648648,7.0,99.0,0.0,3.9198537177888415,3.193548387096774,3.193548387096774,31.0,1.0,3.0,0.3392827920280892,1.0,2.0,0.0148267175856117,0.0,2.0,0.4875916035817166,2.0,4.0,0.0182798669046662,1.0,59.0,0.1999484892157561,2.0,29.0,0.4127218608623596,0.0,0.0,0.9463487406161408
544.0,18.0,101.0,1.4852941176470589,7.009478170343822,68.0,507.0,7.455882352941177,14.0,0.2058823529411764,15.0,107.0,8.0,4.325327577799386,3.147058823529412,3.147058823529412,34.0,5.0,31.0,0.0020127149867936,0.0,0.0,0.2982099298449024,1.0,11.0,0.3476944941559498,3.0,17.0,0.0083646925603062,6.0,41.0,0.161523771088117,0.0,7.0,0.871667097470782,0.0,0.0,0.9675820755806076
552.0,11.0,79.0,1.2153846153846153,7.172012390544708,65.0,605.0,9.307692307692308,98.0,1.5076923076923077,10.0,167.0,60.0,4.540242010301585,4.911764705882353,4.911764705882353,34.0,1.0,42.0,0.1698966947055978,1.0,11.0,0.6233947073350647,0.0,3.0,0.684213765410707,1.0,10.0,0.4839319721720796,7.0,101.0,0.0892004151444717,0.0,0.0,0.6580680050080984,0.0,0.0,0.6678339265690576
560.0,10.0,72.0,1.125,7.796012757099273,64.0,618.0,9.65625,13.0,0.203125,6.0,148.0,0.0,6.188343670734444,5.103448275862069,5.103448275862069,29.0,2.0,44.0,0.0214271914216446,2.0,10.0,0.3181991210553001,0.0,6.0,0.6665124700723852,0.0,6.0,0.451260375977685,1.0,78.0,0.2251441891962856,1.0,4.0,0.4647452738524544,0.0,0.0,0.7907578551564666
568.0,8.0,27.0,0.4090909090909091,7.598807277154864,66.0,604.0,9.151515151515152,0.0,0.0,6.0,126.0,0.0,5.501792064049588,4.344827586206897,4.344827586206897,29.0,1.0,14.0,0.4558515880970271,0.0,8.0,0.896702395383863,2.0,19.0,0.2323068689569118,0.0,0.0,1.0,3.0,81.0,0.2009630111448463,0.0,4.0,0.5613947365733447,0.0,0.0,0.5970353269827672
576.0,10.0,30.0,0.4285714285714285,8.356552224968054,70.0,555.0,7.928571428571429,0.0,0.0,6.0,98.0,0.0,5.95153056692215,4.666666666666667,4.666666666666667,21.0,0.0,0.0,1.0,1.0,6.0,0.484213676272979,1.0,12.0,0.482462426206846,0.0,0.0,1.0,3.0,79.0,0.2816285243930951,0.0,0.0,0.5717273504461057,1.0,1.0,0.5910820813017648
584.0,13.0,53.0,0.7464788732394366,7.077254922583975,71.0,524.0,7.380281690140845,0.0,0.0,6.0,69.0,0.0,6.013154771992329,2.555555555555556,2.555555555555556,27.0,0.0,0.0,0.022753308828963,4.0,23.0,0.1994668710330023,1.0,12.0,0.5762719097962351,0.0,0.0,0.2679201562936973,0.0,33.0,0.5131619419123615,0.0,0.0,0.7116909047242105,1.0,1.0,0.3699349504542005
592.0,14.0,59.0,0.8805970149253731,7.734333034730247,67.0,488.0,7.2835820895522385,0.0,0.0,7.0,81.0,12.0,7.79302721701881,3.0,3.0,27.0,0.0,0.0,0.9766817209068742,3.0,27.0,0.2889315293357526,0.0,6.0,0.8081374130511181,1.0,3.0,0.4270645304565515,2.0,36.0,0.5334490741844418,1.0,7.0,0.7657430765865417,0.0,2.0,0.6087280692795808
600.0,10.0,50.0,0.746268656716418,7.786524831709179,67.0,469.0,7.0,0.0,0.0,8.0,78.0,0.0,5.601775886952549,2.888888888888889,2.888888888888889,27.0,1.0,2.0,0.4774696903710428,2.0,20.0,0.0002093136523109,0.0,3.0,0.6527577702405396,2.0,4.0,0.1198122211940299,3.0,46.0,0.1194636014819438,0.0,3.0,0.8174007299760253,0.0,0.0,0.9305386076674164
608.0,17.0,64.0,1.0,7.083898912067005,64.0,446.0,6.96875,0.0,0.0,8.0,99.0,21.0,5.248504739419508,4.5,4.5,22.0,0.0,0.0,1.0,0.0,0.0,0.9736574516135692,1.0,9.0,0.6337712191461832,0.0,3.0,0.0146411474605767,1.0,61.0,0.440546636425724,6.0,26.0,0.1294370301339439,0.0,0.0,0.9986867203283438
616.0,4.0,29.0,0.4754098360655737,9.374384958176275,61.0,431.0,7.065573770491803,0.0,0.0,2.0,55.0,0.0,9.780791233577714,2.5,2.5,22.0,0.0,0.0,0.8396350109365743,1.0,4.0,0.4929709843079141,1.0,6.0,0.4510477785453233,0.0,0.0,0.6505677048073214,0.0,35.0,0.7260613467980865,0.0,7.0,0.8585646469523466,0.0,3.0,0.8294439160030143
640.0,3.0,5.0,0.1041666666666666,8.22749444797678,48.0,394.0,8.208333333333334,0.0,0.0,2.0,73.0,0.0,6.637832422197698,3.1739130434782608,3.1739130434782608,23.0,0.0,0.0,1.0,0.0,0.0,0.969391354074513,0.0,5.0,0.9299264431469656,0.0,3.0,0.6451160518642834,0.0,54.0,0.141749529806977,0.0,7.0,0.8218668852649429,2.0,4.0,0.3230654423264383
648.0,4.0,12.0,0.24,9.26095786697642,50.0,394.0,7.88,0.0,0.0,3.0,38.0,0.0,7.571047463287186,1.7272727272727273,1.7272727272727273,22.0,0.0,0.0,1.0,0.0,3.0,0.8893808466529785,0.0,2.0,0.1757973720136658,2.0,16.0,0.3717228302574292,0.0,3.0,0.6936927967803654,1.0,14.0,0.7516924952156939,0.0,0.0,0.4794113624248908
656.0,5.0,6.0,0.1153846153846153,9.043766491151116,52.0,313.0,6.019230769230769,0.0,0.0,4.0,13.0,0.0,6.94568480902241,0.8125,0.8125,16.0,1.0,3.0,0.0185158886812126,0.0,0.0,1.0,0.0,2.0,0.9937772189909824,2.0,3.0,0.1186887511276201,1.0,5.0,0.4731759148403828,0.0,0.0,0.7307102194394355,0.0,0.0,0.8966258997467706
664.0,2.0,3.0,0.0576923076923076,10.240823516073418,52.0,304.0,5.846153846153846,0.0,0.0,1.0,14.0,1.0,10.204962158695034,0.7777777777777778,0.7777777777777778,18.0,0.0,0.0,0.1233329219178621,0.0,0.0,0.8636313855547642,0.0,5.0,0.9865055990982928,0.0,0.0,0.4782060500536563,0.0,6.0,0.9023015290574472,1.0,3.0,0.4215995303231673,0.0,0.0,0.9200969350983014
672.0,5.0,8.0,0.1568627450980392,9.407804366969309,51.0,210.0,4.117647058823529,0.0,0.0,3.0,11.0,0.0,7.339005524068201,0.6875,0.6875,16.0,0.0,0.0,1.0,0.0,0.0,1.0,0.0,0.0,1.0,3.0,11.0,0.2471496001644334,0.0,0.0,0.976222654642713,0.0,0.0,0.4468555945858338,0.0,0.0,0.903964483942136
680.0,6.0,23.0,0.4791666666666667,8.182363402569738,48.0,176.0,3.6666666666666665,0.0,0.0,6.0,36.0,25.0,4.963776939609083,1.894736842105263,1.894736842105263,19.0,0.0,0.0,0.924833003900806,0.0,0.0,1.0,1.0,7.0,0.3614325745362924,4.0,24.0,0.105730595878432,1.0,1.0,0.0127985749303235,0.0,1.0,0.2021384513296386,0.0,3.0,0.7249730639557709
688.0,10.0,74.0,1.48,7.6720811490443666,50.0,222.0,4.44,46.0,0.92,10.0,88.0,52.0,5.695283572546499,3.259259259259259,3.259259259259259,27.0,0.0,0.0,0.6744638163079794,0.0,3.0,0.3896920776047581,0.0,1.0,0.61344629817519,6.0,56.0,4.561520767846089e-05,2.0,23.0,0.647802115640416,0.0,0.0,0.7038435263532681,2.0,5.0,0.0332645235926341
696.0,9.0,129.0,2.3035714285714284,8.371866002817123,56.0,294.0,5.25,72.0,1.2857142857142858,9.0,135.0,47.0,5.360736933108141,6.75,6.75,20.0,0.0,0.0,1.0,1.0,1.0,0.0052509716476371,0.0,0.0,1.0,5.0,94.0,0.1591403156288205,2.0,34.0,0.5445351453579135,1.0,5.0,0.4458995580345806,0.0,1.0,0.5879634779749754
704.0,3.0,7.0,0.1272727272727272,8.42829816052429,55.0,260.0,4.727272727272728,0.0,0.0,3.0,33.0,0.0,6.737530209258765,1.5,1.5,22.0,1.0,1.0,0.1816644634144983,0.0,1.0,0.662241436737176,0.0,0.0,0.6366745269322757,0.0,17.0,0.3858004371826544,2.0,9.0,0.2769352910371823,0.0,5.0,0.7771938894801965,0.0,0.0,0.8183852944985223
712.0,9.0,47.0,0.7833333333333333,7.7991535607326785,60.0,314.0,5.233333333333333,54.0,0.9,8.0,68.0,35.0,5.873626318249228,2.6153846153846154,2.6153846153846154,26.0,0.0,0.0,1.0,0.0,4.0,0.867658174537201,0.0,0.0,0.7135656223348428,0.0,4.0,0.955567976675232,4.0,42.0,0.415348094827416,4.0,18.0,0.1129967543317476,0.0,0.0,0.9537467513556072
720.0,6.0,15.0,0.2586206896551724,7.933892348507398,58.0,273.0,4.706896551724138,0.0,0.0,5.0,45.0,0.0,4.911741211814192,2.0454545454545454,2.0454545454545454,22.0,0.0,0.0,1.0,0.0,0.0,0.9575314737114484,2.0,5.0,0.2852033142914859,0.0,0.0,1.0,1.0,28.0,0.3457122091312731,1.0,8.0,0.4176159552121248,1.0,4.0,7.713870595588523e-05
728.0,7.0,20.0,0.3773584905660377,8.764562351143068,53.0,222.0,4.188679245283019,0.0,0.0,4.0,46.0,1.0,8.716701913689082,1.5862068965517242,1.5862068965517242,29.0,0.0,0.0,1.0,0.0,0.0,0.0219710171053503,1.0,4.0,0.4335448728697577,1.0,6.0,0.4996175541517268,0.0,17.0,0.8897102896171669,2.0,16.0,0.5760964548189484,0.0,3.0,0.9548463931480604
736.0,9.0,33.0,0.5789473684210527,8.806210443474692,57.0,263.0,4.614035087719298,41.0,0.7192982456140351,8.0,44.0,0.0,7.416888090163213,1.4193548387096775,1.4193548387096775,31.0,0.0,0.0,1.0,0.0,0.0,1.0,1.0,2.0,0.4016733929133839,4.0,29.0,0.1999852012563238,0.0,3.0,0.8269134291850083,3.0,10.0,0.5113371513346342,0.0,0.0,0.9068926988278174
744.0,4.0,7.0,0.109375,8.555047619358364,64.0,274.0,4.28125,11.0,0.171875,2.0,35.0,0.0,8.164951795789149,1.5909090909090908,1.5909090909090908,22.0,0.0,0.0,1.0,0.0,3.0,0.9314883013721972,1.0,5.0,0.5426064930759741,0.0,12.0,0.4696422236547798,0.0,10.0,0.7884347239669275,1.0,5.0,0.5607561162271242,0.0,0.0,1.0
752.0,6.0,43.0,0.5657894736842105,8.664737959686967,76.0,311.0,4.092105263157895,37.0,0.4868421052631579,4.0,41.0,6.0,7.914139357886674,1.4642857142857142,1.4642857142857142,28.0,0.0,0.0,0.914895960920358,0.0,3.0,0.9500866372518084,1.0,9.0,0.4196064215863597,0.0,3.0,0.4305905160577385,1.0,8.0,0.7787503928599101,2.0,13.0,0.4429089945818128,0.0,5.0,0.8610497017546757
760.0,13.0,70.0,0.9210526315789472,7.910818668592163,76.0,259.0,3.4078947368421053,0.0,0.0,10.0,78.0,37.0,5.857086712428282,2.4375,2.4375,32.0,1.0,4.0,8.92813337495457e-05,0.0,7.0,0.731821662821278,2.0,18.0,0.2987437070024789,3.0,21.0,0.0927237157296521,1.0,15.0,0.6114787982879909,2.0,7.0,0.3639466533562084,1.0,6.0,0.3470141019626031
768.0,11.0,113.0,1.6865671641791045,7.88099650647294,67.0,254.0,3.791044776119403,0.0,0.0,10.0,114.0,36.0,6.268692514173714,3.931034482758621,3.931034482758621,29.0,2.0,13.0,0.1607221396240343,2.0,11.0,0.3063148871003799,2.0,34.0,0.4849320571249702,1.0,19.0,0.670918528760974,1.0,24.0,0.6575985939303184,2.0,6.0,0.3810836452247982,0.0,7.0,0.5658515881582913
776.0,15.0,128.0,1.8028169014084507,8.179636319410765,71.0,330.0,4.647887323943662,76.0,1.0704225352112675,12.0,123.0,9.0,6.493241702587498,4.241379310344827,4.241379310344827,29.0,0.0,0.0,1.0,4.0,38.0,0.3932913917319253,3.0,4.0,0.4065392926665133,2.0,31.0,7.081524364780424e-06,1.0,35.0,0.5550133391695724,1.0,4.0,0.6874944634682294,1.0,11.0,0.6860113582487795
784.0,8.0,61.0,0.9682539682539684,8.345200150829655,63.0,341.0,5.412698412698413,11.0,0.1746031746031746,7.0,72.0,0.0,6.082331070365304,2.6666666666666665,2.6666666666666665,27.0,1.0,1.0,0.3953633334576298,0.0,0.0,0.5241333632952945,2.0,7.0,0.3618120748628203,1.0,35.0,0.2881057590289501,1.0,12.0,0.6199686124616289,2.0,16.0,0.5118532667265344,0.0,1.0,0.3528278739289012
792.0,11.0,82.0,1.4642857142857142,8.60109085136485,56.0,358.0,6.392857142857143,17.0,0.3035714285714285,11.0,140.0,68.0,4.323366845244327,5.833333333333333,5.833333333333333,24.0,1.0,1.0,0.0044654236369892,1.0,19.0,0.693335760873566,5.0,37.0,0.016159066705824,0.0,28.0,0.9069185585559452,2.0,23.0,0.315731344254472,2.0,32.0,0.4396520092946325,0.0,0.0,1.0
800.0,5.0,12.0,0.2142857142857142,8.899432045085684,56.0,419.0,7.482142857142857,61.0,1.0892857142857142,3.0,73.0,0.0,7.490939543384843,3.0416666666666665,3.0416666666666665,24.0,0.0,0.0,0.7537370597385931,1.0,20.0,0.5510578729337209,0.0,42.0,0.3523669791059486,1.0,5.0,0.4688436210023004,0.0,3.0,0.8236117600817784,1.0,3.0,0.523429129411183,0.0,0.0,1.0
808.0,6.0,27.0,0.4736842105263157,9.752543346543414,57.0,404.0,7.087719298245614,0.0,0.0,5.0,51.0,0.0,7.283772408995072,1.9615384615384612,1.9615384615384612,26.0,0.0,0.0,1.0,0.0,3.0,0.8660801862943766,0.0,16.0,0.3357562741616814,2.0,4.0,0.3780060993496191,0.0,0.0,1.0,3.0,22.0,0.5223455443388298,0.0,6.0,0.7210579576123142
816.0,6.0,24.0,0.4363636363636363,9.30812071027514,55.0,378.0,6.872727272727273,0.0,0.0,6.0,48.0,0.0,4.920373255484537,2.526315789473684,2.526315789473684,19.0,0.0,0.0,1.0,0.0,6.0,0.942545433343315,0.0,3.0,0.3257452735895249,4.0,22.0,0.001643039438079,0.0,3.0,0.6182981986399764,2.0,14.0,0.3776418644553483,0.0,0.0,0.0690824544669638
824.0,7.0,67.0,1.425531914893617,9.593394328223456,47.0,362.0,7.702127659574468,0.0,0.0,7.0,79.0,31.0,7.34790208377219,3.590909090909091,3.590909090909091,22.0,0.0,0.0,0.9828716565579456,0.0,4.0,0.9161415337040092,0.0,1.0,0.9636101296807952,2.0,34.0,0.0179835326534001,0.0,7.0,0.896274095802564,5.0,33.0,0.3170530400464297,0.0,0.0,1.0
832.0,4.0,10.0,0.2,9.643919954766185,50.0,376.0,7.52,14.0,0.28,4.0,27.0,0.0,7.998219654915448,1.35,1.35,20.0,0.0,0.0,1.0,0.0,0.0,0.8890799743609858,1.0,5.0,0.4825475690530477,0.0,0.0,0.7482477863105386,1.0,1.0,0.6911011820737942,2.0,15.0,0.1618714527508317,0.0,6.0,0.8436274701072277
856.0,5.0,15.0,0.3191489361702128,8.762621352011767,47.0,356.0,7.574468085106383,0.0,0.0,5.0,31.0,0.0,6.88092240067717,1.4090909090909092,1.4090909090909092,22.0,0.0,0.0,1.0,1.0,5.0,0.2642137909691991,1.0,6.0,0.3977845714550377,3.0,10.0,0.0796384635831255,0.0,4.0,0.718520607622006,0.0,3.0,0.9192377517029408,0.0,3.0,0.8229022864045408
864.0,5.0,11.0,0.2340425531914893,8.219737036922433,47.0,274.0,5.829787234042553,0.0,0.0,3.0,35.0,4.0,6.569743052049068,1.5909090909090908,1.5909090909090908,22.0,0.0,0.0,0.907411035306334,1.0,12.0,0.5582488023717553,2.0,9.0,0.0028129125849247,0.0,11.0,0.2544605927107041,0.0,0.0,0.3690973645878196,0.0,0.0,0.6579339491246406,0.0,3.0,0.6083670449823817
872.0,4.0,11.0,0.2391304347826087,9.625574546846693,46.0,246.0,5.3478260869565215,0.0,0.0,4.0,23.0,0.0,7.940307332786733,1.3529411764705883,1.3529411764705883,17.0,0.0,0.0,0.9558236978373422,3.0,17.0,0.2395667423979268,0.0,3.0,0.8422145064165362,0.0,0.0,1.0,0.0,0.0,0.6874587356054837,1.0,3.0,0.4749700918972587,0.0,0.0,0.6338629263485174
880.0,8.0,24.0,0.5581395348837209,8.494432760776947,43.0,173.0,4.023255813953488,0.0,0.0,8.0,32.0,9.0,6.317989162026118,1.5238095238095235,1.5238095238095235,21.0,0.0,0.0,1.0,1.0,8.0,0.7232975311502285,2.0,4.0,0.1229301448215257,2.0,6.0,0.1643440539140687,1.0,3.0,0.67913225117315,2.0,11.0,0.4453028513182996,0.0,0.0,1.0
888.0,5.0,26.0,0.6046511627906976,8.464582776772149,43.0,179.0,4.162790697674419,6.0,0.1395348837209302,5.0,29.0,0.0,5.349061140029937,1.9333333333333331,1.9333333333333331,15.0,0.0,0.0,1.0,0.0,0.0,0.989022433068984,0.0,0.0,0.7472106045590038,1.0,11.0,0.3668113082094221,2.0,8.0,0.4461984829291586,2.0,7.0,0.1452959153191096,0.0,3.0,0.7302409105224796
896.0,4.0,6.0,0.1224489795918367,7.991916301230186,49.0,196.0,4.0,17.0,0.3469387755102041,3.0,22.0,0.0,5.461757257207977,1.375,1.375,16.0,1.0,7.0,0.3016261825947395,0.0,0.0,1.0,0.0,0.0,1.0,1.0,4.0,0.0,0.0,3.0,0.3922310654167396,1.0,5.0,0.227593135635775,0.0,3.0,0.9098938626968353
904.0,2.0,5.0,0.1020408163265306,9.768283877554476,49.0,185.0,3.7755102040816326,0.0,0.0,2.0,23.0,1.0,9.379846213285164,1.4375,1.4375,16.0,0.0,0.0,1.0,0.0,0.0,1.0,0.0,3.0,0.8670908195574059,0.0,0.0,1.0,1.0,15.0,0.7641287802348237,1.0,3.0,0.5018276227741365,0.0,2.0,0.9228421988379798
912.0,4.0,20.0,0.4,9.350557653432745,50.0,169.0,3.38,0.0,0.0,4.0,28.0,5.0,8.357375447036524,1.2727272727272727,1.2727272727272727,22.0,0.0,0.0,1.0,0.0,0.0,0.983154487706776,0.0,0.0,0.9465079832464132,2.0,9.0,0.2000387398185435,1.0,13.0,0.7011282551607133,1.0,6.0,0.5079163490200578,0.0,0.0,0.5673178061701644
920.0,8.0,31.0,0.6326530612244898,7.681948643440542,49.0,180.0,3.673469387755102,11.0,0.2244897959183673,7.0,33.0,5.0,4.816812123763573,1.5714285714285714,1.5714285714285714,21.0,0.0,0.0,0.1566343765573167,1.0,2.0,1.454962659207495e-05,0.0,0.0,1.0,0.0,0.0,1.0,2.0,4.0,0.3544959594827829,2.0,22.0,0.4861647004734264,2.0,5.0,0.0028076992301879
928.0,8.0,71.0,1.5434782608695652,6.348963024657537,46.0,162.0,3.5217391304347827,0.0,0.0,8.0,89.0,56.0,4.15166674845614,3.869565217391304,3.869565217391304,23.0,0.0,0.0,0.8969740333253412,0.0,0.0,1.0,0.0,0.0,1.0,0.0,3.0,0.3892049714825582,1.0,15.0,0.359371427732659,5.0,50.0,0.217800142824667,2.0,21.0,0.0
936.0,15.0,122.0,2.259259259259259,5.975863096455176,54.0,250.0,4.62962962962963,88.0,1.6296296296296295,14.0,138.0,49.0,4.454978799878337,4.181818181818182,4.181818181818182,33.0,1.0,1.0,0.4862430784062394,0.0,3.0,0.9277598418256602,0.0,0.0,0.9436838047182214,2.0,6.0,0.1664594934460539,4.0,24.0,0.2136710997254678,7.0,104.0,0.2867054225631538,0.0,0.0,0.1886292573105464
944.0,4.0,18.0,0.2857142857142857,7.662474451373865,63.0,300.0,4.761904761904762,50.0,0.7936507936507936,4.0,65.0,0.0,5.518649799820594,2.4074074074074074,2.4074074074074074,27.0,0.0,1.0,0.0669675814204314,0.0,3.0,0.4365887834581697,0.0,3.0,0.6960446447893511,1.0,12.0,0.4899399248153759,3.0,22.0,0.0918208160011574,0.0,21.0,0.5787718399969851,0.0,3.0,0.7161987539803041
952.0,9.0,23.0,0.359375,7.577703829972461,64.0,276.0,4.3125,0.0,0.0,8.0,79.0,14.0,5.460379120243906,2.257142857142857,2.257142857142857,35.0,0.0,0.0,0.4567175820265209,1.0,4.0,0.1448095872985238,0.0,0.0,0.1122615084990822,1.0,3.0,0.2520852943002828,1.0,19.0,0.5008731874894841,5.0,39.0,0.2762288338951687,0.0,14.0,0.7428912815797546
960.0,5.0,29.0,0.4393939393939394,8.448571986226277,66.0,327.0,4.954545454545454,51.0,0.7727272727272727,3.0,44.0,0.0,7.842615176423009,1.6296296296296295,1.6296296296296295,27.0,0.0,0.0,1.0,1.0,18.0,0.6122924511883949,0.0,1.0,0.8832873176336662,0.0,2.0,0.559359574566688,1.0,15.0,0.4923650071252014,1.0,8.0,0.5053551333391665,0.0,0.0,1.0
968.0,8.0,61.0,0.9682539682539684,8.606126003318815,63.0,247.0,3.920634920634921,0.0,0.0,7.0,87.0,43.0,7.035333509958009,2.71875,2.71875,32.0,0.0,0.0,0.9370907005593412,2.0,21.0,0.3907143026717241,0.0,2.0,0.9562770624612592,0.0,0.0,1.0,2.0,37.0,0.4463125122366668,3.0,19.0,0.3876547375733172,0.0,8.0,0.9590291660962242
976.0,13.0,124.0,1.968253968253968,7.9005957007221665,63.0,261.0,4.142857142857143,14.0,0.2222222222222222,11.0,128.0,41.0,5.611198064474363,3.878787878787879,3.878787878787879,33.0,1.0,1.0,0.5737100592895303,3.0,39.0,0.2326958211129918,0.0,0.0,0.2980665503048766,1.0,1.0,0.7057493016808091,1.0,31.0,0.6036993256477652,3.0,40.0,0.2840582204202662,2.0,16.0,0.3097998596858815
984.0,8.0,22.0,0.3859649122807017,8.191233677771784,57.0,309.0,5.421052631578948,48.0,0.8421052631578947,7.0,61.0,0.0,6.074436200226312,2.3461538461538463,2.3461538461538463,26.0,1.0,2.0,0.3022803803989611,1.0,4.0,0.6555825005080548,0.0,0.0,0.6739782474242547,0.0,0.0,0.0457403021051845,2.0,41.0,0.3273901585024231,3.0,11.0,0.4867300007511826,0.0,3.0,0.8097127052496039
992.0,6.0,38.0,0.7307692307692307,7.948973523747719,52.0,319.0,6.134615384615385,10.0,0.1923076923076923,6.0,99.0,38.0,4.863484013546715,4.5,4.5,22.0,0.0,0.0,1.0,1.0,12.0,0.0,0.0,0.0,1.0,1.0,6.0,0.4408394654414729,2.0,54.0,0.223538164299491,2.0,16.0,0.2506232268413013,0.0,11.0,0.72268841309555
1000.0,6.0,53.0,1.1041666666666667,8.198156880576654,48.0,324.0,6.75,5.0,0.1041666666666666,5.0,106.0,7.0,6.583981953396052,5.047619047619048,5.047619047619048,21.0,0.0,3.0,0.350609974846401,1.0,24.0,0.2955455294197314,0.0,6.0,0.936036210123549,0.0,0.0,1.0,1.0,53.0,0.710322735660898,2.0,20.0,0.2678642252469884,1.0,0.0,0.0
1008.0,9.0,47.0,0.9591836734693876,7.855855630611647,49.0,321.0,6.551020408163265,0.0,0.0,7.0,90.0,0.0,6.036324681154258,3.9130434782608696,3.9130434782608696,23.0,0.0,0.0,1.0,2.0,17.0,0.3177756567964284,0.0,0.0,0.9438233192231168,0.0,0.0,1.0,1.0,55.0,0.5228728623574114,3.0,12.0,0.4118492869231898,1.0,6.0,0.4302426345675731
1016.0,9.0,44.0,0.8148148148148148,7.665252555567735,54.0,358.0,6.62962962962963,37.0,0.6851851851851852,7.0,89.0,0.0,5.203799941190963,4.684210526315789,4.684210526315789,19.0,0.0,0.0,0.95136209177355,0.0,0.0,1.0,1.0,2.0,0.2543333428697579,0.0,0.0,1.0,2.0,67.0,0.4957796283815048,4.0,14.0,0.0820522659871621,0.0,6.0,0.765081185423539
1024.0,11.0,76.0,1.3103448275862069,8.16155680707647,58.0,349.0,6.017241379310345,0.0,0.0,8.0,120.0,31.0,6.210237493922361,5.454545454545454,5.454545454545454,22.0,0.0,3.0,0.4826191596995471,0.0,0.0,0.527980216926232,0.0,0.0,1.0,2.0,4.0,0.1010411562314345,2.0,87.0,0.5685415999221057,4.0,20.0,0.3811518391385483,0.0,6.0,0.7446200378945044
1032.0,5.0,77.0,1.2419354838709675,8.382965396698461,62.0,342.0,5.516129032258065,0.0,0.0,4.0,123.0,3.0,6.22660483614466,5.3478260869565215,5.3478260869565215,23.0,0.0,0.0,1.0,0.0,0.0,0.9050034170109764,0.0,6.0,0.9570498429060376,0.0,0.0,0.2719665173155726,1.0,81.0,0.6492860768315667,3.0,32.0,0.1787110886462463,0.0,4.0,0.9583927120258412
1040.0,11.0,56.0,0.9491525423728814,7.355997221121,59.0,321.0,5.440677966101695,0.0,0.0,9.0,79.0,0.0,4.911567666203325,2.6333333333333333,2.6333333333333333,30.0,0.0,0.0,0.0097263733957899,1.0,2.0,0.3369347058121998,1.0,4.0,0.251850742242008,0.0,0.0,0.6315925869195955,1.0,20.0,0.5153367160692571,6.0,53.0,0.2513712745453356,0.0,0.0,1.0
1048.0,14.0,70.0,1.044776119402985,6.029864114360849,67.0,416.0,6.208955223880597,95.0,1.417910447761194,7.0,118.0,39.0,5.057457818639749,3.6875,3.6875,32.0,1.0,8.0,0.4734102649994334,0.0,4.0,0.2657550120797603,0.0,2.0,0.4821355632824411,0.0,24.0,0.929897860948298,5.0,54.0,0.2476315442250299,1.0,26.0,0.3906879734282188,0.0,0.0,0.6282612535857268
1072.0,12.0,74.0,0.925,8.195163974383307,80.0,644.0,8.05,62.0,0.775,10.0,169.0,74.0,6.5325778894365065,4.567567567567568,4.567567567567568,37.0,0.0,0.0,0.9686245677678909,0.0,0.0,0.9342988700856992,0.0,0.0,1.0,0.0,5.0,0.703944114867876,4.0,102.0,0.3464271462310522,6.0,62.0,0.4297043304536044,0.0,0.0,0.9352888173172332
1080.0,18.0,186.0,2.354430379746836,7.259804995639052,79.0,708.0,8.962025316455696,64.0,0.810126582278481,14.0,239.0,70.0,5.116906774739941,5.829268292682927,5.829268292682927,41.0,0.0,0.0,0.5176288620580477,0.0,0.0,0.8853815353607504,0.0,3.0,0.9157318332751598,2.0,11.0,0.204423166649194,6.0,130.0,0.3070836691418339,6.0,95.0,0.1239948728077177,0.0,0.0,0.8765415547750159
1088.0,10.0,47.0,0.6351351351351351,7.316181664845805,74.0,724.0,9.783783783783784,16.0,0.2162162162162162,7.0,187.0,0.0,4.974206821771536,5.342857142857143,5.342857142857143,35.0,0.0,0.0,0.9242721241323788,0.0,0.0,1.0,0.0,0.0,1.0,3.0,17.0,0.0005940150195425,0.0,75.0,0.4573614904609465,2.0,88.0,0.2768710106344708,2.0,7.0,0.1241672369403336
1096.0,10.0,67.0,0.9852941176470588,7.56184882968025,68.0,610.0,8.970588235294118,0.0,0.0,8.0,107.0,0.0,6.6494061419288375,2.743589743589744,2.743589743589744,39.0,1.0,2.0,0.0167032941896321,0.0,0.0,1.0,1.0,1.0,0.3619714553796167,2.0,28.0,0.5106511018458134,4.0,57.0,0.4050245881230497,0.0,19.0,0.7454149641524135,0.0,0.0,0.8525588465078766
1104.0,19.0,60.0,0.8333333333333334,6.106247992987109,72.0,658.0,9.13888888888889,48.0,0.6666666666666666,16.0,123.0,16.0,3.536242215297864,3.075,3.075,40.0,0.0,0.0,0.0824702216998813,0.0,0.0,0.9508506658439744,0.0,0.0,0.7929568700154469,1.0,5.0,0.121739464703504,13.0,108.0,0.0906728033188592,2.0,10.0,0.4929415005865626,0.0,0.0,0.5339532470508074
1112.0,14.0,59.0,0.7662337662337663,6.87966085103783,77.0,688.0,8.935064935064934,30.0,0.3896103896103896,13.0,160.0,37.0,4.429916632231112,4.2105263157894735,4.2105263157894735,38.0,0.0,0.0,1.0,0.0,0.0,1.0,0.0,3.0,0.7092476609159526,0.0,0.0,1.0,10.0,147.0,0.1959283034089981,2.0,5.0,0.3384720578655622,1.0,5.0,0.5248545856489836
1120.0,14.0,77.0,0.875,6.590643619440552,88.0,687.0,7.806818181818182,0.0,0.0,13.0,195.0,35.0,4.004296534715027,4.239130434782608,4.239130434782608,46.0,0.0,0.0,1.0,1.0,4.0,0.4154013394828349,1.0,6.0,0.3062782093964286,0.0,0.0,0.0065809859407514,5.0,167.0,0.2726854066681872,6.0,17.0,0.1391167526610894,0.0,1.0,0.856787307776105
1128.0,10.0,54.0,0.627906976744186,6.920683347703294,86.0,631.0,7.337209302325581,0.0,0.0,9.0,155.0,0.0,5.1742321214823175,3.875,3.875,40.0,0.0,0.0,0.8857103469065155,1.0,7.0,0.3571330694839344,0.0,0.0,1.0,1.0,3.0,0.643734959519305,1.0,118.0,0.3037392090701352,3.0,17.0,0.3928510473814738,3.0,10.0,0.1717057482606649
1136.0,15.0,48.0,0.5454545454545454,6.886532936136169,88.0,644.0,7.318181818181818,13.0,0.1477272727272727,13.0,195.0,40.0,4.43395862631975,4.333333333333333,4.333333333333333,45.0,1.0,3.0,0.4829214883178712,2.0,25.0,0.5270781872706258,0.0,0.0,0.5321386786966811,1.0,3.0,6.914174417182756e-05,4.0,123.0,0.2602822253881039,5.0,38.0,0.2053992166726618,0.0,3.0,0.8341466519747596
1144.0,11.0,66.0,0.825,6.621021471137111,80.0,563.0,7.0375,0.0,0.0,9.0,194.0,0.0,3.163475183524766,5.105263157894737,5.105263157894737,38.0,2.0,17.0,0.19988342828152,4.0,49.0,0.233663996145828,1.0,6.0,0.0,0.0,3.0,0.0219319709403495,0.0,83.0,0.2644894801536117,2.0,36.0,0.2279553270230939,0.0,0.0,1.0
1152.0,14.0,69.0,0.8518518518518519,7.214433161602785,81.0,622.0,7.679012345679013,59.0,0.7283950617283951,10.0,156.0,0.0,6.000038129796508,3.391304347826087,3.391304347826087,46.0,0.0,0.0,0.719160042941468,1.0,11.0,0.2604033408580722,1.0,3.0,0.5807893008163193,0.0,0.0,0.7585258363603211,4.0,86.0,0.2850625146481571,4.0,56.0,0.5249712237920225,0.0,0.0,1.0
1160.0,7.0,37.0,0.4683544303797468,7.854845146418159,79.0,627.0,7.936708860759493,5.0,0.0632911392405063,7.0,139.0,0.0,4.223527888420622,3.756756756756757,3.756756756756757,37.0,1.0,5.0,0.2523343325117945,2.0,13.0,0.0005044700034826,0.0,0.0,0.811597688185996,0.0,0.0,0.9397878502685512,3.0,87.0,0.22976003136436,1.0,34.0,0.3901531335679993,0.0,0.0,1.0
1168.0,10.0,42.0,0.5753424657534246,7.112110703905571,73.0,570.0,7.808219178082192,0.0,0.0,10.0,139.0,0.0,5.131307239780638,3.475,3.475,40.0,2.0,14.0,0.1950530430401871,0.0,3.0,0.9622238501975118,0.0,0.0,0.5733102701246443,3.0,7.0,0.2319867284822066,3.0,73.0,0.2786254891739124,2.0,42.0,0.2468445702729588,0.0,0.0,1.0
1176.0,10.0,71.0,1.0757575757575757,7.337121580667753,66.0,591.0,8.954545454545455,21.0,0.3181818181818182,10.0,149.0,10.0,4.762699611706007,4.515151515151516,4.515151515151516,33.0,2.0,14.0,0.0159886128816668,0.0,0.0,0.9190814884347328,2.0,9.0,0.3223712518166656,1.0,13.0,0.1631991530499958,4.0,73.0,0.18259849082847,1.0,33.0,0.5192198150180396,0.0,7.0,0.7980520830626404
1184.0,9.0,74.0,1.121212121212121,7.13911770079682,66.0,596.0,9.030303030303031,5.0,0.0757575757575757,6.0,125.0,0.0,4.5518147002043765,4.62962962962963,4.62962962962963,27.0,0.0,5.0,0.4325842220723006,0.0,5.0,0.95584131974745,1.0,10.0,0.2253607854933687,1.0,7.0,0.0,1.0,73.0,0.2527684774708467,3.0,25.0,0.0012293515641069,0.0,0.0,0.9400297762574136
1192.0,5.0,97.0,1.7017543859649122,9.235101731153025,57.0,464.0,8.140350877192983,0.0,0.0,4.0,103.0,0.0,5.695050285881202,7.923076923076923,7.923076923076923,13.0,1.0,8.0,0.0,0.0,2.0,0.8945320113923773,1.0,13.0,0.484676848331545,0.0,0.0,1.0,1.0,58.0,0.4272890957270799,1.0,22.0,0.0,0.0,0.0,0.7017601338911261
1200.0,8.0,83.0,1.5660377358490567,9.039954877815932,53.0,335.0,6.320754716981132,0.0,0.0,5.0,78.0,0.0,7.883684220802751,3.9,3.9,20.0,1.0,2.0,0.4693550363892665,1.0,17.0,0.6634961663499508,1.0,0.0,0.1376398513558371,0.0,0.0,1.0,2.0,59.0,0.4371532922175173,0.0,0.0,0.8466733069945864,0.0,0.0,0.9033852444534498
1208.0,3.0,29.0,0.4754098360655737,9.930758876403583,61.0,276.0,4.524590163934426,0.0,0.0,3.0,32.0,0.0,9.126080796374673,1.4545454545454546,1.4545454545454546,22.0,1.0,10.0,0.0,0.0,0.0,0.9738823616486276,0.0,0.0,0.5262950954318609,0.0,0.0,0.9348309905857912,2.0,19.0,0.5860073433293248,0.0,0.0,0.8372481633196696,0.0,3.0,0.7746616758489755
1216.0,9.0,38.0,0.6229508196721312,8.05852961983821,61.0,245.0,4.016393442622951,0.0,0.0,6.0,37.0,5.0,5.503389986163326,1.48,1.48,25.0,0.0,0.0,0.9787291768488536,2.0,9.0,0.3574390297288255,0.0,0.0,0.3819229319024912,2.0,2.0,0.3088625685774252,1.0,23.0,0.4609652907296124,1.0,3.0,0.1970941955620735,0.0,0.0,0.8799560582694832
1224.0,9.0,34.0,0.4927536231884058,7.575541573848311,69.0,270.0,3.9130434782608696,25.0,0.3623188405797101,6.0,31.0,0.0,5.455123941476127,1.148148148148148,1.148148148148148,27.0,1.0,4.0,0.5716052994522847,0.0,0.0,0.2751032722882057,1.0,0.0,0.5191400820507883,3.0,14.0,0.3310646566743629,0.0,7.0,0.3626894763389714,0.0,3.0,0.5540928447285854,1.0,3.0,0.2160896187492143
1232.0,10.0,74.0,0.9135802469135802,9.207964421724546,81.0,284.0,3.506172839506173,14.0,0.1728395061728395,7.0,68.0,37.0,8.304689061603378,2.193548387096774,2.193548387096774,31.0,1.0,2.0,8.389604386791907e-05,0.0,0.0,0.949494160808472,1.0,0.0,0.4327587052938386,2.0,27.0,0.0912524833219798,0.0,5.0,0.8917588784637032,0.0,7.0,0.7763154018664303,3.0,27.0,0.3265864332586722
1240.0,10.0,63.0,0.7325581395348837,8.919744774236921,86.0,312.0,3.627906976744186,28.0,0.3255813953488372,7.0,97.0,29.0,8.006261224548785,2.771428571428572,2.771428571428572,35.0,0.0,1.0,0.9691609725837846,2.0,5.0,0.5341650802281153,0.0,6.0,0.7555269034465066,2.0,43.0,0.4804431577113973,0.0,22.0,0.6969969047082992,0.0,0.0,0.7015349881201087,3.0,20.0,0.2708376642088561
1248.0,12.0,48.0,0.5517241379310345,8.089239678315279,87.0,357.0,4.103448275862069,45.0,0.5172413793103449,10.0,62.0,0.0,6.898386830451924,1.4090909090909092,1.4090909090909092,44.0,0.0,0.0,0.96227923208694,1.0,8.0,0.5646009600815024,1.0,6.0,0.5660247685794223,4.0,12.0,0.1771729446939753,0.0,6.0,0.6816204555769582,3.0,16.0,0.458214423090812,1.0,14.0,0.593377972205447
1256.0,15.0,75.0,0.8928571428571429,7.483682282665192,84.0,418.0,4.976190476190476,61.0,0.7261904761904762,13.0,79.0,17.0,5.580243623090717,1.9268292682926829,1.9268292682926829,41.0,0.0,0.0,0.9482720801498272,3.0,11.0,0.3527924587379685,3.0,23.0,0.2434870152981918,1.0,9.0,0.0495593564542781,0.0,4.0,0.8454124338190554,0.0,5.0,0.5587230081983935,6.0,27.0,0.2195290111283648
1280.0,5.0,25.0,0.3378378378378378,8.28876938751855,74.0,450.0,6.081081081081081,0.0,0.0,2.0,55.0,0.0,8.45707337501714,1.6666666666666667,1.6666666666666667,33.0,0.0,24.0,0.2086184175766086,0.0,7.0,0.8959113262360501,0.0,0.0,0.9415747426750471,1.0,3.0,0.4749649814493779,1.0,8.0,0.6409444395632832,0.0,12.0,0.6369632765006793,0.0,1.0,0.7189818886453073
1288.0,6.0,28.0,0.3943661971830985,9.343217029388722,71.0,439.0,6.183098591549296,0.0,0.0,5.0,44.0,0.0,8.98507259599433,1.5714285714285714,1.5714285714285714,28.0,0.0,0.0,0.6937770497666169,0.0,3.0,0.8810110688079484,0.0,0.0,0.6102852832538539,3.0,8.0,0.1635709981299147,1.0,23.0,0.7997301645183029,0.0,3.0,0.8350007979346824,1.0,7.0,0.6963920189207191
1296.0,6.0,28.0,0.3544303797468354,8.552776139705847,79.0,418.0,5.291139240506329,0.0,0.0,5.0,43.0,0.0,7.28773260631441,1.4333333333333331,1.4333333333333331,30.0,0.0,0.0,1.0,0.0,0.0,0.4961539299299325,0.0,0.0,0.6994166530499921,2.0,11.0,0.1133160936927493,2.0,15.0,0.4513377319390032,0.0,3.0,0.8053872616982546,1.0,14.0,0.6987023561473426
1304.0,17.0,111.0,1.353658536585366,6.926002820239571,82.0,424.0,5.170731707317073,6.0,0.073170731707317,15.0,130.0,87.0,4.874852929535281,3.25,3.25,40.0,0.0,0.0,0.5116515768070542,0.0,0.0,0.7774779628417455,0.0,0.0,0.2800263883591827,4.0,38.0,0.1833679118681029,7.0,60.0,0.252311176240345,1.0,4.0,0.6527275749812246,3.0,28.0,0.3304148177689717
1312.0,21.0,102.0,1.275,6.725045880975434,80.0,487.0,6.0875,63.0,0.7875,19.0,140.0,10.0,3.3359661674739605,3.783783783783784,3.783783783783784,37.0,2.0,5.0,0.3705377343394614,2.0,2.0,0.266255647923665,1.0,5.0,0.0,1.0,22.0,0.0,6.0,67.0,0.1463579334630775,2.0,6.0,0.4421398777266534,5.0,33.0,0.1627331126375729
1320.0,4.0,34.0,0.430379746835443,8.636517732969033,79.0,501.0,6.341772151898734,14.0,0.1772151898734177,4.0,90.0,0.0,6.453441698548222,2.5,2.5,36.0,0.0,1.0,0.5101357352769166,0.0,0.0,0.7887664911151435,0.0,0.0,0.9380219465815172,0.0,4.0,0.5679239470287842,0.0,44.0,0.3797393023760205,4.0,38.0,0.3633007457904753,0.0,3.0,0.337693634111421
1328.0,4.0,10.0,0.136986301369863,9.664641281153909,73.0,430.0,5.890410958904109,0.0,0.0,3.0,36.0,0.0,8.208685727182734,1.6363636363636365,1.6363636363636365,22.0,1.0,5.0,0.0,1.0,4.0,0.4195375078600609,0.0,0.0,0.9800799046609758,1.0,4.0,0.2499009787352488,0.0,22.0,0.8207718310848113,0.0,1.0,0.7288745063230465,0.0,0.0,1.0
1336.0,5.0,21.0,0.2957746478873239,10.357094114976334,71.0,445.0,6.267605633802817,15.0,0.2112676056338028,4.0,52.0,16.0,10.33177889162926,1.4857142857142858,1.4857142857142858,35.0,0.0,0.0,1.0,0.0,8.0,0.9125115287205494,0.0,2.0,0.9598554510812276,4.0,18.0,0.1295183356488143,0.0,15.0,0.916498258322196,0.0,0.0,0.9070116131617374,0.0,9.0,0.9194451037687288
1344.0,3.0,19.0,0.296875,9.109057937995464,64.0,358.0,5.59375,0.0,0.0,2.0,32.0,0.0,5.9282098321870285,1.28,1.28,25.0,0.0,0.0,0.0745022170794996,0.0,0.0,1.0,0.0,5.0,0.397089330560737,1.0,24.0,0.463170132835813,0.0,0.0,0.8486377729974603,1.0,3.0,0.4481694351950383,0.0,0.0,1.0
1352.0,10.0,71.0,1.339622641509434,7.759964704006304,53.0,383.0,7.226415094339623,25.0,0.4716981132075472,10.0,81.0,49.0,3.796671336753903,4.5,4.5,18.0,5.0,33.0,0.0033181390316193,0.0,0.0,0.9289077692884672,0.0,4.0,0.8881764309180455,5.0,42.0,0.1497374868746049,0.0,0.0,0.9664514701692332,0.0,0.0,0.4102046119138122,0.0,2.0,0.7255240767495122
1360.0,3.0,34.0,0.8095238095238095,9.638971937674196,42.0,359.0,8.547619047619047,0.0,0.0,3.0,43.0,0.0,6.651102473021937,5.375,5.375,8.0,0.0,9.0,0.3299141708470837,0.0,0.0,0.937687971117255,0.0,0.0,0.9483200542423824,3.0,34.0,3.7222122337561966e-06,0.0,0.0,1.0,0.0,0.0,0.9266091959397528,0.0,0.0,0.9060391852970716
1368.0,3.0,15.0,0.3947368421052631,9.399713932477669,38.0,308.0,8.105263157894736,0.0,0.0,2.0,27.0,0.0,9.036791181488825,2.4545454545454546,2.4545454545454546,11.0,0.0,0.0,1.0,0.0,8.0,0.875218041098765,0.0,0.0,0.9919088721990608,1.0,13.0,0.0,0.0,4.0,0.6288378692122384,0.0,0.0,1.0,1.0,2.0,0.4852238583653337
1376.0,4.0,14.0,0.358974358974359,8.842185260081022,39.0,313.0,8.025641025641026,5.0,0.1282051282051282,3.0,25.0,0.0,7.051628373211595,2.083333333333333,2.083333333333333,12.0,0.0,0.0,1.0,0.0,7.0,0.8425530729718265,1.0,1.0,0.0075466339895397,0.0,4.0,0.3155560473808632,2.0,13.0,0.0,0.0,0.0,0.772569588839733,0.0,0.0,0.9070244524645475
1384.0,2.0,1.0,0.027027027027027,8.784368981470786,37.0,275.0,7.432432432432432,0.0,0.0,1.0,3.0,0.0,9.257118871377385,0.2727272727272727,0.2727272727272727,11.0,0.0,0.0,0.497442738450927,0.0,0.0,0.751946586136927,1.0,1.0,0.005293679231217,0.0,2.0,0.6226395089626232,0.0,0.0,1.0,0.0,0.0,0.9466832467831676,0.0,0.0,1.0
1392.0,3.0,11.0,0.275,9.343345908805352,40.0,211.0,5.275,0.0,0.0,2.0,16.0,13.0,7.893867761081237,1.0666666666666669,1.0666666666666669,15.0,0.0,0.0,0.4356260387910755,1.0,7.0,0.3256568154760611,0.0,3.0,0.6621474949688837,1.0,4.0,9.278166602826614e-05,0.0,2.0,0.9602581175655313,0.0,0.0,0.3099494466886682,0.0,0.0,0.9639781684943856
1400.0,3.0,9.0,0.1914893617021276,9.27464591727338,47.0,176.0,3.74468085106383,0.0,0.0,3.0,19.0,3.0,6.534079243432956,1.1875,1.1875,16.0,1.0,7.0,0.194259078361065,0.0,3.0,0.7764385416349506,2.0,8.0,0.4316889887894128,0.0,0.0,1.0,0.0,1.0,0.8039870142616063,0.0,0.0,0.9414762005519668,0.0,0.0,1.0
1408.0,1.0,3.0,0.06,9.722285506008417,50.0,169.0,3.38,0.0,0.0,1.0,16.0,0.0,8.120195614672292,0.8421052631578947,0.8421052631578947,19.0,0.0,0.0,0.3989658238080579,0.0,11.0,0.7055455308430449,1.0,3.0,0.4030987339146608,0.0,0.0,1.0,0.0,0.0,0.8337088918237494,0.0,2.0,0.7346965953987246,0.0,0.0,1.0
1416.0,6.0,11.0,0.2037037037037037,9.096033681091887,54.0,191.0,3.537037037037037,22.0,0.4074074074074074,4.0,21.0,5.0,8.192267193564417,1.1666666666666667,1.1666666666666667,18.0,3.0,9.0,0.1661856668767571,1.0,2.0,0.4986005961917876,0.0,9.0,0.8811616756118106,0.0,0.0,0.9348902876202684,0.0,0.0,1.0,0.0,0.0,0.8542437138360411,0.0,1.0,0.5443802913422515
1424.0,5.0,10.0,0.1666666666666666,9.14029220267224,60.0,229.0,3.816666666666667,38.0,0.6333333333333333,2.0,24.0,3.0,8.840038641949599,1.411764705882353,1.411764705882353,17.0,2.0,16.0,0.2495104060004155,0.0,4.0,0.7559652977547392,0.0,3.0,0.989238533541841,0.0,0.0,1.0,0.0,0.0,1.0,0.0,0.0,0.9872093151208976,0.0,1.0,0.8193432825040547
1432.0,1.0,6.0,0.0967741935483871,10.10396022354016,62.0,181.0,2.919354838709677,0.0,0.0,1.0,18.0,0.0,9.123761851167966,1.125,1.125,16.0,1.0,8.0,0.3793099379447157,0.0,9.0,0.8628444290961819,0.0,0.0,1.0,0.0,1.0,0.921396569673043,0.0,0.0,1.0,0.0,0.0,0.8457100174795101,0.0,0.0,0.4763958896370639
1440.0,6.0,14.0,0.2413793103448276,8.773843637676292,58.0,170.0,2.931034482758621,0.0,0.0,4.0,28.0,10.0,7.221021429164235,1.2727272727272727,1.2727272727272727,22.0,4.0,19.0,0.1854991933490454,0.0,6.0,0.7015635635901172,0.0,3.0,0.971405803177818,0.0,0.0,1.0,0.0,0.0,0.9285280532632504,0.0,0.0,0.6627182580704853,0.0,0.0,0.9345970841624776
1448.0,14.0,82.0,1.4642857142857142,6.896954685498867,56.0,239.0,4.267857142857143,69.0,1.2321428571428572,10.0,67.0,39.0,5.135259598611189,2.2333333333333334,2.2333333333333334,30.0,7.0,54.0,0.1405241496060263,1.0,5.0,0.6048991828033827,0.0,0.0,1.0,1.0,4.0,0.0924607195230038,0.0,0.0,0.6602490477929679,1.0,4.0,0.6679908893835448,0.0,0.0,0.0120739369256683
1456.0,10.0,56.0,1.018181818181818,6.871336365503828,55.0,308.0,5.6,69.0,1.2545454545454546,8.0,80.0,13.0,5.708309393048609,3.2,3.2,25.0,1.0,36.0,0.3891468058504205,2.0,17.0,0.4493498632238297,0.0,0.0,1.0,0.0,2.0,0.2635876106619129,0.0,0.0,0.765205448519938,5.0,25.0,0.3423572254425836,0.0,0.0,1.0
1464.0,3.0,16.0,0.2807017543859649,9.23885054836826,57.0,319.0,5.596491228070176,11.0,0.1929824561403508,2.0,54.0,0.0,8.532635868141714,2.8421052631578947,2.8421052631578947,19.0,1.0,29.0,0.3067316585273217,0.0,3.0,0.5978243373517854,0.0,0.0,1.0,0.0,0.0,1.0,0.0,9.0,0.8973788636092574,1.0,13.0,0.518204880276638,0.0,0.0,1.0
1472.0,6.0,28.0,0.4375,9.194334926165066,64.0,339.0,5.296875,20.0,0.3125,4.0,54.0,0.0,9.602153886281217,2.0,2.0,27.0,1.0,18.0,0.4966204434618975,0.0,4.0,0.6368579500010308,0.0,0.0,0.9196072755920264,0.0,0.0,1.0,1.0,6.0,0.3811139846030088,2.0,12.0,0.6693994633487887,0.0,14.0,0.8768946562465445
1496.0,3.0,33.0,0.6875,9.585066804253456,48.0,197.0,4.104166666666667,0.0,0.0,3.0,54.0,2.0,7.202706746800724,3.375,3.375,16.0,1.0,20.0,0.0,0.0,9.0,0.4385033974353524,0.0,0.0,1.0,0.0,0.0,1.0,1.0,5.0,0.0,1.0,14.0,0.6010570652220893,0.0,6.0,0.941887638298792
1504.0,6.0,39.0,0.9069767441860463,8.937921409129025,43.0,120.0,2.7906976744186047,0.0,0.0,4.0,57.0,3.0,6.538511812949993,3.8,3.8,15.0,1.0,28.0,0.0,2.0,20.0,0.2895583786529809,1.0,0.0,0.0,0.0,0.0,1.0,0.0,3.0,0.6103981153452226,0.0,6.0,0.7321994457806733,0.0,0.0,0.2656573276284343
1512.0,4.0,10.0,0.2631578947368421,10.389958694018643,38.0,138.0,3.631578947368421,18.0,0.4736842105263157,3.0,16.0,0.0,8.883680644508145,1.0666666666666669,1.0666666666666669,15.0,1.0,1.0,0.5135011807437729,1.0,5.0,0.3126118893981546,0.0,2.0,0.9710249677337954,0.0,0.0,0.980109422219397,0.0,3.0,0.9159489040243016,1.0,5.0,0.4751119705650174,0.0,0.0,1.0
1520.0,4.0,6.0,0.1578947368421052,10.071590941035044,38.0,143.0,3.763157894736842,5.0,0.131578947368421,3.0,16.0,0.0,9.478719521061093,1.2307692307692308,1.2307692307692308,13.0,2.0,2.0,0.334017035618662,0.0,0.0,0.7159981958086779,1.0,11.0,0.6466240936851048,0.0,0.0,1.0,0.0,0.0,0.9454870173881236,0.0,0.0,0.983688877383214,0.0,3.0,0.6875714139851209
1528.0,4.0,22.0,0.4782608695652174,8.592581877432291,46.0,159.0,3.4565217391304346,16.0,0.3478260869565217,4.0,30.0,14.0,4.529797396199266,2.3076923076923075,2.3076923076923075,13.0,4.0,29.0,0.1190514054214294,0.0,0.0,0.9137134558515324,0.0,1.0,0.3511856039020283,0.0,0.0,1.0,0.0,0.0,1.0,0.0,0.0,0.5318454272830664,0.0,0.0,1.0
1536.0,4.0,20.0,0.4081632653061224,8.902123245921077,49.0,159.0,3.2448979591836733,0.0,0.0,4.0,28.0,0.0,7.212461911023641,1.2727272727272727,1.2727272727272727,22.0,1.0,21.0,0.0363030789883423,1.0,1.0,0.6555002648315548,0.0,4.0,0.9037973150002514,0.0,0.0,0.4916219657834964,1.0,2.0,0.4353019908610521,1.0,0.0,0.4064290647817277,0.0,0.0,1.0
1544.0,7.0,60.0,1.2765957446808511,8.202848365280783,47.0,169.0,3.595744680851064,10.0,0.2127659574468085,7.0,68.0,40.0,7.036053274572556,2.6153846153846154,2.6153846153846154,26.0,1.0,25.0,0.4580772841156165,1.0,5.0,0.3289737166581782,0.0,7.0,0.5924691239363934,1.0,4.0,4.502932907541168e-05,2.0,18.0,0.5949103040916469,2.0,9.0,0.5229861366313795,0.0,0.0,0.0095702150471023
1552.0,6.0,51.0,0.9272727272727272,8.27580199040665,55.0,218.0,3.963636363636364,49.0,0.8909090909090909,4.0,60.0,0.0,8.15219453242407,2.5,2.5,24.0,1.0,5.0,7.04281438862701e-06,0.0,5.0,0.5879166493387662,0.0,5.0,0.5624274145731436,0.0,0.0,1.0,2.0,34.0,0.426869729067541,1.0,8.0,0.6830215498542569,0.0,3.0,0.8756907405733501
1560.0,7.0,78.0,1.368421052631579,7.8217757109393,57.0,264.0,4.631578947368421,46.0,0.8070175438596491,3.0,67.0,7.0,6.863925121690729,3.526315789473684,3.526315789473684,19.0,0.0,0.0,0.9266609004912388,0.0,0.0,0.9460673781554344,0.0,3.0,0.2849890626338859,0.0,0.0,0.5855893599431943,2.0,59.0,0.4668405807668666,1.0,5.0,0.4913164487811501,0.0,0.0,1.0
1568.0,11.0,112.0,1.8983050847457628,8.287832398140516,59.0,283.0,4.796610169491525,19.0,0.3220338983050847,7.0,106.0,39.0,7.024969143650512,4.608695652173913,4.608695652173913,23.0,1.0,4.0,0.0004765355505449,1.0,4.0,0.4774548835340105,0.0,6.0,0.9223922355109576,1.0,6.0,0.4928399150922664,4.0,81.0,0.2389421779071492,0.0,2.0,0.7400365638804006,0.0,3.0,0.943883054856578
1576.0,7.0,134.0,2.4814814814814814,7.61644765050078,54.0,278.0,5.148148148148148,0.0,0.0,4.0,107.0,1.0,6.566321624336169,5.631578947368421,5.631578947368421,19.0,0.0,0.0,0.8650945057392148,1.0,5.0,0.3184209390144866,0.0,3.0,0.6954786736767626,1.0,5.0,0.0,2.0,85.0,0.280614789237233,0.0,6.0,0.6472824814424255,0.0,3.0,0.6013074921825913
1584.0,9.0,194.0,3.88,8.431749637667785,50.0,304.0,6.08,26.0,0.52,5.0,137.0,30.0,7.974574635181448,6.227272727272728,6.227272727272728,22.0,1.0,2.0,0.0017082644894541,1.0,15.0,0.6645274757566714,0.0,0.0,0.4861426289581116,1.0,13.0,0.4571190328031068,2.0,98.0,0.4096302282472649,0.0,9.0,0.7722289037216971,0.0,0.0,0.2653761173287229
1592.0,9.0,229.0,4.770833333333333,8.72679889300541,48.0,351.0,7.3125,47.0,0.9791666666666666,4.0,123.0,0.0,8.141712541559306,6.473684210526316,6.473684210526316,19.0,0.0,3.0,0.4786116374498085,1.0,2.0,0.4973927729430163,0.0,0.0,1.0,0.0,0.0,0.9213640063962923,2.0,114.0,0.5390800238017425,1.0,4.0,0.6689311134695108,0.0,0.0,1.0
1600.0,6.0,75.0,1.6304347826086956,8.41071847193271,46.0,381.0,8.282608695652174,30.0,0.6521739130434783,4.0,19.0,0.0,7.799799041899462,1.2666666666666666,1.2666666666666666,15.0,0.0,0.0,0.9271964464928398,1.0,3.0,0.30152430698454,0.0,0.0,0.6215477083216804,0.0,0.0,1.0,2.0,7.0,0.5840189324518784,1.0,6.0,0.614285356676585,0.0,3.0,0.7668639030517852
1608.0,7.0,26.0,0.6046511627906976,7.971586059141184,43.0,375.0,8.720930232558139,0.0,0.0,3.0,91.0,72.0,7.4082367498308175,5.6875,5.6875,16.0,0.0,0.0,0.4889953510013467,0.0,3.0,0.9970706059450594,1.0,1.0,0.479472971991224,0.0,0.0,0.9819706618599991,1.0,67.0,0.1823021540819727,1.0,17.0,0.52930552546972,0.0,3.0,0.7242264250443382
1616.0,11.0,71.0,1.6904761904761905,6.973420076238115,42.0,420.0,10.0,45.0,1.0714285714285714,6.0,93.0,2.0,6.1605125305323005,4.428571428571429,4.428571428571429,21.0,0.0,1.0,0.4045621517027868,0.0,0.0,1.0,2.0,13.0,5.112329253583763e-06,1.0,3.0,2.6679399773976377e-05,1.0,62.0,0.5529288371943796,0.0,8.0,0.8008887410534674,2.0,6.0,0.2826568770674005
1624.0,7.0,16.0,0.3333333333333333,8.379014506478704,48.0,467.0,9.729166666666666,47.0,0.9791666666666666,7.0,87.0,0.0,6.5449789773175695,3.625,3.625,24.0,0.0,0.0,0.562104636572435,0.0,0.0,0.966121037182907,0.0,3.0,0.8882236468165035,0.0,0.0,1.0,1.0,67.0,0.488831915390168,4.0,10.0,0.2718877948169247,2.0,7.0,0.3580663362439534
1632.0,6.0,29.0,0.6304347826086957,7.591207161398845,46.0,449.0,9.76086956521739,0.0,0.0,5.0,81.0,0.0,6.1880061964343085,4.05,4.05,20.0,0.0,0.0,0.1095410081881173,0.0,5.0,0.9561391665980412,0.0,3.0,0.1941739981171457,0.0,0.0,0.9954907055350684,1.0,33.0,0.6316339518110318,1.0,10.0,0.4344979834312333,3.0,30.0,0.3170589524042202
1640.0,7.0,23.0,0.4693877551020408,8.359539448930745,49.0,460.0,9.387755102040815,11.0,0.2244897959183673,5.0,36.0,0.0,6.521743041921516,1.894736842105263,1.894736842105263,19.0,0.0,0.0,1.0,0.0,0.0,0.9034947101130292,0.0,0.0,1.0,0.0,0.0,1.0,0.0,0.0,0.6236013340733413,3.0,26.0,0.4477325197497957,2.0,10.0,0.3475881619803182
1648.0,13.0,60.0,1.1111111111111112,7.832640368427367,54.0,487.0,9.01851851851852,27.0,0.5,8.0,72.0,36.0,6.569978454813175,3.4285714285714284,3.4285714285714284,21.0,0.0,0.0,1.0,1.0,3.0,0.000151703422409,0.0,1.0,0.971205014366916,0.0,0.0,0.9475386610446302,0.0,3.0,0.9101046855338452,1.0,16.0,0.5412910476416344,6.0,49.0,0.0001101832629077
1656.0,11.0,47.0,0.8103448275862069,7.380225465529653,58.0,497.0,8.568965517241379,10.0,0.1724137931034483,4.0,59.0,0.0,7.366695272096496,3.2777777777777777,3.2777777777777777,18.0,0.0,0.0,1.0,0.0,0.0,1.0,0.0,5.0,0.8290488763004287,1.0,5.0,0.4738885916301356,1.0,12.0,0.7354039806870913,2.0,22.0,0.3077397164309814,0.0,15.0,0.4746037283538117
1664.0,10.0,29.0,0.4461538461538462,6.972787660129001,65.0,435.0,6.6923076923076925,0.0,0.0,6.0,85.0,26.0,5.379517471022169,3.5416666666666665,3.5416666666666665,24.0,0.0,0.0,1.0,0.0,0.0,0.998800612704566,0.0,2.0,0.7114111791864107,2.0,18.0,0.3754463804380906,2.0,20.0,0.3313416812817027,2.0,9.0,2.9213079739823644e-05,0.0,36.0,0.3325987204245049
1672.0,9.0,23.0,0.3484848484848485,7.517933419486056,66.0,457.0,6.924242424242424,22.0,0.3333333333333333,8.0,65.0,0.0,5.790003028684536,2.4074074074074074,2.4074074074074074,27.0,0.0,0.0,0.4004988979807564,0.0,0.0,0.9288582518830926,0.0,3.0,0.8005274646828419,3.0,8.0,0.2826716296461696,4.0,32.0,0.2954106253779794,1.0,0.0,0.2181841029528825,0.0,22.0,0.665522631297651
1680.0,6.0,24.0,0.3478260869565217,8.525430530154575,69.0,455.0,6.594202898550725,0.0,0.0,5.0,61.0,0.0,6.067539014097239,3.388888888888889,3.388888888888889,18.0,0.0,0.0,1.0,1.0,2.0,0.4791272947684403,0.0,0.0,1.0,0.0,0.0,0.6526205040789375,1.0,39.0,0.3545570794045816,2.0,9.0,0.3615689168513102,1.0,11.0,0.5449854619957926
1688.0,9.0,61.0,0.8714285714285714,8.274152049222355,70.0,421.0,6.014285714285714,0.0,0.0,6.0,86.0,25.0,6.942990591705106,3.909090909090909,3.909090909090909,22.0,0.0,0.0,0.4977181607209395,0.0,0.0,1.0,0.0,0.0,1.0,0.0,0.0,1.0,1.0,34.0,0.6567702989383729,3.0,29.0,0.4864410217615534,2.0,23.0,0.4744299659050418
1696.0,11.0,54.0,0.7714285714285715,7.105124498458061,70.0,436.0,6.228571428571429,15.0,0.2142857142857142,9.0,77.0,0.0,5.825131175305417,2.264705882352941,2.264705882352941,34.0,0.0,0.0,0.6642071097807488,0.0,3.0,0.9673821802178924,0.0,3.0,0.9273603969408124,1.0,3.0,0.0001307665707345,3.0,19.0,0.2893540208245764,1.0,5.0,0.4881466820771886,4.0,44.0,0.1194035736630843
1704.0,5.0,12.0,0.1690140845070422,7.494046608681746,71.0,461.0,6.492957746478873,25.0,0.352112676056338,3.0,67.0,0.0,6.540433178683572,2.161290322580645,2.161290322580645,31.0,0.0,0.0,0.6500120128249037,0.0,0.0,1.0,0.0,6.0,0.9977688153395556,0.0,0.0,1.0,0.0,26.0,0.6414913096157863,3.0,17.0,0.3183740771540231,0.0,18.0,0.2937539508161136
1712.0,13.0,41.0,0.5540540540540541,7.297833778140645,74.0,447.0,6.04054054054054,0.0,0.0,9.0,85.0,18.0,6.258795517461155,2.7419354838709675,2.7419354838709675,31.0,2.0,7.0,0.3097821993796206,0.0,0.0,0.9176723922919336,0.0,10.0,0.6646226268614251,0.0,0.0,0.9829426058153796,0.0,0.0,0.8416163764324521,4.0,47.0,0.3931489947721509,3.0,21.0,0.239281116833108
1720.0,5.0,13.0,0.1911764705882352,7.443241607111914,68.0,404.0,5.941176470588236,0.0,0.0,5.0,67.0,0.0,5.3650926332251165,2.392857142857143,2.392857142857143,28.0,1.0,2.0,0.0231870337332492,0.0,2.0,0.9735321094876382,0.0,3.0,0.840916317970929,2.0,3.0,0.0031074905988552,0.0,3.0,0.3132879790976186,1.0,43.0,0.2382442749091189,1.0,11.0,0.1962731844610712
1728.0,7.0,48.0,0.8888888888888888,8.053037785822328,54.0,326.0,6.037037037037037,0.0,0.0,6.0,69.0,2.0,6.921175904461725,3.45,3.45,20.0,1.0,10.0,0.0,1.0,9.0,0.6646101863203439,1.0,4.0,0.5386105010509741,2.0,19.0,0.0,1.0,10.0,0.4693508565605624,0.0,14.0,0.6370010306665131,0.0,3.0,0.5843005970953509
1736.0,6.0,25.0,0.5434782608695652,8.463229030739479,46.0,274.0,5.956521739130435,0.0,0.0,6.0,63.0,0.0,7.170733771058224,3.15,3.15,20.0,0.0,0.0,1.0,1.0,14.0,0.6367948796749594,1.0,15.0,0.755936692606992,0.0,0.0,1.0,1.0,6.0,0.3049261391461376,3.0,23.0,0.0110475239462946,0.0,5.0,0.9277459958640528
1744.0,4.0,12.0,0.2790697674418604,8.727244019630424,43.0,274.0,6.372093023255814,0.0,0.0,3.0,37.0,0.0,5.909749967798966,2.642857142857143,2.642857142857143,14.0,0.0,0.0,1.0,0.0,0.0,1.0,2.0,10.0,0.5084224771822915,0.0,3.0,0.0195408999797482,1.0,5.0,0.6094367058292433,0.0,19.0,0.2094669319966979,0.0,0.0,0.6757180285332322
1752.0,6.0,19.0,0.4222222222222222,7.586316728879389,45.0,261.0,5.8,0.0,0.0,4.0,22.0,0.0,4.896475854900777,1.375,1.375,16.0,0.0,0.0,0.9678457510440788,0.0,0.0,0.7234577744952801,1.0,1.0,0.0945887476358264,1.0,3.0,0.3355932293201126,1.0,13.0,0.5554608594049525,0.0,5.0,0.0565306251323639,1.0,0.0,0.0
1760.0,6.0,30.0,0.6122448979591837,8.130362723269767,49.0,211.0,4.306122448979592,0.0,0.0,5.0,40.0,18.0,5.655815073050783,2.3529411764705883,2.3529411764705883,17.0,1.0,4.0,0.1724120688596992,0.0,0.0,0.5003722034608441,0.0,0.0,0.5670434795869613,2.0,7.0,0.0001657571498502,1.0,21.0,0.5132109302180102,1.0,8.0,0.3706544619229917,0.0,0.0,0.933622885858908
1768.0,6.0,15.0,0.3125,8.347888796730727,48.0,199.0,4.145833333333333,0.0,0.0,6.0,28.0,0.0,5.979544644214932,1.4736842105263157,1.4736842105263157,19.0,0.0,0.0,0.9258713735466404,0.0,3.0,0.6018164327365515,0.0,0.0,0.6297312328568206,2.0,7.0,0.0003716133616349,2.0,11.0,0.2637550770364764,0.0,1.0,0.9428087200937916,2.0,6.0,0.0093985461666466
1776.0,3.0,12.0,0.2553191489361702,9.462991776466788,47.0,205.0,4.361702127659575,6.0,0.1276595744680851,3.0,25.0,0.0,8.319206255317454,1.4705882352941178,1.4705882352941178,17.0,0.0,0.0,0.7221931923974738,1.0,11.0,0.4448054904725918,1.0,7.0,0.4879940237425716,0.0,0.0,1.0,0.0,0.0,0.9048483524620088,0.0,5.0,0.811266062881899,1.0,2.0,0.5621846519786255
1784.0,7.0,20.0,0.4545454545454545,8.989170554761591,44.0,209.0,4.75,4.0,0.0909090909090909,5.0,37.0,12.0,7.288997601283948,1.761904761904762,1.761904761904762,21.0,3.0,11.0,0.2064241748770147,1.0,4.0,0.4633922361454292,1.0,7.0,0.0001267957283383,0.0,0.0,1.0,0.0,6.0,0.9582706060537528,0.0,9.0,0.9171282162925988,0.0,0.0,0.3842197588272129
1792.0,6.0,15.0,0.3409090909090909,8.000287904521874,44.0,223.0,5.068181818181818,14.0,0.3181818181818182,4.0,30.0,0.0,6.227980699523245,1.7647058823529411,1.7647058823529411,17.0,0.0,4.0,0.275288929010917,0.0,0.0,0.6406466720517273,0.0,3.0,0.934457097662929,0.0,0.0,1.0,0.0,3.0,0.9384670360940236,3.0,14.0,0.1732867348079802,1.0,6.0,0.0442399037695528
1800.0,4.0,11.0,0.2682926829268293,9.529078301103114,41.0,239.0,5.829268292682927,16.0,0.3902439024390244,4.0,31.0,1.0,7.11506082310144,2.583333333333333,2.583333333333333,12.0,3.0,17.0,0.2053238832841085,0.0,0.0,1.0,0.0,6.0,0.9661310909199264,0.0,0.0,0.4313172123625961,0.0,1.0,0.9892310664496038,0.0,0.0,1.0,1.0,7.0,0.4098229394494423
1808.0,2.0,4.0,0.1025641025641025,9.03304368414416,39.0,217.0,5.564102564102564,0.0,0.0,2.0,17.0,0.0,6.7082233985676645,1.5454545454545454,1.5454545454545454,11.0,1.0,1.0,0.0958531651978229,1.0,6.0,0.546996029993079,0.0,0.0,1.0,0.0,3.0,0.0195463952147887,0.0,4.0,0.799459176192516,0.0,0.0,1.0,0.0,3.0,0.5922305990401218
1816.0,4.0,6.0,0.15,8.974943543133902,40.0,221.0,5.525,4.0,0.1,2.0,12.0,0.0,8.75534850278219,1.5,1.5,8.0,0.0,0.0,1.0,2.0,12.0,0.4799288296372165,0.0,0.0,0.9370503599674472,0.0,0.0,1.0,0.0,0.0,0.4207631108650975,0.0,0.0,1.0,0.0,0.0,0.7374094302679152
1824.0,2.0,0.0,0.0,8.86799930226904,39.0,164.0,4.205128205128205,0.0,0.0,0.0,0.0,0.0,6.92025524870225,0.0,0.0,7.0,0.0,0.0,1.0,0.0,0.0,1.0,0.0,0.0,0.7155469812629999,0.0,0.0,0.466899970709759,0.0,0.0,1.0,0.0,0.0,0.2951704447137422,0.0,0.0,1.0
1832.0,2.0,13.0,0.3170731707317073,8.545445467755862,41.0,128.0,3.1219512195121952,0.0,0.0,2.0,23.0,23.0,5.8247153524383295,2.875,2.875,8.0,0.0,3.0,0.9731014422022052,0.0,5.0,0.9371439064802964,0.0,0.0,0.9410402992810876,2.0,13.0,4.817256349039635e-06,0.0,0.0,1.0,0.0,2.0,0.2641230927979941,0.0,0.0,1.0
1840.0,5.0,15.0,0.3260869565217391,9.192989692506313,46.0,147.0,3.1956521739130435,19.0,0.4130434782608695,5.0,21.0,0.0,6.2186617760191565,1.6153846153846154,1.6153846153846154,13.0,0.0,0.0,0.8704989161911088,0.0,0.0,0.8690612587234121,1.0,0.0,0.0,0.0,0.0,0.8035193797880789,0.0,6.0,0.855353662826174,4.0,15.0,0.0062210553765535,0.0,0.0,1.0
1848.0,3.0,5.0,0.1020408163265306,9.0322008906944,49.0,152.0,3.1020408163265305,5.0,0.1020408163265306,1.0,12.0,0.0,8.811199870592972,0.7058823529411765,0.7058823529411765,17.0,0.0,0.0,0.5096554173790436,0.0,0.0,0.5940892443629441,0.0,0.0,0.9201889941720838,1.0,5.0,0.4420954804044945,0.0,3.0,0.8555146913668484,0.0,4.0,0.4917156028413966,0.0,0.0,0.9189543109795768
1856.0,2.0,4.0,0.0727272727272727,9.786127054989535,55.0,115.0,2.090909090909091,0.0,0.0,2.0,17.0,5.0,10.363037053641214,0.9444444444444444,0.9444444444444444,18.0,0.0,0.0,1.0,1.0,2.0,0.4931864559731018,0.0,0.0,1.0,1.0,2.0,0.2972163114810469,0.0,13.0,0.9023013231376306,0.0,0.0,0.7521182056214775,0.0,0.0,0.4685615450554881
1864.0,8.0,14.0,0.2222222222222222,8.972707394039869,63.0,80.0,1.2698412698412698,0.0,0.0,5.0,14.0,0.0,7.387438795531719,0.6666666666666666,0.6666666666666666,21.0,0.0,0.0,0.8824001261072035,1.0,2.0,0.3991197665913859,0.0,0.0,1.0,0.0,0.0,0.916886920049711,0.0,0.0,0.9009864663349294,2.0,6.0,0.0227560326698238,2.0,6.0,0.1710626262823388
1872.0,1.0,2.0,0.032258064516129,9.14200584459734,62.0,101.0,1.6290322580645162,21.0,0.3387096774193548,1.0,18.0,4.0,8.55685820676204,1.0,1.0,18.0,0.0,0.0,0.5064129237567331,1.0,5.0,0.4963281017927123,0.0,0.0,0.9609028770043424,0.0,0.0,0.533267531752082,0.0,3.0,0.9225254006121256,0.0,4.0,0.6991740553645904,0.0,6.0,0.6336026780504
1880.0,1.0,0.0,0.0,10.932004196954624,57.0,88.0,1.543859649122807,0.0,0.0,0.0,14.0,0.0,12.227243490399214,1.0769230769230769,1.0769230769230769,13.0,0.0,0.0,1.0,0.0,0.0,1.0,0.0,5.0,0.9778490715097896,0.0,0.0,0.8139042907533177,0.0,7.0,0.8878096644434262,0.0,0.0,0.8240821652668787,0.0,2.0,0.9486752040273606
1888.0,4.0,10.0,0.1785714285714285,10.078092300419602,56.0,82.0,1.4642857142857142,0.0,0.0,4.0,24.0,10.0,9.011819219964954,1.1428571428571428,1.1428571428571428,21.0,0.0,0.0,0.6715166724460607,1.0,4.0,0.6431985064824796,0.0,3.0,0.8494455936279184,0.0,0.0,0.9752129172700086,0.0,5.0,0.8538161580946557,3.0,12.0,0.374546084628771,0.0,0.0,1.0
1896.0,6.0,14.0,0.2456140350877192,8.290608185183283,57.0,102.0,1.7894736842105263,20.0,0.3508771929824561,5.0,24.0,0.0,7.526562266756744,0.8571428571428571,0.8571428571428571,28.0,1.0,3.0,0.0200129537267222,3.0,9.0,0.3768938881993687,0.0,7.0,0.91556028828365,1.0,1.0,0.2682670895303126,0.0,1.0,0.8328467066430308,0.0,0.0,0.7775627922579531,0.0,3.0,0.8579612289289484
1920.0,4.0,4.0,0.0677966101694915,8.966326853642824,59.0,185.0,3.135593220338983,0.0,0.0,1.0,7.0,0.0,7.425517211780781,0.4666666666666667,0.4666666666666667,15.0,0.0,0.0,0.997047781492298,0.0,0.0,1.0,0.0,0.0,0.4941686872389487,0.0,0.0,0.9717997746250792,0.0,0.0,0.7316134253476833,0.0,3.0,0.7734432775279168,1.0,4.0,0.0241938288922388
1928.0,8.0,27.0,0.4426229508196721,9.03495792254392,61.0,203.0,3.3278688524590163,18.0,0.2950819672131147,7.0,52.0,45.0,7.151156874179947,2.260869565217391,2.260869565217391,23.0,2.0,11.0,0.3318188309659102,0.0,0.0,0.7757057359496489,1.0,21.0,0.732321996561111,2.0,7.0,0.1891310448851198,0.0,0.0,0.6107002533062985,2.0,13.0,0.4581920440904978,0.0,0.0,1.0
1936.0,7.0,15.0,0.2542372881355932,8.026690560176467,59.0,207.0,3.5084745762711864,4.0,0.0677966101694915,5.0,26.0,0.0,5.945136434713442,1.0,1.0,26.0,0.0,0.0,1.0,1.0,5.0,0.6530173070180882,1.0,4.0,0.4895791632435403,1.0,6.0,0.1816163051194337,1.0,5.0,0.4134016446472293,1.0,3.0,0.4137352334870223,0.0,3.0,0.7446952594790766
1944.0,8.0,31.0,0.4769230769230769,8.577381270842311,65.0,266.0,4.092307692307692,59.0,0.9076923076923076,8.0,49.0,23.0,6.461744058559721,1.8846153846153848,1.8846153846153848,26.0,0.0,0.0,1.0,1.0,2.0,0.0010514107426691,0.0,6.0,0.7781440620092873,2.0,14.0,0.07358604270928,2.0,8.0,0.4330787163510253,3.0,13.0,0.3448595270261248,0.0,6.0,0.858639378646966
1952.0,15.0,83.0,1.2205882352941178,8.793967641545047,68.0,294.0,4.323529411764706,28.0,0.4117647058823529,12.0,97.0,48.0,5.897820410566458,3.730769230769231,3.730769230769231,26.0,0.0,0.0,0.8167339846232461,0.0,0.0,1.0,1.0,3.0,0.7705438860405339,1.0,15.0,0.4725689590721283,4.0,36.0,0.3976950050639353,6.0,43.0,0.0008619588346462,0.0,0.0,1.0
1960.0,9.0,41.0,0.6212121212121212,7.721481516876651,66.0,307.0,4.651515151515151,13.0,0.1969696969696969,6.0,79.0,0.0,5.503141676501445,2.821428571428572,2.821428571428572,28.0,0.0,0.0,0.9419105258431286,0.0,0.0,0.1189392049491387,1.0,12.0,0.5886988716857302,4.0,34.0,0.022820536358492,1.0,27.0,0.3176982670643843,0.0,3.0,0.7348504641421074,0.0,3.0,0.9181473525254492
1968.0,10.0,52.0,0.7647058823529411,8.438539757269787,68.0,366.0,5.382352941176471,59.0,0.8676470588235294,7.0,91.0,12.0,7.538727668136121,3.033333333333333,3.033333333333333,30.0,1.0,4.0,0.5116392084863992,1.0,7.0,0.0,0.0,7.0,0.6080736214922672,5.0,41.0,0.2291677993401593,0.0,15.0,0.8039085062004047,0.0,7.0,0.8526412266685103,0.0,10.0,0.7182034137892516
1976.0,8.0,34.0,0.4657534246575342,7.838923877299926,73.0,435.0,5.958904109589041,69.0,0.9452054794520548,6.0,77.0,0.0,6.671448123614725,2.566666666666667,2.566666666666667,30.0,1.0,3.0,0.4051922428615992,0.0,0.0,0.4721164813931022,0.0,3.0,0.9812934276673428,5.0,64.0,0.183230275513766,0.0,3.0,0.8884033408874602,0.0,4.0,0.8912392812174558,0.0,0.0,0.854216564811473
1984.0,9.0,36.0,0.5538461538461539,8.27015290680064,65.0,410.0,6.307692307692308,0.0,0.0,8.0,73.0,0.0,6.1623634367985005,2.607142857142857,2.607142857142857,28.0,3.0,15.0,9.448400574262602e-05,1.0,1.0,0.634052547620206,1.0,6.0,0.2326629136704331,2.0,31.0,0.2962846137018298,0.0,14.0,0.6516431587001673,0.0,4.0,0.6661637544239972,1.0,2.0,0.5966734059530671
1992.0,9.0,43.0,0.6935483870967742,8.576073512398262,62.0,460.0,7.419354838709677,50.0,0.8064516129032258,7.0,70.0,0.0,7.19915062773316,2.592592592592593,2.592592592592593,27.0,1.0,12.0,0.3071531051017447,0.0,11.0,0.690425507391383,0.0,0.0,1.0,6.0,47.0,0.0983009962594684,0.0,0.0,0.8501197695142413,0.0,0.0,0.9010717716818626,0.0,0.0,0.8033179421481083
2000.0,8.0,26.0,0.4482758620689655,7.795083319630344,58.0,354.0,6.103448275862069,0.0,0.0,6.0,57.0,0.0,5.534882233521729,2.4782608695652173,2.4782608695652173,23.0,3.0,18.0,0.0040725667460512,0.0,3.0,0.9349558612244606,0.0,3.0,0.9637318290609214,2.0,29.0,0.1499210034711676,0.0,1.0,0.9452277728389128,0.0,0.0,0.7033059556171306,1.0,3.0,0.0256168470997134
2008.0,10.0,58.0,0.9508196721311476,8.498398649196016,61.0,372.0,6.098360655737705,18.0,0.2950819672131147,9.0,79.0,22.0,7.182568459730542,2.821428571428572,2.821428571428572,28.0,0.0,0.0,0.9422183776146938,0.0,4.0,0.8814416279843377,0.0,0.0,0.9244143502769,3.0,29.0,0.2388470653535488,1.0,9.0,0.5964710387376451,2.0,12.0,0.4973641986038654,3.0,25.0,0.302549555995373
2016.0,10.0,21.0,0.3181818181818182,8.945487362147444,66.0,394.0,5.96969696969697,22.0,0.3333333333333333,6.0,29.0,0.0,8.14001728943664,1.2083333333333333,1.2083333333333333,24.0,2.0,6.0,0.0013110716686439,0.0,0.0,0.4012302600435495,0.0,1.0,0.973596620324717,1.0,1.0,0.3011380693348028,1.0,9.0,0.664409423136369,2.0,9.0,0.594340237907035,0.0,3.0,0.6924607090234745
2024.0,12.0,71.0,1.109375,7.159516418507703,64.0,377.0,5.890625,0.0,0.0,11.0,77.0,48.0,5.378303956757553,2.138888888888889,2.138888888888889,36.0,0.0,0.0,0.9525482683856108,2.0,6.0,0.2750402776697253,2.0,7.0,0.2417809497160382,3.0,20.0,0.2004199530069053,1.0,20.0,0.6254871763378917,3.0,16.0,0.2414351558160817,0.0,8.0,0.941942617842917
2032.0,9.0,58.0,0.8405797101449275,7.146569451383038,69.0,386.0,5.594202898550725,9.0,0.1304347826086956,6.0,90.0,13.0,5.317652887345232,3.0,3.0,30.0,0.0,0.0,0.5549590481524552,0.0,0.0,0.2727322784613441,0.0,0.0,0.5614522871215634,2.0,18.0,0.2844519641219996,1.0,39.0,0.7459250297969066,3.0,30.0,0.204979551437084,0.0,3.0,0.8630411805596742
2040.0,9.0,49.0,0.620253164556962,8.046749277887455,79.0,443.0,5.6075949367088604,57.0,0.7215189873417721,9.0,145.0,55.0,5.661125397523861,3.717948717948718,3.717948717948718,39.0,0.0,0.0,0.2843367686266239,1.0,8.0,0.2253962799599934,0.0,6.0,0.8127800637734276,2.0,20.0,0.1023076272792355,1.0,46.0,0.5592497474698029,5.0,54.0,0.2256000643236779,0.0,11.0,0.6959409284021284
2048.0,9.0,39.0,0.4756097560975609,7.112016075558759,82.0,448.0,5.463414634146342,5.0,0.0609756097560975,8.0,114.0,0.0,5.039778194180892,3.257142857142857,3.257142857142857,35.0,0.0,3.0,0.509959721098364,0.0,0.0,1.0,1.0,9.0,0.4953834952721478,2.0,26.0,0.2455844878340845,0.0,13.0,0.402333140119551,3.0,41.0,0.2786850000760089,2.0,22.0,0.3555431788555397
2056.0,17.0,88.0,1.035294117647059,8.22793173337042,85.0,542.0,6.376470588235295,94.0,1.1058823529411763,12.0,111.0,0.0,6.876966302231656,3.0,3.0,37.0,1.0,10.0,0.5418619337629085,0.0,4.0,0.9587697293166852,0.0,0.0,0.0142842933316601,4.0,15.0,0.0989291770653173,2.0,11.0,0.2551639953294545,5.0,60.0,0.5409719264766287,0.0,11.0,0.876009466913186
2064.0,14.0,83.0,1.0375,7.517318500354375,80.0,513.0,6.4125,0.0,0.0,8.0,114.0,3.0,6.596743291153655,2.923076923076923,2.923076923076923,39.0,2.0,4.0,0.2858555190804269,0.0,5.0,0.559369598434152,1.0,8.0,0.6407974065959542,3.0,27.0,0.2085149396649399,2.0,28.0,0.5979584339470188,0.0,42.0,0.5530071600256868,0.0,0.0,0.9410165632339852
2072.0,18.0,77.0,1.013157894736842,7.0054975190728,76.0,545.0,7.171052631578948,32.0,0.4210526315789473,17.0,129.0,15.0,4.393923012967112,3.3076923076923075,3.3076923076923075,39.0,4.0,29.0,0.2353380020471892,0.0,0.0,1.0,1.0,16.0,0.6308191931171074,4.0,31.0,0.1876896093988795,2.0,25.0,0.4880223365566677,5.0,26.0,0.3027101975521575,1.0,2.0,0.4347479533893026
2080.0,11.0,80.0,1.1940298507462686,7.039708939977117,67.0,562.0,8.388059701492537,17.0,0.2537313432835821,10.0,164.0,35.0,5.242644741285478,4.315789473684211,4.315789473684211,38.0,4.0,56.0,0.0038331455283657,0.0,6.0,0.9056365958716784,1.0,7.0,0.6418275561584154,3.0,34.0,0.316906825805637,0.0,25.0,0.527979659026797,2.0,33.0,0.240475797982483,0.0,3.0,0.6394736127679961
2088.0,9.0,52.0,0.8125,9.18060227654913,64.0,583.0,9.109375,21.0,0.328125,8.0,105.0,0.0,8.112401483108046,3.28125,3.28125,32.0,1.0,3.0,0.0001158660501945,0.0,0.0,1.0,0.0,2.0,0.2372785357677244,4.0,51.0,0.2067221128305026,1.0,7.0,0.7551897122518434,2.0,28.0,0.5821145687898872,0.0,14.0,0.8843735234441493
2096.0,9.0,33.0,0.5238095238095238,8.723541619645385,63.0,521.0,8.26984126984127,0.0,0.0,9.0,74.0,0.0,7.348817126251045,3.083333333333333,3.083333333333333,24.0,0.0,0.0,1.0,0.0,6.0,0.9438692875220278,0.0,0.0,0.9918118633598356,4.0,36.0,0.0008791449524317,4.0,30.0,0.3465159539321118,1.0,2.0,0.6386072285820968,0.0,0.0,0.8702019713473135
2120.0,14.0,80.0,1.3793103448275863,7.2163229409318,58.0,531.0,9.155172413793103,13.0,0.2241379310344827,13.0,98.0,20.0,5.77899263777027,2.8,2.8,35.0,1.0,2.0,0.3950415587300551,1.0,1.0,0.0018084826556522,0.0,11.0,0.8738041518893376,4.0,36.0,0.001453603518753,0.0,3.0,0.6836923180396459,7.0,42.0,0.3442321758574901,0.0,3.0,0.7736280344601609
2128.0,13.0,103.0,1.6885245901639343,6.848923257459568,61.0,568.0,9.311475409836063,37.0,0.6065573770491803,11.0,116.0,18.0,5.031569456902551,4.0,4.0,29.0,3.0,13.0,0.0002187787250863,2.0,12.0,0.0001408083820691,2.0,5.0,0.3302847606236719,3.0,64.0,0.0340637295065975,0.0,0.0,0.9594998871554298,1.0,19.0,0.4839845070303842,0.0,3.0,0.737460159418977
2136.0,13.0,88.0,1.3968253968253967,7.902258861790998,63.0,612.0,9.714285714285714,44.0,0.6984126984126984,10.0,141.0,25.0,5.904377357711171,4.862068965517241,4.862068965517241,29.0,0.0,0.0,1.0,0.0,7.0,0.766700585445932,0.0,3.0,0.9984996219389364,2.0,60.0,0.0,1.0,23.0,0.5972328506803908,7.0,42.0,0.1009385711715457,0.0,6.0,0.9458049310102
2144.0,6.0,12.0,0.2105263157894736,7.494625701598571,57.0,511.0,8.964912280701755,0.0,0.0,4.0,78.0,0.0,6.91348756115895,3.0,3.0,26.0,0.0,0.0,0.7534824531363966,4.0,22.0,0.2996982094929121,0.0,0.0,1.0,0.0,0.0,1.0,0.0,17.0,0.62388149623375,0.0,33.0,0.2920051351967647,0.0,6.0,0.8175104149038313
2152.0,8.0,18.0,0.3333333333333333,8.772629922389955,54.0,503.0,9.314814814814817,0.0,0.0,7.0,47.0,0.0,9.214123598387086,1.46875,1.46875,32.0,3.0,12.0,0.3957082525630694,0.0,10.0,0.8561813521366928,0.0,0.0,1.0,1.0,1.0,0.4149919398347459,3.0,10.0,0.2096904000149598,0.0,3.0,0.8695456150877354,0.0,11.0,0.9498907867329676
2160.0,5.0,35.0,0.625,8.984910173006215,56.0,369.0,6.589285714285714,0.0,0.0,3.0,21.0,0.0,6.8657157905014765,1.2352941176470589,1.2352941176470589,17.0,0.0,0.0,1.0,0.0,0.0,0.8946409018464807,0.0,0.0,0.965503739062996,0.0,0.0,1.0,2.0,17.0,0.142540222366029,1.0,4.0,0.4180133424315004,0.0,0.0,1.0
2168.0,4.0,66.0,1.4666666666666666,9.641259238902592,45.0,295.0,6.555555555555555,0.0,0.0,2.0,51.0,30.0,9.561173305324663,2.55,2.55,20.0,0.0,0.0,0.7010833948997318,0.0,3.0,0.9749097170285236,0.0,8.0,0.9916491359655084,0.0,0.0,1.0,2.0,33.0,0.4663740463252613,0.0,4.0,0.5960942263440029,0.0,3.0,0.7602370477148945
2176.0,3.0,51.0,1.186046511627907,9.521086867725389,43.0,298.0,6.930232558139535,3.0,0.0697674418604651,0.0,12.0,0.0,11.2049813794277,0.5454545454545454,0.5454545454545454,22.0,0.0,0.0,1.0,0.0,0.0,0.9488760221471612,0.0,1.0,0.6882219861308264,0.0,0.0,1.0,0.0,0.0,0.7994084071416706,0.0,0.0,0.8582714112545029,0.0,11.0,0.7939873749664079
2184.0,9.0,28.0,0.5957446808510638,7.9489658287364175,47.0,278.0,5.914893617021277,0.0,0.0,7.0,32.0,20.0,6.099109902614611,1.4545454545454546,1.4545454545454546,22.0,0.0,0.0,1.0,0.0,0.0,1.0,0.0,0.0,0.826374556142985,0.0,0.0,1.0,0.0,0.0,0.8375252280564487,0.0,0.0,0.7404436381930997,7.0,32.0,0.1357053159388229
2192.0,2.0,11.0,0.2340425531914893,7.260573318353713,47.0,255.0,5.425531914893617,0.0,0.0,2.0,74.0,42.0,4.46847348594586,3.363636363636364,3.363636363636364,22.0,0.0,0.0,0.0452079594189542,0.0,32.0,0.9568733975567236,0.0,0.0,0.126465089353562,0.0,0.0,1.0,0.0,0.0,0.6245284977375282,0.0,0.0,0.4596491543759685,2.0,42.0,0.1788236220411475
2200.0,4.0,27.0,0.675,8.400269027795076,40.0,131.0,3.275,0.0,0.0,4.0,27.0,0.0,6.405312920155092,1.588235294117647,1.588235294117647,17.0,0.0,0.0,1.0,1.0,3.0,0.2096243447751937,0.0,0.0,0.3018011891268511,0.0,0.0,1.0,0.0,0.0,0.7793458542433814,2.0,6.0,0.4977507284571286,1.0,18.0,0.0
2208.0,7.0,33.0,0.8461538461538461,8.472034191391902,39.0,119.0,3.051282051282051,0.0,0.0,6.0,40.0,13.0,7.838070958441344,2.1052631578947367,2.1052631578947367,19.0,0.0,0.0,1.0,0.0,2.0,0.6451287053426606,0.0,0.0,0.9167465763514674,0.0,0.0,1.0,1.0,7.0,0.7171500075540354,5.0,31.0,0.3531440899425711,0.0,0.0,0.8721766452070802
2216.0,4.0,7.0,0.1794871794871795,7.377432289284298,39.0,150.0,3.8461538461538463,31.0,0.7948717948717948,3.0,49.0,9.0,5.315256186678987,2.7222222222222223,2.7222222222222223,18.0,0.0,0.0,0.9128127124487928,0.0,0.0,0.8641727772908111,0.0,4.0,0.0206834566563924,0.0,0.0,1.0,2.0,13.0,0.1813758199509222,0.0,30.0,0.4344783671613444,1.0,2.0,0.4860468737538428
2224.0,2.0,14.0,0.3783783783783784,9.084345598120112,37.0,157.0,4.243243243243243,7.0,0.1891891891891892,2.0,27.0,0.0,8.306300524258585,2.076923076923077,2.076923076923077,13.0,0.0,4.0,0.4702083910509101,0.0,0.0,1.0,0.0,0.0,0.9303334097893068,0.0,0.0,1.0,0.0,9.0,0.6906871180126686,2.0,14.0,0.4430279755166492,0.0,0.0,1.0
2232.0,1.0,0.0,0.0,9.300377354237876,35.0,151.0,4.314285714285714,0.0,0.0,0.0,3.0,0.0,9.924874109085955,0.3,0.3,10.0,0.0,0.0,0.6640940490000069,0.0,0.0,0.9254761900696014,0.0,0.0,0.9310088948682635,0.0,0.0,1.0,0.0,0.0,0.5923931817972634,0.0,0.0,0.963194809439922,0.0,3.0,0.8359594471583301
2240.0,5.0,7.0,0.2413793103448276,8.815915589788904,29.0,127.0,4.379310344827586,0.0,0.0,3.0,16.0,13.0,8.186612256540775,1.6,1.6,10.0,2.0,3.0,0.1631835287115016,1.0,7.0,0.4847387719875435,0.0,0.0,1.0,0.0,0.0,0.9023199525872186,0.0,3.0,0.9987169726637684,0.0,0.0,0.8408642645010117,0.0,3.0,0.8659917006732103
2248.0,3.0,4.0,0.1379310344827586,7.74408568677326,29.0,107.0,3.689655172413793,0.0,0.0,0.0,1.0,0.0,9.76277418126002,0.125,0.125,8.0,0.0,0.0,0.4914746666776631,0.0,1.0,0.9875721642736282,0.0,0.0,1.0,0.0,0.0,0.4477530392323871,0.0,0.0,1.0,0.0,0.0,0.7331059336636002,0.0,0.0,1.0
2256.0,1.0,0.0,0.0,9.780376253183787,33.0,91.0,2.757575757575758,0.0,0.0,0.0,3.0,2.0,8.877109325361854,0.3,0.3,10.0,0.0,0.0,1.0,0.0,0.0,0.3709406067685909,0.0,3.0,0.9505737332234984,0.0,0.0,1.0,0.0,0.0,0.6623442607021401,0.0,0.0,0.4699900052308952,0.0,0.0,0.9597456834440768
2264.0,2.0,8.0,0.2051282051282051,9.094400993429687,39.0,73.0,1.871794871794872,0.0,0.0,2.0,19.0,16.0,8.887086711802413,1.1875,1.1875,16.0,0.0,0.0,1.0,0.0,8.0,0.6303206620576081,0.0,2.0,0.4967853891532288,0.0,0.0,1.0,0.0,0.0,0.8371281721614364,2.0,8.0,0.4905329591571818,0.0,1.0,0.8846364523969104
2272.0,1.0,0.0,0.0,9.032293278022497,49.0,78.0,1.5918367346938775,5.0,0.1020408163265306,0.0,6.0,0.0,9.19157308921686,0.3529411764705882,0.3529411764705882,17.0,0.0,0.0,1.0,0.0,0.0,0.9720382785825282,0.0,0.0,0.6897915978934356,0.0,0.0,1.0,0.0,5.0,0.8313093538727766,0.0,0.0,0.4370284483278899,0.0,1.0,0.9489631442421472
2280.0,2.0,3.0,0.06,9.751132371997764,50.0,84.0,1.68,6.0,0.12,1.0,10.0,4.0,10.027857956636575,0.5882352941176471,0.5882352941176471,17.0,0.0,0.0,0.9154583799305006,0.0,0.0,0.0584793492079413,1.0,3.0,0.4776570774033377,0.0,0.0,0.4765320743953878,0.0,7.0,0.885681027850573,0.0,0.0,0.8528344303991545,0.0,0.0,0.9271106871174504
2288.0,5.0,23.0,0.4035087719298245,8.94548881566584,57.0,105.0,1.8421052631578947,21.0,0.3684210526315789,5.0,31.0,21.0,7.059399142458745,1.4090909090909092,1.4090909090909092,22.0,0.0,0.0,0.9185477889418272,0.0,0.0,0.9350509552688144,1.0,11.0,0.4564069941667891,2.0,6.0,0.0019834708300057,0.0,6.0,0.9576116112803904,2.0,6.0,0.4274097066159789,0.0,2.0,0.381744474118826
2296.0,5.0,10.0,0.1818181818181818,8.888546797148644,55.0,119.0,2.163636363636364,14.0,0.2545454545454545,3.0,13.0,0.0,7.915117862933064,0.65,0.65,20.0,2.0,7.0,0.2180337900395839,0.0,0.0,0.8543724649136349,0.0,0.0,0.9512050263936436,1.0,1.0,0.4753009450091717,0.0,3.0,0.7811711893409296,0.0,0.0,0.4471155227776489,0.0,2.0,0.5534945604271106
2304.0,4.0,20.0,0.3636363636363636,9.360702316923446,55.0,136.0,2.4727272727272727,17.0,0.3090909090909091,2.0,25.0,12.0,8.966328860846398,1.0,1.0,25.0,0.0,5.0,0.1200080615376804,0.0,0.0,0.9464614240028082,0.0,0.0,1.0,2.0,5.0,0.2371982679878796,0.0,10.0,0.8926755229597505,0.0,0.0,0.9599786507609408,0.0,5.0,0.6867544855590757
2312.0,10.0,50.0,0.8333333333333334,8.162611162725804,60.0,180.0,3.0,44.0,0.7333333333333333,7.0,27.0,2.0,6.994114661431529,1.08,1.08,25.0,1.0,1.0,0.2049886323611859,0.0,3.0,0.9557113045602031,0.0,0.0,1.0,0.0,0.0,0.9582202034706356,0.0,0.0,0.7946367314064082,1.0,0.0,0.0,5.0,23.0,0.2359276520687598
2320.0,12.0,84.0,1.3125,8.062276450109248,64.0,243.0,3.796875,63.0,0.984375,11.0,94.0,67.0,4.698096249794816,4.2727272727272725,4.2727272727272725,22.0,3.0,13.0,0.2097700755905083,0.0,5.0,0.690815775131135,0.0,0.0,1.0,0.0,0.0,1.0,0.0,0.0,0.9675560421630012,0.0,0.0,0.754908966317752,8.0,76.0,0.1307989106633037
2344.0,11.0,25.0,0.390625,8.117251483179095,64.0,192.0,3.0,0.0,0.0,9.0,52.0,22.0,6.6568361015400885,1.793103448275862,1.793103448275862,29.0,3.0,12.0,0.2212774157707568,0.0,3.0,0.3025413118450467,1.0,11.0,0.716114455787147,0.0,0.0,0.3169385661259341,0.0,6.0,0.8932628397475272,5.0,18.0,0.3192125977746279,0.0,2.0,0.880378249412546
2352.0,10.0,66.0,1.1578947368421053,6.34876740748614,57.0,234.0,4.105263157894737,42.0,0.7368421052631579,9.0,91.0,39.0,3.380226978035376,3.9565217391304346,3.9565217391304346,23.0,6.0,56.0,0.1758158822953273,0.0,0.0,1.0,3.0,26.0,0.0455566454221386,0.0,0.0,1.0,0.0,3.0,0.8265828509488792,0.0,6.0,0.2827555702457081,0.0,0.0,0.8442971578434453
2360.0,5.0,11.0,0.180327868852459,8.823466652360919,61.0,293.0,4.80327868852459,59.0,0.9672131147540984,4.0,102.0,11.0,8.232285775607894,3.0,3.0,34.0,1.0,48.0,0.1003258763300892,0.0,0.0,0.8923669365806276,2.0,33.0,0.4995946016268541,0.0,0.0,1.0,0.0,18.0,0.89631658222259,1.0,0.0,0.5654980847963207,0.0,3.0,0.6700822561099966
2368.0,13.0,41.0,0.6507936507936508,6.84866437125631,63.0,300.0,4.761904761904762,7.0,0.1111111111111111,11.0,106.0,4.0,5.032574116426703,3.0285714285714285,3.0285714285714285,35.0,0.0,11.0,0.0497294206811193,0.0,3.0,0.926197202004956,4.0,54.0,0.4033514599908301,0.0,0.0,1.0,2.0,22.0,0.3896979641785698,4.0,13.0,0.2230222473717468,1.0,3.0,0.0
2376.0,8.0,66.0,1.0,7.806124773293117,66.0,400.0,6.0606060606060606,100.0,1.5151515151515151,7.0,137.0,31.0,5.859017938904201,5.48,5.48,25.0,0.0,0.0,1.0,0.0,0.0,0.9845206151845454,5.0,95.0,0.0582261424733819,0.0,0.0,1.0,1.0,24.0,0.3404280542665472,0.0,7.0,0.7757927473783226,1.0,11.0,0.5810436012327123
2384.0,4.0,6.0,0.088235294117647,10.143605844187404,68.0,374.0,5.5,0.0,0.0,3.0,59.0,0.0,9.03584641320466,1.9666666666666663,1.9666666666666663,30.0,0.0,0.0,0.7987291449428995,1.0,2.0,0.4465008903102549,0.0,42.0,0.3504484278292414,0.0,0.0,0.9160292430868492,0.0,13.0,0.8174617205514197,1.0,0.0,0.4827601058724577,1.0,2.0,0.3431092620846982
2392.0,10.0,23.0,0.323943661971831,8.353556934975348,71.0,338.0,4.76056338028169,0.0,0.0,7.0,81.0,22.0,6.978839067270306,2.7,2.7,30.0,1.0,4.0,0.4635548062452331,2.0,8.0,0.3879255984252907,3.0,58.0,0.3898651308974343,1.0,6.0,0.4290298069708655,0.0,0.0,0.6784009336205006,0.0,3.0,0.6425441234358883,0.0,2.0,0.5334815307380029
2400.0,10.0,51.0,0.75,8.423124359191688,68.0,340.0,5.0,2.0,0.0294117647058823,9.0,114.0,33.0,6.536588406422406,4.071428571428571,4.071428571428571,28.0,0.0,0.0,1.0,3.0,13.0,0.4158310480915137,3.0,81.0,0.3701565634419807,0.0,0.0,0.9636303111703532,0.0,0.0,0.6657897359163318,2.0,20.0,0.4895012663966512,1.0,0.0,0.0
2408.0,11.0,54.0,0.7605633802816901,7.222004143650408,71.0,402.0,5.661971830985915,62.0,0.8732394366197183,10.0,153.0,39.0,3.937120547489358,4.78125,4.78125,32.0,0.0,4.0,0.4899304366093601,3.0,31.0,0.1809374149733203,0.0,61.0,0.1850142471226505,0.0,0.0,1.0,0.0,0.0,0.7916731064214325,7.0,57.0,0.2222529361493426,0.0,0.0,0.7116175957759983
2416.0,12.0,52.0,0.7428571428571429,7.538450214528966,70.0,429.0,6.128571428571429,27.0,0.3857142857142857,9.0,71.0,0.0,5.335059196949649,2.4482758620689653,2.4482758620689653,29.0,0.0,0.0,0.0062964815529396,4.0,36.0,0.1260252817533611,0.0,10.0,0.6890927874999199,1.0,1.0,0.0015670611693378,1.0,6.0,0.6909491638466769,1.0,15.0,0.2808664516849388,2.0,3.0,0.2749857745860778
2424.0,9.0,32.0,0.4776119402985074,7.16681630246687,67.0,352.0,5.253731343283582,0.0,0.0,8.0,97.0,26.0,6.118400439130872,2.771428571428572,2.771428571428572,35.0,0.0,3.0,0.6826937498077102,1.0,9.0,0.4728129846211418,3.0,15.0,0.4358176422167674,0.0,0.0,1.0,1.0,31.0,0.6144419859723954,3.0,35.0,0.3346665109528701,0.0,4.0,0.3498721922724687
2432.0,12.0,42.0,0.6176470588235294,6.485074556282607,68.0,424.0,6.235294117647059,72.0,1.0588235294117647,11.0,98.0,1.0,4.127227172665476,2.8823529411764706,2.8823529411764706,34.0,1.0,6.0,0.0275503264185329,1.0,6.0,0.4811264650041593,0.0,4.0,0.1467210966133318,1.0,2.0,0.0001297718332976,0.0,24.0,0.577014465004958,1.0,21.0,0.3131575067804765,7.0,35.0,0.1193966601345229
2440.0,7.0,25.0,0.3623188405797101,8.409574448055837,69.0,455.0,6.594202898550725,31.0,0.4492753623188406,5.0,64.0,0.0,8.21018426667477,2.4615384615384617,2.4615384615384617,26.0,0.0,0.0,1.0,0.0,0.0,0.9590680196439072,0.0,8.0,0.6585546560795484,1.0,4.0,0.0002101252124567,0.0,15.0,0.7968391446883206,4.0,26.0,0.0011472614157315,0.0,11.0,0.5792288815869315
2448.0,2.0,9.0,0.1451612903225806,9.711123699348628,62.0,392.0,6.32258064516129,0.0,0.0,1.0,36.0,0.0,8.062728306233018,1.7142857142857142,1.7142857142857142,21.0,0.0,0.0,1.0,0.0,6.0,0.9607568636200128,1.0,7.0,0.5139345889482453,0.0,4.0,0.4988103123543098,0.0,3.0,0.761851656889059,0.0,16.0,0.2821503050609255,0.0,0.0,0.5039448322665784
2456.0,15.0,74.0,1.1384615384615384,6.393258715093663,65.0,402.0,6.184615384615385,10.0,0.1538461538461538,10.0,90.0,54.0,5.137874744361956,3.103448275862069,3.103448275862069,29.0,0.0,0.0,0.9616133397463572,1.0,3.0,0.3788321364386631,1.0,13.0,0.5036423263883631,3.0,23.0,0.1930414055067407,0.0,7.0,0.9600450210114484,3.0,28.0,0.1946343355395202,2.0,16.0,0.3350732647029879
2464.0,3.0,15.0,0.2083333333333333,7.699356505769813,72.0,416.0,5.777777777777778,14.0,0.1944444444444444,3.0,39.0,0.0,6.3278221559268175,1.56,1.56,25.0,0.0,0.0,0.5219339129315772,1.0,11.0,0.4649275746010569,0.0,1.0,0.3637363800194527,0.0,4.0,0.6680729452492962,0.0,3.0,0.7350679798467248,1.0,17.0,0.2197237385716567,1.0,3.0,0.258547524225962
2472.0,12.0,50.0,0.6493506493506493,7.209614733984099,77.0,435.0,5.64935064935065,19.0,0.2467532467532467,10.0,89.0,50.0,4.989302628566437,3.56,3.56,25.0,2.0,5.0,0.0008270177122345,0.0,0.0,0.3459682711546399,1.0,2.0,0.0002479108412555,1.0,3.0,0.0001319367241654,0.0,13.0,0.763849952792108,4.0,55.0,0.1891331017519917,2.0,11.0,0.1296767843243026
2480.0,10.0,45.0,0.5625,7.56839588456279,80.0,456.0,5.7,21.0,0.2625,9.0,81.0,0.0,5.5258497737854215,2.892857142857143,2.892857142857143,28.0,0.0,0.0,0.5130608090463928,0.0,0.0,1.0,1.0,5.0,0.1064207882300369,1.0,2.0,0.2952388110787729,0.0,7.0,0.8912113575616716,2.0,49.0,0.3790187250487157,5.0,18.0,0.0007163180027663
2488.0,9.0,20.0,0.2352941176470588,7.580805687841256,85.0,456.0,5.364705882352941,0.0,0.0,8.0,118.0,37.0,7.166250678479285,3.189189189189189,3.189189189189189,37.0,0.0,0.0,0.6315892383549979,1.0,7.0,0.488618036515019,1.0,0.0,0.535362314421817,0.0,3.0,0.4367565406606206,0.0,30.0,0.871690091023451,5.0,69.0,0.2952212791203424,1.0,9.0,0.4319753863548486
2496.0,13.0,42.0,0.4719101123595505,7.573109200366584,89.0,473.0,5.314606741573034,17.0,0.1910112359550561,12.0,82.0,0.0,5.961034845806913,2.342857142857143,2.342857142857143,35.0,1.0,3.0,0.543680327769377,1.0,10.0,0.4568903002415526,2.0,4.0,0.3295952758904954,7.0,27.0,0.2203450931995109,1.0,8.0,0.5992986211446292,0.0,27.0,0.5489519778740357,0.0,3.0,0.539503599501096
2504.0,9.0,57.0,0.7125,8.009551523914633,80.0,475.0,5.9375,2.0,0.025,8.0,84.0,2.0,8.349743041531926,2.4,2.4,35.0,2.0,6.0,0.461820410547595,1.0,20.0,0.6174953917586273,1.0,4.0,0.4823062249299983,2.0,18.0,0.1518903682385045,1.0,25.0,0.6904015961656216,1.0,11.0,0.6923924480397935,0.0,0.0,0.8330477995393805
2512.0,13.0,52.0,0.6666666666666666,7.999856803007119,78.0,492.0,6.307692307692308,17.0,0.2179487179487179,8.0,57.0,0.0,8.144559366572967,1.6285714285714286,1.6285714285714286,35.0,2.0,10.0,0.0003707751136963,1.0,3.0,0.5344013976022233,0.0,0.0,0.5704820135664731,2.0,8.0,0.3972391032235067,2.0,24.0,0.7288237164737853,1.0,12.0,0.6067995065863674,0.0,0.0,0.7158659312010262
2520.0,14.0,97.0,1.3857142857142857,8.3779778685454,70.0,494.0,7.057142857142857,2.0,0.0285714285714285,8.0,75.0,18.0,7.683335552285946,3.0,3.0,25.0,1.0,14.0,0.0,0.0,0.0,0.9981589202291667,1.0,0.0,0.7036874268497014,1.0,4.0,0.6177338989662787,2.0,39.0,0.5986938403749847,3.0,18.0,0.4617494316040251,0.0,0.0,1.0
2528.0,12.0,61.0,0.8591549295774648,8.31005779754095,71.0,501.0,7.056338028169014,7.0,0.0985915492957746,7.0,38.0,0.0,7.47922805227894,1.4074074074074074,1.4074074074074074,27.0,0.0,0.0,0.9437933527138586,0.0,6.0,0.9604949476401852,1.0,4.0,0.4338366379796025,3.0,6.0,0.0752245082615216,3.0,16.0,0.3101276458851418,0.0,1.0,0.6726864428725575,0.0,5.0,0.823990923685018
2552.0,11.0,64.0,0.8205128205128205,7.620624341860458,78.0,583.0,7.4743589743589745,50.0,0.6410256410256411,7.0,118.0,38.0,6.084195595175333,4.916666666666667,4.916666666666667,24.0,1.0,4.0,0.0,0.0,4.0,0.8764005652995315,0.0,3.0,0.2944344716924024,0.0,7.0,0.2403219979323655,1.0,44.0,0.6843547964028488,1.0,5.0,0.0,4.0,51.0,0.1816208603551105
2560.0,19.0,108.0,1.3012048192771084,7.174247459506346,83.0,610.0,7.349397590361446,27.0,0.3253012048192771,17.0,155.0,37.0,4.221828289017876,4.5588235294117645,4.5588235294117645,34.0,0.0,0.0,1.0,1.0,3.0,0.5738833438415094,0.0,0.0,0.4809519512876546,3.0,13.0,0.2488411785864429,3.0,30.0,0.2714791960279046,0.0,7.0,0.917060845043638,10.0,102.0,0.0005398390995927
2568.0,10.0,109.0,1.2674418604651163,7.384634407281412,86.0,683.0,7.941860465116279,73.0,0.8488372093023255,9.0,237.0,82.0,5.31085831033589,6.583333333333333,6.583333333333333,36.0,0.0,0.0,0.9250867922378762,0.0,3.0,0.4710340636137427,1.0,3.0,0.4146992560812186,0.0,37.0,0.4903218660868728,3.0,72.0,0.3393048182074049,1.0,12.0,0.389995151180153,4.0,110.0,0.1062915390068738
2576.0,13.0,69.0,0.7840909090909091,8.428756620349477,88.0,754.0,8.568181818181818,71.0,0.8068181818181818,11.0,129.0,0.0,4.889572192762127,5.16,5.16,25.0,0.0,0.0,1.0,3.0,11.0,0.0910558827707512,1.0,6.0,0.3807930805955083,2.0,12.0,0.501377095755137,2.0,63.0,0.5607413288704923,3.0,37.0,0.1676985350826831,0.0,0.0,1.0
2584.0,7.0,81.0,0.9418604651162792,8.712782642208632,86.0,641.0,7.453488372093023,0.0,0.0,4.0,140.0,11.0,7.9304142060274785,4.242424242424242,4.242424242424242,33.0,0.0,0.0,1.0,1.0,19.0,0.2598599939418563,1.0,27.0,0.5416186270797717,0.0,0.0,0.598324011565779,2.0,76.0,0.6415208270279554,0.0,18.0,0.7248083223679217,0.0,0.0,0.3461897533301323
2592.0,13.0,67.0,0.7976190476190477,8.067368025893453,84.0,707.0,8.416666666666666,66.0,0.7857142857142857,12.0,120.0,0.0,5.636797878279718,3.076923076923077,3.076923076923077,39.0,0.0,0.0,0.8573702596185426,4.0,40.0,0.2812494425948266,0.0,7.0,0.4287564915085123,0.0,0.0,0.7184116300977704,3.0,24.0,0.5182746825587968,5.0,49.0,0.2318977833599244,0.0,0.0,0.0091233368616055
2600.0,19.0,111.0,1.353658536585366,6.736650564184522,82.0,770.0,9.390243902439025,63.0,0.7682926829268293,17.0,206.0,86.0,3.155615587264544,5.282051282051282,5.282051282051282,39.0,2.0,13.0,0.3462769944977309,0.0,0.0,0.3934476255618933,2.0,18.0,0.4367572840284612,0.0,7.0,0.0808541173083823,1.0,41.0,0.2329236790356783,12.0,127.0,0.0505446199739566,0.0,0.0,0.3264871506079677
2608.0,5.0,20.0,0.2469135802469135,9.438349648089613,81.0,820.0,10.123456790123456,50.0,0.6172839506172839,3.0,103.0,0.0,8.490707381456962,3.678571428571429,3.678571428571429,28.0,0.0,0.0,0.7722774730208524,1.0,7.0,0.764596998106928,0.0,0.0,0.3311901282320053,1.0,1.0,0.518515584226342,1.0,34.0,0.4196522485609147,0.0,55.0,0.5902908396136972,0.0,6.0,0.8491639004331581
2616.0,9.0,22.0,0.2619047619047619,9.799245002280596,84.0,800.0,9.523809523809524,0.0,0.0,8.0,69.0,0.0,8.474706587001851,1.864864864864865,1.864864864864865,37.0,0.0,0.0,1.0,3.0,15.0,0.2021358882404892,1.0,17.0,0.7495585496206494,2.0,8.0,0.017160771030089,0.0,14.0,0.7187121469481862,1.0,0.0,0.6622043200547172,1.0,15.0,0.7453509511067433
2624.0,8.0,45.0,0.5294117647058824,9.75300465724834,85.0,765.0,9.0,0.0,0.0,6.0,58.0,0.0,8.66351778036063,1.6111111111111112,1.6111111111111112,36.0,0.0,0.0,0.895112011294712,0.0,11.0,0.8689064565058326,1.0,1.0,0.5860497749957668,1.0,17.0,0.3175625886459048,0.0,10.0,0.7916771811772484,3.0,7.0,0.0839652668457025,1.0,12.0,0.6172958115897277
2632.0,9.0,59.0,0.7763157894736842,9.033828691215335,76.0,721.0,9.486842105263158,0.0,0.0,6.0,69.0,11.0,6.733355643333641,2.3,2.3,30.0,0.0,3.0,0.1731723414191396,0.0,0.0,0.8979668132387053,2.0,9.0,0.4208564509181466,2.0,25.0,0.294139011323423,1.0,6.0,0.7083148946595057,0.0,0.0,0.6059244494911611,1.0,26.0,0.5476445125157174
2640.0,12.0,92.0,1.15,8.374581267710125,80.0,706.0,8.825,0.0,0.0,11.0,136.0,67.0,7.111319073349428,3.238095238095238,3.238095238095238,42.0,4.0,30.0,0.1356298672829077,0.0,0.0,0.8608130074232583,3.0,17.0,0.5866805622924419,1.0,30.0,0.1592550520251339,1.0,18.0,0.7732784920322922,1.0,5.0,0.5975841707520472,1.0,36.0,0.5325032607040873
2648.0,19.0,121.0,1.315217391304348,7.132460872934028,92.0,822.0,8.934782608695652,116.0,1.2608695652173914,15.0,152.0,16.0,5.18890484232908,3.3777777777777778,3.3777777777777778,45.0,0.0,18.0,0.2070944389319954,0.0,6.0,0.9302583245287016,4.0,39.0,0.3384251122897588,4.0,52.0,0.3581550003472925,0.0,3.0,0.5810819517891697,2.0,5.0,0.2547557165896247,5.0,29.0,0.1819383294222176
2656.0,15.0,71.0,0.797752808988764,7.731816069711808,89.0,823.0,9.247191011235955,1.0,0.0112359550561797,13.0,123.0,0.0,4.142165642628306,3.727272727272727,3.727272727272727,33.0,1.0,1.0,0.6366303826307828,2.0,6.0,0.4011763786018277,3.0,43.0,0.0877556357968754,4.0,39.0,0.2021679408286547,0.0,3.0,0.8722635105955788,3.0,31.0,0.3663702828006244,0.0,0.0,0.3252581954798936
2664.0,16.0,60.0,0.6976744186046512,7.366055884957876,86.0,778.0,9.046511627906977,0.0,0.0,14.0,131.0,8.0,3.5629929570535,4.517241379310345,4.517241379310345,29.0,2.0,10.0,0.1528240984350823,1.0,6.0,0.3402300939364696,4.0,40.0,0.2408090410592044,5.0,56.0,0.0008383186701843,1.0,4.0,0.3456492275067868,1.0,15.0,0.3129238390783519,0.0,0.0,0.788340856597779
2672.0,13.0,75.0,0.9036144578313252,8.164448447575102,83.0,739.0,8.903614457831326,0.0,0.0,8.0,108.0,0.0,6.938217398889854,4.0,4.0,27.0,1.0,2.0,0.009167529804606,2.0,21.0,0.3250811353717613,3.0,21.0,0.3303109828328097,1.0,52.0,0.1708445065274459,0.0,10.0,0.9145410074221116,1.0,2.0,0.5909009236901923,0.0,0.0,0.7381194555317169
2680.0,14.0,45.0,0.5844155844155844,7.8627060302956675,77.0,653.0,8.480519480519481,0.0,0.0,12.0,97.0,0.0,4.787899957093676,3.88,3.88,25.0,1.0,12.0,0.4170785186137127,0.0,3.0,0.9449196267885028,2.0,15.0,0.2758976157455665,3.0,38.0,0.000210441247854,2.0,17.0,0.5271697468653795,4.0,12.0,0.097233106796294,0.0,0.0,0.7691478331055276
2688.0,9.0,55.0,0.7534246575342466,8.725334553566773,73.0,655.0,8.972602739726028,2.0,0.0273972602739726,4.0,79.0,0.0,6.887180796352522,3.95,3.95,20.0,0.0,0.0,0.4868104716371673,0.0,14.0,0.905945291988118,1.0,10.0,0.429876233974536,1.0,16.0,0.1876663099795847,2.0,31.0,0.2983650208811904,0.0,8.0,0.4866591807643828,0.0,0.0,0.5999316847103301
2696.0,13.0,114.0,1.6764705882352942,8.258847838130626,68.0,624.0,9.176470588235292,0.0,0.0,8.0,107.0,28.0,7.923724768988837,3.962962962962963,3.962962962962963,27.0,3.0,11.0,0.2579313201028682,0.0,12.0,0.9355032165511874,0.0,0.0,0.9002347668402062,3.0,24.0,0.0023432529291204,2.0,57.0,0.6798575588130683,0.0,0.0,1.0,0.0,3.0,0.9888011894546404
2704.0,14.0,195.0,2.867647058823529,8.046555063506595,68.0,701.0,10.308823529411764,77.0,1.1323529411764706,8.0,121.0,14.0,6.717635650073259,5.5,5.5,22.0,4.0,33.0,0.1513175041365723,0.0,3.0,0.941794856363822,1.0,11.0,0.630444834232963,1.0,9.0,0.0,2.0,65.0,0.4816450104825795,0.0,0.0,0.6235107596201213,0.0,0.0,1.0
2712.0,17.0,245.0,3.828125,7.221633593312189,64.0,699.0,10.921875,0.0,0.0,10.0,139.0,18.0,4.729833697460159,5.791666666666667,5.791666666666667,24.0,2.0,9.0,0.3778279393344236,1.0,19.0,0.5926130515829594,2.0,11.0,0.1407780495229123,1.0,20.0,0.056851136840794,2.0,76.0,0.2704878392481687,2.0,4.0,0.2614624889971712,0.0,0.0,0.7830561881572902
2720.0,6.0,101.0,1.578125,7.61944822694821,64.0,724.0,11.3125,25.0,0.390625,0.0,19.0,0.0,7.865889223091599,1.4615384615384617,1.4615384615384617,13.0,0.0,2.0,0.1225137959965464,0.0,7.0,0.2860347449737656,0.0,3.0,0.6143503513383004,0.0,0.0,1.0,0.0,3.0,0.7117805804969235,0.0,1.0,0.5984172910597841,0.0,3.0,0.697955254559081
2728.0,9.0,27.0,0.391304347826087,8.630571144843504,69.0,725.0,10.507246376811594,1.0,0.0144927536231884,5.0,119.0,100.0,9.019077525083487,5.173913043478261,5.173913043478261,23.0,0.0,0.0,0.7952386800971838,1.0,17.0,0.5838046985262656,1.0,0.0,0.0,0.0,0.0,0.997944299726089,2.0,95.0,0.7133693856052719,1.0,4.0,0.5604041032271638,0.0,3.0,0.5349866359246064
2752.0,19.0,129.0,1.6538461538461535,5.958999932678214,78.0,659.0,8.448717948717949,49.0,0.6282051282051282,15.0,128.0,0.0,4.716906554043157,2.909090909090909,2.909090909090909,44.0,0.0,0.0,0.6486195763011543,6.0,67.0,0.2025065919489147,1.0,7.0,0.4872846215342353,0.0,0.0,0.7710058793942388,3.0,35.0,0.2976967464028278,3.0,15.0,0.3120675213458163,2.0,4.0,0.3016144062650375
2760.0,15.0,88.0,1.0731707317073171,5.646830626178278,82.0,752.0,9.170731707317072,93.0,1.1341463414634143,13.0,216.0,88.0,2.9961388927331134,5.837837837837838,5.837837837837838,37.0,0.0,0.0,1.0,2.0,44.0,0.2578734755345738,1.0,9.0,0.3367652873113662,0.0,7.0,0.280452503754931,3.0,104.0,0.1991312990060485,6.0,51.0,0.1143929075730085,1.0,1.0,0.308615959662579
2768.0,25.0,164.0,1.9294117647058824,5.709625490730143,85.0,800.0,9.411764705882351,48.0,0.5647058823529412,20.0,226.0,10.0,3.135699143273527,5.380952380952381,5.380952380952381,42.0,0.0,0.0,1.0,2.0,29.0,0.4293975012736206,1.0,4.0,0.4941732154226623,3.0,25.0,0.2049096130213251,4.0,52.0,0.1668483290728008,6.0,105.0,0.26895849446219,4.0,11.0,0.0031440161454953
2776.0,11.0,49.0,0.550561797752809,6.860998113650499,89.0,885.0,9.9438202247191,85.0,0.9550561797752808,7.0,166.0,0.0,3.979315452021571,5.03030303030303,5.03030303030303,33.0,0.0,0.0,0.9499489300316714,2.0,14.0,0.0797097656405975,1.0,6.0,0.0004193098050271,2.0,14.0,0.1539319448561196,2.0,80.0,0.1345390350132156,0.0,49.0,0.5351484705209502,0.0,3.0,0.8702742515281793
2784.0,10.0,39.0,0.4285714285714285,7.544087242534104,91.0,939.0,10.31868131868132,54.0,0.5934065934065934,9.0,123.0,0.0,6.722691704600704,2.86046511627907,2.86046511627907,43.0,0.0,0.0,0.7548295677569072,1.0,14.0,0.7310037195303666,0.0,6.0,0.9581756938223368,2.0,13.0,0.1292709076764439,4.0,55.0,0.2435735788067308,2.0,28.0,0.5991312802752892,0.0,7.0,0.8563659197232272
2792.0,11.0,32.0,0.3809523809523809,6.85308850308165,84.0,874.0,10.404761904761903,0.0,0.0,10.0,160.0,37.0,4.030649287166059,4.0,4.0,40.0,2.0,7.0,0.4704649679951013,0.0,3.0,0.6368061633058054,0.0,0.0,1.0,2.0,17.0,0.5584622606666196,3.0,104.0,0.1269390352424038,3.0,29.0,0.2677008784017898,0.0,0.0,1.0
2800.0,13.0,41.0,0.5125,6.850415438891206,80.0,928.0,11.6,54.0,0.675,13.0,177.0,17.0,4.57008553904037,4.317073170731708,4.317073170731708,41.0,2.0,14.0,0.1076513341898171,2.0,16.0,0.565435105399434,0.0,1.0,0.9490601243313465,3.0,20.0,0.1646488220148665,5.0,100.0,0.1952615109022655,1.0,23.0,0.5435792903950859,0.0,3.0,0.7678277021863004
2808.0,8.0,27.0,0.3292682926829268,7.191912496857398,82.0,956.0,11.658536585365852,28.0,0.3414634146341463,7.0,146.0,0.0,5.534794811771322,3.65,3.65,40.0,0.0,0.0,1.0,2.0,8.0,0.000440067090452,0.0,0.0,0.8111432656677972,1.0,13.0,0.6074210536248082,3.0,106.0,0.1496665808149307,1.0,13.0,0.5431696206367514,0.0,6.0,0.9440748915778512
2816.0,5.0,11.0,0.1341463414634146,7.313655982870481,82.0,892.0,10.878048780487806,0.0,0.0,4.0,118.0,0.0,3.470877808881732,4.214285714285714,4.214285714285714,28.0,0.0,0.0,0.9307107623792336,0.0,0.0,1.0,0.0,0.0,1.0,0.0,0.0,1.0,4.0,111.0,0.0772617494912751,0.0,7.0,0.655864903181316,0.0,0.0,1.0
2824.0,5.0,6.0,0.074074074074074,7.112929447450655,81.0,803.0,9.91358024691358,0.0,0.0,3.0,108.0,0.0,5.261321335036509,3.0,3.0,36.0,1.0,1.0,0.0032410918678527,0.0,7.0,0.7772271837163305,0.0,0.0,0.456655421963251,1.0,2.0,0.0700622141664892,1.0,95.0,0.2709518542158118,0.0,3.0,0.5663294539808252,0.0,0.0,0.9241919541677678
2832.0,12.0,39.0,0.4875,6.145210648930735,80.0,660.0,8.25,0.0,0.0,8.0,160.0,52.0,5.001259021380687,3.4782608695652173,3.4782608695652173,46.0,0.0,0.0,0.8910602395844965,2.0,9.0,0.107853333779356,0.0,11.0,0.8545328646193889,0.0,4.0,0.479726078887747,6.0,129.0,0.1219011408612845,0.0,7.0,0.7304182431341897,0.0,0.0,0.9116903345331602
2840.0,11.0,49.0,0.620253164556962,5.941291855337015,79.0,703.0,8.89873417721519,43.0,0.5443037974683544,7.0,187.0,27.0,3.311965220592457,4.560975609756097,4.560975609756097,41.0,0.0,0.0,0.2369963448025325,3.0,30.0,0.0,1.0,10.0,0.4757080807049672,0.0,2.0,0.6204420250437703,2.0,132.0,0.1244506032625699,1.0,13.0,0.3831648955139367,0.0,0.0,0.9109814154260986
2848.0,16.0,71.0,0.9726027397260274,6.056247024918114,73.0,685.0,9.383561643835616,0.0,0.0,14.0,204.0,17.0,3.848581945055329,4.975609756097561,4.975609756097561,41.0,0.0,0.0,0.6025748794990121,0.0,3.0,0.7237303928904346,2.0,8.0,5.667406256714516e-06,1.0,4.0,0.0,8.0,157.0,0.1388668577179181,3.0,32.0,0.4930501286970904,0.0,0.0,0.2693556716764835
2856.0,16.0,121.0,1.551282051282051,5.909411925222186,78.0,805.0,10.32051282051282,120.0,1.5384615384615383,16.0,249.0,45.0,3.701959119953469,6.384615384615385,6.384615384615385,39.0,0.0,0.0,1.0,0.0,4.0,0.4320524583937588,0.0,0.0,0.9130500791626136,0.0,0.0,0.92792687258019,16.0,234.0,0.0429062195785483,0.0,5.0,0.6834773321003822,0.0,6.0,0.7860427615758092
2864.0,24.0,208.0,2.4761904761904763,6.55894243021364,84.0,972.0,11.571428571428571,167.0,1.988095238095238,23.0,331.0,82.0,3.4609651106766472,8.275,8.275,40.0,0.0,4.0,0.6896492158160785,2.0,15.0,0.2415398745827047,0.0,6.0,0.501352249553539,0.0,0.0,1.0,21.0,296.0,0.0242442911110411,0.0,0.0,0.4515589841849805,0.0,10.0,0.8653042069721826
2872.0,14.0,107.0,1.3717948717948718,6.935428565751763,78.0,902.0,11.564102564102564,0.0,0.0,9.0,349.0,18.0,5.49262864966685,9.432432432432432,9.432432432432432,37.0,0.0,0.0,0.8137201921564937,2.0,31.0,0.3964955795944468,0.0,4.0,0.934991982363979,0.0,0.0,0.0756246910487302,7.0,308.0,0.1379770625032178,0.0,6.0,0.6327770454037462,0.0,0.0,0.949409598920341
2880.0,8.0,26.0,0.3421052631578947,7.214503275240877,76.0,808.0,10.63157894736842,0.0,0.0,8.0,344.0,0.0,4.567962849850249,9.555555555555555,9.555555555555555,36.0,2.0,11.0,0.2737561588880253,2.0,13.0,0.3406354148217813,0.0,0.0,1.0,0.0,0.0,1.0,4.0,306.0,0.1591114212275272,0.0,14.0,0.8903454850664119,0.0,0.0,0.7368736580892434
2888.0,10.0,61.0,0.8840579710144928,7.460791922591414,69.0,730.0,10.579710144927535,0.0,0.0,10.0,280.0,0.0,5.549756591959089,7.567567567567567,7.567567567567567,37.0,0.0,6.0,0.286631286201799,2.0,19.0,0.5657612034384337,0.0,0.0,1.0,1.0,1.0,0.461602767953314,7.0,254.0,0.1849158797236738,0.0,0.0,0.8199729450022423,0.0,0.0,0.9223446159927008
2896.0,10.0,63.0,1.0,7.77681764834185,63.0,569.0,9.031746031746032,0.0,0.0,8.0,226.0,0.0,5.434387880242044,8.37037037037037,8.37037037037037,27.0,1.0,6.0,0.0,4.0,38.0,0.1596179871597237,1.0,0.0,0.4982371594806018,0.0,0.0,1.0,2.0,179.0,0.3456645130090869,0.0,3.0,0.8752715403508413,0.0,0.0,0.7181974589184688
2904.0,9.0,33.0,0.5789473684210527,7.69726194894505,57.0,526.0,9.228070175438596,0.0,0.0,6.0,156.0,0.0,7.202253579856646,5.571428571428571,5.571428571428571,28.0,0.0,4.0,0.8758544148208143,0.0,19.0,0.4544009602065446,0.0,0.0,0.9194941529399834,1.0,2.0,0.3417899410405678,4.0,122.0,0.2065596336451102,0.0,7.0,0.8799526920496236,1.0,2.0,0.470020317166185
2912.0,12.0,40.0,0.625,7.018242976835438,64.0,589.0,9.203125,63.0,0.984375,11.0,173.0,17.0,3.937072026423893,6.178571428571429,6.178571428571429,28.0,1.0,1.0,0.2982430733595535,2.0,11.0,0.0616031200061028,0.0,0.0,0.8642446795543612,0.0,0.0,1.0,3.0,134.0,0.2116675818734255,4.0,17.0,0.2969093400881884,1.0,10.0,0.4917349541802396
2920.0,2.0,2.0,0.03125,7.80534585919014,64.0,490.0,7.65625,0.0,0.0,1.0,69.0,0.0,6.8648772274972005,3.45,3.45,20.0,0.0,0.0,0.4811838558900013,0.0,13.0,0.1792237457035897,0.0,6.0,0.9609781435505832,0.0,0.0,0.9209187301273024,0.0,43.0,0.5424325566177689,1.0,5.0,0.36396899971623,0.0,2.0,0.7265334329392407
2928.0,5.0,13.0,0.2321428571428571,8.084130361804771,56.0,413.0,7.375,0.0,0.0,4.0,40.0,0.0,6.965046323034585,1.9047619047619049,1.9047619047619049,21.0,0.0,0.0,0.803557737412627,0.0,0.0,1.0,0.0,0.0,1.0,0.0,0.0,0.5443856499599173,0.0,9.0,0.5196371677159773,4.0,24.0,0.3276840665049831,0.0,7.0,0.8306240101953031
2936.0,11.0,73.0,1.4038461538461535,6.638869700907601,52.0,365.0,7.019230769230769,0.0,0.0,8.0,74.0,34.0,3.2130398241774105,4.352941176470588,4.352941176470588,17.0,0.0,0.0,1.0,0.0,3.0,0.5681659296439534,0.0,0.0,1.0,1.0,4.0,1.23437851518108e-05,0.0,0.0,0.1344463011786335,7.0,67.0,0.2385778059798847,0.0,0.0,1.0
2944.0,1.0,0.0,0.0,7.906442264020242,49.0,271.0,5.530612244897959,0.0,0.0,0.0,24.0,0.0,7.88610289699381,2.4,2.4,10.0,0.0,0.0,1.0,0.0,0.0,0.4865840446080208,0.0,0.0,1.0,0.0,0.0,0.0162588323701217,0.0,0.0,0.5633294173334319,0.0,24.0,0.6951839715091337,0.0,0.0,1.0
2952.0,7.0,24.0,0.5454545454545454,9.239495698155908,44.0,277.0,6.295454545454546,6.0,0.1363636363636363,5.0,57.0,33.0,9.256164510188622,2.85,2.85,20.0,0.0,0.0,1.0,2.0,13.0,0.0012658179227557,0.0,0.0,1.0,1.0,2.0,0.0002397083854743,0.0,3.0,0.9438774672077176,2.0,26.0,0.6760443462950889,0.0,13.0,0.9350554672350754
2960.0,8.0,85.0,2.125,8.555895346041211,40.0,254.0,6.35,0.0,0.0,6.0,91.0,34.0,7.897835761987274,5.352941176470588,5.352941176470588,17.0,0.0,0.0,1.0,2.0,29.0,0.0,0.0,0.0,1.0,1.0,10.0,0.0,0.0,5.0,0.6721232119879892,3.0,47.0,0.5862367098624508,0.0,0.0,0.9217318002798768
2968.0,7.0,96.0,2.526315789473684,7.780163372869578,38.0,267.0,7.026315789473684,13.0,0.3421052631578947,4.0,73.0,0.0,7.77613107730877,5.615384615384615,5.615384615384615,13.0,0.0,0.0,0.8086944396611377,0.0,0.0,0.9982073331573058,0.0,0.0,1.0,0.0,0.0,1.0,1.0,2.0,0.0133992714717329,3.0,71.0,0.2352914654379957,0.0,0.0,0.8849160364559301
2976.0,2.0,21.0,0.5833333333333334,9.799880356836294,36.0,266.0,7.388888888888889,0.0,0.0,1.0,57.0,0.0,8.426828070170988,8.142857142857142,8.142857142857142,7.0,0.0,0.0,0.959562559361298,0.0,0.0,1.0,0.0,0.0,0.7144088046714633,0.0,0.0,1.0,0.0,0.0,1.0,1.0,57.0,0.314095043441497,0.0,0.0,0.8615318498005737
2984.0,4.0,8.0,0.2162162162162162,8.421263527795078,37.0,263.0,7.108108108108108,0.0,0.0,3.0,53.0,0.0,7.246900571901762,5.3,5.3,10.0,0.0,0.0,1.0,0.0,0.0,1.0,0.0,6.0,0.7216701068959442,0.0,0.0,1.0,0.0,0.0,1.0,3.0,47.0,0.3497193479556167,0.0,0.0,1.0
2992.0,1.0,0.0,0.0,8.12857634423123,37.0,241.0,6.513513513513513,0.0,0.0,0.0,5.0,0.0,9.190208832651418,0.3125,0.3125,16.0,0.0,0.0,0.3471323033518741,0.0,0.0,1.0,0.0,0.0,0.7342290448677835,0.0,0.0,1.0,0.0,3.0,0.7351349830605257,0.0,1.0,0.4213286692666231,0.0,1.0,0.7928936548398523
3000.0,4.0,7.0,0.1794871794871795,8.081237947747168,39.0,246.0,6.307692307692308,5.0,0.1282051282051282,3.0,15.0,10.0,7.006671346802094,1.0,1.0,15.0,0.0,0.0,1.0,0.0,0.0,0.3745555449794942,1.0,1.0,8.837311794512672e-05,0.0,0.0,1.0,0.0,8.0,0.8363209534074447,2.0,6.0,0.3337853705829355,0.0,0.0,0.8863791139407968
3008.0,8.0,36.0,0.9230769230769232,6.762401758664182,39.0,256.0,6.564102564102564,10.0,0.2564102564102564,7.0,50.0,35.0,4.9386782615709794,2.7777777777777777,2.7777777777777777,18.0,0.0,0.0,1.0,0.0,4.0,0.6509358799391526,0.0,1.0,0.9986064847331626,0.0,0.0,0.0590555405683909,2.0,12.0,0.3624461956341155,5.0,33.0,0.1310129209459125,0.0,0.0,0.8972845378825031
3016.0,5.0,7.0,0.1891891891891892,6.669373235991154,37.0,302.0,8.162162162162161,46.0,1.2432432432432432,4.0,81.0,31.0,4.911417574254169,5.4,5.4,15.0,0.0,0.0,1.0,1.0,5.0,0.0008562633046235,1.0,2.0,0.0056657464516096,1.0,2.0,0.3321479280254112,0.0,59.0,0.534603683478053,0.0,10.0,0.468715116783675,1.0,3.0,0.3064503247696197
3024.0,9.0,18.0,0.45,6.872506129371632,40.0,337.0,8.425,35.0,0.875,3.0,29.0,0.0,7.140372108458005,1.7058823529411764,1.7058823529411764,17.0,0.0,0.0,1.0,0.0,0.0,0.0151530662326302,0.0,0.0,1.0,2.0,11.0,0.1871085516049728,1.0,17.0,0.7492634357646568,0.0,1.0,0.5602718169412612,0.0,0.0,1.0
3032.0,8.0,62.0,1.441860465116279,7.096757232851254,43.0,396.0,9.209302325581396,59.0,1.372093023255814,3.0,49.0,20.0,6.436653873972026,2.5789473684210527,2.5789473684210527,19.0,0.0,0.0,1.0,0.0,0.0,1.0,0.0,0.0,1.0,2.0,33.0,0.2364226863003072,1.0,13.0,0.5537293276690398,0.0,3.0,0.846565140622908,0.0,0.0,1.0
3040.0,6.0,52.0,1.04,8.042903504500988,50.0,446.0,8.92,50.0,1.0,2.0,17.0,0.0,7.872012377165818,0.9444444444444444,0.9444444444444444,18.0,0.0,0.0,1.0,0.0,0.0,1.0,0.0,0.0,1.0,2.0,8.0,0.2993182210448984,0.0,7.0,0.7742761822126328,0.0,2.0,0.7310064735475413,0.0,0.0,1.0
3048.0,9.0,90.0,1.9148936170212767,7.119996659706721,47.0,434.0,9.23404255319149,0.0,0.0,6.0,25.0,8.0,6.007810355574032,1.1904761904761905,1.1904761904761905,21.0,1.0,1.0,0.2813373429886852,0.0,0.0,0.0485976879767031,0.0,0.0,1.0,5.0,21.0,0.2164994956889698,0.0,0.0,0.9675513613377396,0.0,3.0,0.837057918325597,0.0,0.0,1.0
3056.0,3.0,13.0,0.2765957446808511,7.387950928743455,47.0,445.0,9.46808510638298,11.0,0.2340425531914893,2.0,74.0,49.0,5.270097005650019,3.7,3.7,20.0,0.0,0.0,1.0,1.0,8.0,0.0,0.0,0.0,0.89617260450124,1.0,25.0,0.1392270987271606,0.0,40.0,0.7000937764931989,0.0,1.0,0.4849162009984529,0.0,0.0,1.0
3064.0,5.0,26.0,0.6190476190476191,8.96369558464234,42.0,323.0,7.690476190476191,0.0,0.0,4.0,90.0,16.0,7.7494332891848705,6.923076923076923,6.923076923076923,13.0,0.0,0.0,1.0,0.0,3.0,0.9220710682917824,0.0,0.0,0.9043723565056944,2.0,16.0,0.2982075528649445,2.0,71.0,0.3183186512499938,0.0,0.0,0.7968569449363176,0.0,0.0,1.0
3072.0,8.0,33.0,0.825,8.310768673889925,40.0,288.0,7.2,0.0,0.0,8.0,46.0,0.0,5.517220108574765,2.555555555555556,2.555555555555556,18.0,0.0,0.0,1.0,2.0,6.0,0.0030718668134105,0.0,0.0,1.0,3.0,22.0,0.0431456918253499,0.0,0.0,0.912120026959574,3.0,11.0,0.0029238609684103,0.0,7.0,0.8677443237611406
3080.0,4.0,19.0,0.5277777777777778,9.346056561430508,36.0,276.0,7.666666666666667,0.0,0.0,3.0,37.0,0.0,8.171848478711276,2.8461538461538463,2.8461538461538463,13.0,1.0,4.0,0.0014532399606501,2.0,22.0,0.4702413369187208,0.0,0.0,0.9469033516516328,0.0,5.0,0.6823115326327399,0.0,3.0,0.8183493813012107,0.0,0.0,0.6953987750329551,0.0,3.0,0.911003103882282
3088.0,2.0,2.0,0.0465116279069767,9.137300733746224,43.0,285.0,6.627906976744186,9.0,0.2093023255813953,1.0,15.0,0.0,8.575655309429441,1.1538461538461535,1.1538461538461535,13.0,0.0,0.0,1.0,0.0,0.0,0.9764133901836212,0.0,0.0,1.0,0.0,0.0,0.1561165790301281,0.0,3.0,0.7571420065157253,1.0,2.0,0.4171037188003221,0.0,10.0,0.8123945015154272
3096.0,2.0,1.0,0.0256410256410256,10.455276704838615,39.0,219.0,5.615384615384615,0.0,0.0,1.0,4.0,0.0,10.739335252081984,0.4,0.4,10.0,0.0,0.0,1.0,0.0,0.0,0.7621024864181591,0.0,3.0,0.9730497056193124,0.0,0.0,0.975972041966841,0.0,0.0,0.9109885701683698,0.0,0.0,0.9990253085035156,1.0,1.0,0.0029446717924838
3104.0,7.0,14.0,0.3684210526315789,7.890877747536581,38.0,150.0,3.947368421052632,0.0,0.0,6.0,29.0,25.0,6.627088570347502,1.5263157894736843,1.5263157894736843,19.0,0.0,0.0,0.7411528424791467,2.0,4.0,0.0041816612443929,1.0,10.0,0.4848082029576333,1.0,3.0,0.4068652518128914,0.0,6.0,0.9435399584687222,2.0,6.0,0.4541131153827534,0.0,0.0,0.846140732792629
3112.0,0.0,0.0,0.0,9.348824649875375,39.0,174.0,4.461538461538462,24.0,0.6153846153846154,0.0,3.0,0.0,9.523904095709728,0.3,0.3,10.0,0.0,0.0,1.0,0.0,0.0,0.9664111589421184,0.0,0.0,0.7862515091283104,0.0,0.0,0.3471066983880261,0.0,0.0,1.0,0.0,3.0,0.8173488093490457,0.0,0.0,0.3514918942792613
3120.0,3.0,11.0,0.275,9.199130486368748,40.0,185.0,4.625,11.0,0.275,2.0,12.0,9.0,8.15638558020099,0.75,0.75,16.0,0.0,1.0,0.3171314785475924,0.0,0.0,1.0,0.0,0.0,0.5211976075652612,1.0,1.0,0.1166999817615213,0.0,5.0,0.8962937285561269,1.0,5.0,0.345102014792358,0.0,0.0,0.898645319836303
3128.0,1.0,2.0,0.0526315789473684,10.666301972479836,38.0,193.0,5.078947368421052,8.0,0.2105263157894736,0.0,9.0,0.0,10.993558052477438,0.5625,0.5625,16.0,0.0,0.0,1.0,0.0,3.0,0.9388125951356306,0.0,0.0,0.6224968744757264,0.0,0.0,1.0,0.0,3.0,0.893394554017544,0.0,3.0,0.7761978829199205,0.0,0.0,0.9847437593714646
3136.0,3.0,9.0,0.2903225806451613,9.43644584492644,31.0,113.0,3.645161290322581,0.0,0.0,3.0,18.0,9.0,7.1273961349961095,1.0588235294117647,1.0588235294117647,17.0,0.0,0.0,1.0,0.0,0.0,0.6628158784326313,0.0,0.0,0.4894438259649772,0.0,0.0,0.8909069914927651,0.0,6.0,0.8540964267460778,3.0,12.0,0.3279100959483945,0.0,0.0,0.3159481004878149
3144.0,3.0,2.0,0.0666666666666666,8.627169319132719,30.0,110.0,3.6666666666666665,0.0,0.0,1.0,4.0,0.0,8.755973173721038,0.5,0.5,8.0,0.0,0.0,0.9067072057459152,1.0,3.0,4.4719923001030434e-05,0.0,0.0,1.0,0.0,0.0,0.9821645367608844,0.0,0.0,0.8717565061966547,0.0,1.0,0.3165457500907007,0.0,0.0,0.634500515890822
3152.0,2.0,2.0,0.0714285714285714,10.821757190076267,28.0,92.0,3.2857142857142856,0.0,0.0,1.0,13.0,9.0,10.591578513110944,1.3,1.3,10.0,0.0,0.0,1.0,0.0,0.0,0.919799391332041,0.0,0.0,1.0,0.0,0.0,0.5066367112770627,0.0,0.0,1.0,0.0,0.0,0.920937038182711,1.0,13.0,0.7458539270576736
3160.0,6.0,18.0,0.5294117647058824,7.838994787012772,34.0,100.0,2.9411764705882355,8.0,0.2352941176470588,5.0,31.0,18.0,3.221455216674306,2.583333333333333,2.583333333333333,12.0,0.0,0.0,1.0,0.0,0.0,1.0,0.0,0.0,0.91164339291465,0.0,2.0,0.130807607402793,0.0,0.0,1.0,0.0,0.0,0.5299664787125749,5.0,29.0,0.0093784713687179
3168.0,2.0,1.0,0.0263157894736842,9.327950050309534,38.0,111.0,2.921052631578948,11.0,0.2894736842105263,1.0,13.0,0.0,8.476493204231385,0.8666666666666667,0.8666666666666667,15.0,0.0,0.0,0.8518478732160051,1.0,1.0,0.2901857789564536,0.0,3.0,0.7125937442133831,0.0,0.0,1.0,0.0,0.0,0.8396114939141357,0.0,3.0,0.4022677231831175,0.0,6.0,0.5719706738504462
3192.0,4.0,8.0,0.16,8.248774235844555,50.0,108.0,2.16,25.0,0.5,3.0,25.0,0.0,7.688596408189339,1.1904761904761905,1.1904761904761905,21.0,0.0,3.0,0.6107350403198571,1.0,3.0,0.5646455806076265,0.0,0.0,0.2563419299853394,0.0,0.0,0.9618582733115774,2.0,15.0,0.4146888883441135,0.0,4.0,0.7132674864145746,0.0,0.0,1.0
3200.0,10.0,44.0,0.7857142857142857,7.685898397800294,56.0,163.0,2.9107142857142856,55.0,0.9821428571428572,7.0,53.0,28.0,5.772205946315352,1.962962962962963,1.962962962962963,27.0,0.0,0.0,1.0,4.0,30.0,0.1723560145433391,0.0,0.0,1.0,1.0,2.0,0.3517333689758649,2.0,21.0,0.5692625930892677,0.0,0.0,0.2658294197039868,0.0,0.0,0.4149285047059931
3208.0,8.0,42.0,0.7924528301886793,8.142988046266895,53.0,211.0,3.981132075471698,48.0,0.9056603773584906,2.0,39.0,0.0,8.776823190949315,1.6956521739130437,1.6956521739130437,23.0,0.0,0.0,1.0,0.0,19.0,0.3269917421418213,0.0,3.0,0.9410654743995636,1.0,5.0,0.4630064859514119,0.0,3.0,0.8374564904324814,1.0,9.0,0.4821125179613317,0.0,0.0,0.4355574682223982
3216.0,5.0,24.0,0.4067796610169492,8.441996972509646,59.0,228.0,3.864406779661017,17.0,0.288135593220339,5.0,42.0,3.0,5.812980705536225,2.1,2.1,20.0,0.0,0.0,1.0,2.0,19.0,3.937813416386513e-06,0.0,0.0,1.0,1.0,2.0,0.2703804092992251,0.0,4.0,0.8476531111504415,1.0,11.0,0.4649465286621354,1.0,6.0,0.0
3224.0,4.0,32.0,0.5333333333333333,8.578369535395645,60.0,223.0,3.716666666666667,0.0,0.0,3.0,60.0,18.0,7.234133289434846,2.608695652173913,2.608695652173913,23.0,0.0,4.0,0.6351670995316967,2.0,35.0,0.0,0.0,5.0,0.8636379314161524,0.0,3.0,0.4907367081081679,0.0,2.0,0.9482713221834634,0.0,8.0,0.646433407308608,1.0,3.0,0.3014991546624112
3232.0,4.0,17.0,0.293103448275862,9.867753964190946,58.0,218.0,3.7586206896551726,0.0,0.0,4.0,32.0,0.0,8.979512814216761,1.6,1.6,20.0,3.0,14.0,0.3967939618955707,0.0,0.0,1.0,0.0,0.0,1.0,1.0,9.0,0.4953305274852058,0.0,6.0,0.8711750465086321,0.0,0.0,0.7311936473448356,0.0,3.0,0.8084698877777626
3240.0,2.0,5.0,0.0980392156862745,10.271031709019816,51.0,156.0,3.0588235294117645,0.0,0.0,1.0,9.0,0.0,10.413969610167076,0.6923076923076923,0.6923076923076923,13.0,0.0,1.0,0.2862151220604885,0.0,0.0,0.9575971964244496,0.0,3.0,0.6833057500894902,1.0,5.0,0.4581034581414661,0.0,0.0,0.8576869512099036,0.0,0.0,0.8583625335980953,0.0,0.0,0.9739333975743424
3248.0,3.0,13.0,0.2826086956521739,10.018205016677252,46.0,162.0,3.5217391304347827,6.0,0.1304347826086956,3.0,19.0,10.0,8.688895059172019,1.1176470588235294,1.1176470588235294,17.0,0.0,0.0,1.0,0.0,0.0,0.8531476701798919,0.0,0.0,1.0,1.0,5.0,0.3263025188539618,1.0,10.0,0.7049613349719881,0.0,0.0,0.9179259282016976,1.0,4.0,0.4902492967757983
3256.0,10.0,24.0,0.5106382978723404,7.513522800510743,47.0,199.0,4.23404255319149,37.0,0.7872340425531915,8.0,50.0,31.0,6.14210859770523,1.7857142857142858,1.7857142857142858,28.0,0.0,0.0,1.0,2.0,14.0,0.3560165838686643,1.0,0.0,0.3459083823778683,1.0,4.0,0.2832321781002174,2.0,18.0,0.5026479598215801,0.0,0.0,1.0,2.0,14.0,0.5896651724174707
3264.0,3.0,19.0,0.38,9.085025207012588,50.0,205.0,4.1,6.0,0.12,1.0,21.0,0.0,8.983078080645404,1.1666666666666667,1.1666666666666667,18.0,0.0,0.0,1.0,0.0,3.0,0.6798520354665171,0.0,0.0,0.9681003644632464,1.0,10.0,0.6089907075672367,0.0,5.0,0.5155083609415024,0.0,3.0,0.8597697687303012,0.0,0.0,0.7345936483337396
3272.0,1.0,3.0,0.0625,10.44297610338183,48.0,166.0,3.458333333333333,0.0,0.0,1.0,18.0,0.0,9.137349847721604,1.125,1.125,16.0,0.0,0.0,1.0,0.0,0.0,1.0,1.0,6.0,0.4688092386375053,0.0,6.0,0.4900409857628225,0.0,0.0,0.9359102801355575,0.0,6.0,0.7995754465089638,0.0,0.0,0.2759131379144318
3280.0,7.0,21.0,0.4375,8.337954543952621,48.0,165.0,3.4375,0.0,0.0,7.0,37.0,19.0,6.076375400641902,1.681818181818182,1.681818181818182,22.0,0.0,0.0,1.0,1.0,3.0,0.2564660543784847,1.0,12.0,0.751877677839458,0.0,0.0,0.5553054179968085,1.0,7.0,0.4793755052373711,4.0,15.0,0.1178582699280579,0.0,0.0,1.0
3288.0,3.0,4.0,0.08,9.846990558202428,50.0,192.0,3.84,27.0,0.54,1.0,14.0,0.0,10.306337949221858,0.9333333333333332,0.9333333333333332,15.0,1.0,3.0,0.3084930709339441,0.0,0.0,1.0,0.0,1.0,0.9047282631942958,0.0,0.0,0.9339852478546384,0.0,5.0,0.7839749975695725,0.0,5.0,0.7666206728332361,0.0,0.0,0.9503530842780114
3296.0,3.0,5.0,0.1041666666666666,10.421906915566252,48.0,179.0,3.7291666666666665,0.0,0.0,2.0,22.0,8.0,9.510048656540553,1.0476190476190477,1.0476190476190477,21.0,0.0,0.0,1.0,0.0,6.0,0.6523625249711857,0.0,0.0,0.8959469514905655,0.0,0.0,0.9934968721013936,2.0,13.0,0.5368767307550184,0.0,0.0,0.893889864656063,0.0,3.0,0.8427598058481722
3304.0,9.0,49.0,1.065217391304348,7.872516473777835,46.0,166.0,3.608695652173913,0.0,0.0,9.0,66.0,44.0,4.580880486424436,3.142857142857143,3.142857142857143,21.0,0.0,0.0,1.0,0.0,9.0,0.476120232615083,0.0,0.0,1.0,1.0,3.0,4.5935551502425806e-05,7.0,50.0,0.1180256187123623,0.0,0.0,0.8036354563179497,1.0,4.0,0.5526600791120492
3312.0,3.0,10.0,0.2325581395348837,7.840575897469905,43.0,191.0,4.441860465116279,25.0,0.5813953488372093,2.0,54.0,0.0,4.990680776057442,3.176470588235294,3.176470588235294,17.0,0.0,0.0,1.0,0.0,0.0,0.4621046046504997,0.0,0.0,1.0,1.0,3.0,0.2628996626949427,1.0,48.0,0.1842174406539289,0.0,3.0,0.923914615478854,0.0,0.0,0.0125131606097449
3320.0,8.0,16.0,0.3720930232558139,8.019152970601034,43.0,199.0,4.627906976744186,8.0,0.1860465116279069,6.0,77.0,23.0,5.700074229129124,4.529411764705882,4.529411764705882,17.0,0.0,0.0,0.3470268567664754,1.0,2.0,0.000652421040152,0.0,3.0,0.953123827986476,0.0,0.0,1.0,5.0,65.0,0.0090205140181753,0.0,7.0,0.9247482701565988,0.0,0.0,0.9459308994137696
3328.0,2.0,6.0,0.1428571428571428,9.357733925274845,42.0,208.0,4.9523809523809526,9.0,0.2142857142857142,1.0,56.0,0.0,9.084563231518157,3.733333333333333,3.733333333333333,15.0,0.0,0.0,0.9695634937666872,0.0,0.0,0.9508545085959934,1.0,9.0,0.5627340636750705,0.0,0.0,1.0,0.0,44.0,0.2267180769321963,0.0,3.0,0.8722467699435537,0.0,0.0,0.9181901029664916
3336.0,4.0,20.0,0.5128205128205128,10.354404817653842,39.0,204.0,5.230769230769231,0.0,0.0,2.0,24.0,0.0,10.197531231801058,1.5,1.5,16.0,0.0,3.0,0.6319515999404901,1.0,2.0,0.6455885665767602,0.0,0.0,1.0,0.0,0.0,1.0,1.0,12.0,0.5682649894743914,0.0,7.0,0.9168629355858966,0.0,0.0,0.9288468204111237
3344.0,5.0,8.0,0.2285714285714285,8.91968308540212,35.0,185.0,5.285714285714286,0.0,0.0,3.0,10.0,0.0,9.103216512369793,0.9090909090909092,0.9090909090909092,11.0,0.0,0.0,1.0,1.0,3.0,0.462019737753098,0.0,0.0,1.0,1.0,1.0,0.0002590317438927,1.0,6.0,0.4882433394664635,0.0,0.0,0.8804116847692266,0.0,0.0,0.9399734585989796
3352.0,3.0,14.0,0.4,8.668201566975137,35.0,130.0,3.7142857142857135,0.0,0.0,2.0,17.0,7.0,8.75880663887058,1.3076923076923077,1.3076923076923077,13.0,0.0,0.0,1.0,1.0,17.0,0.4044603639117876,1.0,0.0,0.4680832480453147,0.0,0.0,0.2672968262147199,0.0,0.0,0.9496284757963424,0.0,0.0,1.0,0.0,0.0,0.8576728967968813
3360.0,6.0,34.0,0.8095238095238095,8.102861034439698,42.0,101.0,2.4047619047619047,0.0,0.0,5.0,45.0,28.0,5.341201168936898,3.75,3.75,12.0,1.0,6.0,0.4948714589275427,4.0,39.0,6.495354128214358e-06,0.0,0.0,0.8150413785273312,0.0,0.0,1.0,0.0,0.0,0.5533096904789078,0.0,0.0,0.5289024705550346,0.0,0.0,1.0
3368.0,0.0,0.0,0.0,9.450744213564654,42.0,87.0,2.071428571428572,0.0,0.0,0.0,5.0,0.0,7.266230079981068,0.3333333333333333,0.3333333333333333,15.0,0.0,0.0,1.0,0.0,0.0,0.3473293936674402,0.0,0.0,0.2749347817482429,0.0,1.0,0.0641174547007112,0.0,0.0,0.9940667541470416,0.0,4.0,0.6385411462505639,0.0,0.0,0.9010881881051848
3376.0,2.0,4.0,0.0975609756097561,10.522016839260177,41.0,87.0,2.1219512195121952,0.0,0.0,0.0,6.0,1.0,11.201614310004782,0.375,0.375,16.0,0.0,0.0,1.0,0.0,0.0,0.9437259128050935,0.0,0.0,0.8549350814105727,0.0,0.0,0.0137022933397072,0.0,3.0,0.8101545490792139,0.0,3.0,0.8113957642281456,0.0,0.0,1.0
3384.0,5.0,11.0,0.2558139534883721,9.30257883919408,43.0,80.0,1.8604651162790695,0.0,0.0,4.0,28.0,22.0,7.629406556602063,1.4736842105263157,1.4736842105263157,19.0,1.0,6.0,5.8232206797489954e-05,0.0,0.0,0.9408600191689704,1.0,13.0,0.7136805846728146,0.0,0.0,0.0102367628905099,0.0,7.0,0.6527725720807526,2.0,2.0,0.340218899689201,0.0,0.0,0.6791299998787101
3416.0,6.0,37.0,1.0277777777777777,8.396264356393859,36.0,129.0,3.583333333333333,25.0,0.6944444444444444,6.0,55.0,15.0,6.325563603432084,3.4375,3.4375,16.0,5.0,32.0,0.0527975167030688,0.0,3.0,0.9369198485845898,0.0,0.0,0.9265968033949574,0.0,0.0,1.0,0.0,0.0,1.0,0.0,12.0,0.2585956000219684,1.0,8.0,0.5854489981701884
3424.0,4.0,7.0,0.2058823529411764,8.337886515577138,34.0,172.0,5.0588235294117645,43.0,1.2647058823529411,3.0,43.0,0.0,7.63128631860913,2.15,2.15,20.0,0.0,17.0,0.229558313434008,2.0,7.0,0.0039917421585988,1.0,3.0,0.1857212014339875,0.0,0.0,1.0,0.0,13.0,0.9096327634706576,0.0,0.0,0.9375153254606048,0.0,3.0,0.8136774574719186
3432.0,2.0,3.0,0.0833333333333333,9.44775299250237,36.0,169.0,4.694444444444445,0.0,0.0,1.0,12.0,0.0,8.63677240509265,1.0909090909090908,1.0909090909090908,11.0,1.0,6.0,0.3164014139101496,0.0,3.0,0.9170514068442056,0.0,0.0,0.3166170855023451,0.0,0.0,0.8995993751135459,0.0,0.0,0.5937203830787172,0.0,3.0,0.5712460530051572,0.0,0.0,0.9195307506312356
3440.0,2.0,7.0,0.2058823529411764,10.7486425603978,34.0,154.0,4.529411764705882,0.0,0.0,2.0,10.0,0.0,9.170904734009737,0.9090909090909092,0.9090909090909092,11.0,0.0,0.0,1.0,1.0,4.0,0.7179094745586734,0.0,0.0,0.6844707153019342,0.0,0.0,1.0,1.0,5.0,0.3042829518783239,0.0,0.0,0.9327408678223438,0.0,1.0,0.6859532761376189
3448.0,9.0,37.0,0.9487179487179488,7.863487889050723,39.0,154.0,3.948717948717949,0.0,0.0,7.0,39.0,29.0,5.430254489049673,2.4375,2.4375,16.0,0.0,0.0,1.0,4.0,21.0,0.000103080647836,0.0,0.0,0.5229452731727156,0.0,0.0,1.0,1.0,13.0,0.6679757760984908,2.0,5.0,0.1218027851366451,0.0,0.0,0.9480332763543532
3456.0,6.0,34.0,0.6666666666666666,8.121904394396175,51.0,174.0,3.411764705882353,20.0,0.392156862745098,4.0,47.0,8.0,6.484602601138019,2.764705882352941,2.764705882352941,17.0,0.0,0.0,1.0,3.0,33.0,0.2288518445406029,0.0,7.0,0.914640274949882,0.0,0.0,0.0642336833338472,0.0,3.0,0.4752180715077047,1.0,4.0,0.4142073603879145,0.0,0.0,1.0
3464.0,9.0,79.0,1.2741935483870968,9.312177283508722,62.0,221.0,3.564516129032258,47.0,0.7580645161290323,8.0,94.0,47.0,7.96100864558692,3.357142857142857,3.357142857142857,28.0,0.0,0.0,0.7353877551599558,3.0,57.0,0.2406797973333159,1.0,9.0,0.5576299414067492,2.0,10.0,0.2198818666668534,0.0,7.0,0.9195178996781576,2.0,11.0,0.416494909330878,0.0,0.0,0.6956854604428039
3472.0,12.0,30.0,0.4225352112676056,8.515160302962927,71.0,250.0,3.5211267605633805,29.0,0.4084507042253521,9.0,35.0,0.0,6.6930666039572975,1.206896551724138,1.206896551724138,29.0,4.0,15.0,0.1704294129447818,1.0,3.0,0.2910050824733984,2.0,10.0,0.5695984852046682,0.0,0.0,0.6870024418446324,0.0,3.0,0.8342942169388707,2.0,4.0,0.3349424069459243,0.0,0.0,0.8420146401957493
3480.0,5.0,13.0,0.1780821917808219,8.687104343760005,73.0,264.0,3.616438356164384,14.0,0.1917808219178082,5.0,32.0,0.0,6.357712843141168,1.2307692307692308,1.2307692307692308,26.0,0.0,0.0,0.4112506438490267,0.0,0.0,0.2227428459602599,1.0,1.0,0.0574637808876275,2.0,7.0,0.3259273004905805,0.0,12.0,0.6703123825796,1.0,7.0,0.5034493480450845,1.0,5.0,0.4623925564974374
3488.0,5.0,21.0,0.2876712328767123,9.335203614304456,73.0,302.0,4.136986301369863,38.0,0.5205479452054794,4.0,54.0,22.0,7.1753131537480135,1.9285714285714288,1.9285714285714288,28.0,0.0,0.0,0.9734165819956376,1.0,13.0,0.7613110175356634,0.0,10.0,0.8864489306815708,1.0,4.0,0.1267307544082389,0.0,7.0,0.5978136496908657,2.0,20.0,0.2866771766768803,0.0,0.0,1.0
3496.0,8.0,59.0,0.8428571428571429,9.188641342764823,70.0,368.0,5.257142857142857,66.0,0.9428571428571428,8.0,92.0,38.0,6.9706044051625335,3.2857142857142856,3.2857142857142856,28.0,0.0,0.0,0.729093454139353,1.0,10.0,0.4852847450318406,0.0,1.0,0.5920070154554921,0.0,4.0,0.0733517866313299,1.0,10.0,0.5164743870504291,6.0,67.0,0.4303657222518166,0.0,0.0,1.0
3504.0,11.0,31.0,0.4696969696969697,8.598528617133677,66.0,346.0,5.242424242424242,0.0,0.0,9.0,75.0,0.0,5.629682923067116,2.7777777777777777,2.7777777777777777,27.0,2.0,5.0,0.1714131068494507,4.0,27.0,0.3492465498194936,2.0,6.0,0.3131919868319926,0.0,1.0,0.4286344634434526,1.0,5.0,0.3719932810632549,0.0,31.0,0.5084405691645743,0.0,0.0,0.9592460189044054
3512.0,7.0,19.0,0.3015873015873015,8.479757874422065,63.0,331.0,5.253968253968254,0.0,0.0,5.0,60.0,0.0,7.737678235798918,1.875,1.875,32.0,1.0,2.0,0.1538963820570102,0.0,7.0,0.4623834431366456,0.0,9.0,0.84666979249239,2.0,14.0,0.0,2.0,22.0,0.5538913656520958,0.0,3.0,0.9375614408376995,0.0,3.0,0.56567237001303
3520.0,7.0,45.0,0.703125,9.163988879123648,64.0,345.0,5.390625,14.0,0.21875,5.0,56.0,0.0,7.385319985799347,2.9473684210526314,2.9473684210526314,19.0,2.0,15.0,0.3197475706874259,0.0,8.0,0.8838994235941345,0.0,0.0,0.6480680640515241,0.0,0.0,0.932864490668758,3.0,32.0,0.2527183880432774,0.0,0.0,0.5069075553172759,0.0,1.0,0.6724357907647027
3528.0,3.0,19.0,0.3166666666666666,9.987962761516997,60.0,320.0,5.333333333333333,0.0,0.0,0.0,26.0,0.0,10.10317368195682,1.7333333333333334,1.7333333333333334,15.0,0.0,0.0,0.7072507969005021,0.0,0.0,1.0,0.0,11.0,0.7609549683719081,0.0,0.0,1.0,0.0,12.0,0.6417087888968012,0.0,3.0,0.716174103747623,0.0,0.0,0.926139037955992
3536.0,5.0,6.0,0.0952380952380952,9.502872266824268,63.0,276.0,4.380952380952381,0.0,0.0,1.0,22.0,0.0,10.570331428965211,1.0476190476190477,1.0476190476190477,21.0,1.0,5.0,0.3370395924766673,0.0,0.0,0.9338008492177704,0.0,7.0,0.6863412394305372,0.0,0.0,1.0,0.0,0.0,0.9392977439167004,0.0,10.0,0.905732348884042,0.0,0.0,1.0
3544.0,5.0,15.0,0.2142857142857142,9.279522191102162,70.0,253.0,3.6142857142857134,0.0,0.0,3.0,24.0,2.0,8.619284324217176,0.7741935483870968,0.7741935483870968,31.0,1.0,4.0,0.1235022454488951,0.0,3.0,0.5095504766292812,1.0,7.0,0.6010631290657973,1.0,1.0,0.1473037480570519,0.0,6.0,0.8356639226867414,0.0,3.0,0.8083273446977464,0.0,0.0,0.832914002936563
3552.0,11.0,20.0,0.2631578947368421,7.668212133177049,76.0,170.0,2.236842105263158,0.0,0.0,8.0,30.0,6.0,6.54743601324086,0.9090909090909092,0.9090909090909092,33.0,0.0,0.0,1.0,1.0,7.0,0.3514664932069354,0.0,7.0,0.5232119148461939,0.0,0.0,0.5792151718790433,0.0,0.0,0.9266017122123088,4.0,12.0,0.4671634563751306,3.0,4.0,0.3038148250189945
3560.0,8.0,49.0,0.6125,8.178636850729623,80.0,236.0,2.95,66.0,0.825,8.0,65.0,35.0,5.667355855321944,2.5,2.5,26.0,1.0,3.0,0.2566932119364692,1.0,9.0,0.1664461573495801,0.0,4.0,0.6395441383298962,0.0,0.0,0.5954803956568467,0.0,6.0,0.7253354346208264,1.0,12.0,0.0784537580421829,5.0,31.0,0.2973491801074159
3568.0,2.0,20.0,0.2631578947368421,8.738494645711864,76.0,261.0,3.4342105263157894,25.0,0.3289473684210526,2.0,58.0,0.0,6.501966510564706,2.1481481481481484,2.1481481481481484,27.0,0.0,0.0,0.9700315572510928,1.0,18.0,0.2218881362357203,0.0,3.0,0.4797506803131415,1.0,8.0,0.4888788469912187,0.0,6.0,0.5049051919146699,0.0,7.0,0.6023906482861088,0.0,16.0,0.395724095662862
3576.0,7.0,52.0,0.8,8.952234327263128,65.0,181.0,2.7846153846153845,0.0,0.0,6.0,65.0,7.0,8.032906886792853,2.321428571428572,2.321428571428572,28.0,2.0,5.0,0.2017273991700536,2.0,36.0,0.5468360643511185,0.0,0.0,1.0,2.0,19.0,0.4729314162472419,0.0,0.0,0.6379051550392812,0.0,1.0,0.7586479785837478,0.0,4.0,0.976226370406846
3584.0,5.0,35.0,0.5147058823529411,9.196706082338215,68.0,171.0,2.514705882352941,0.0,0.0,3.0,40.0,0.0,8.343332784274635,1.4814814814814814,1.4814814814814814,27.0,0.0,0.0,0.8386696896038228,0.0,0.0,0.929078477017694,0.0,0.0,1.0,1.0,24.0,0.398026614569709,0.0,2.0,0.7628916086693653,2.0,14.0,0.5463453698792045,0.0,0.0,0.5624143087830755
3592.0,4.0,46.0,0.71875,8.798067811633002,64.0,172.0,2.6875,1.0,0.015625,3.0,46.0,6.0,8.004398551986249,1.9166666666666667,1.9166666666666667,24.0,1.0,4.0,0.4340750177592685,0.0,3.0,0.4730786992487124,0.0,0.0,0.9505034234179142,2.0,33.0,0.4429801346984907,0.0,3.0,0.9454413958692274,0.0,0.0,0.552741966597213,0.0,3.0,0.696236036293539
3600.0,8.0,33.0,0.5409836065573771,9.62330740913109,61.0,197.0,3.2295081967213117,25.0,0.4098360655737705,7.0,49.0,3.0,8.647723428699633,1.75,1.75,28.0,2.0,16.0,0.0,0.0,0.0,1.0,0.0,4.0,0.943543928632739,5.0,17.0,0.1283328584169897,0.0,5.0,0.8972492744275643,0.0,0.0,0.8603551431096782,0.0,7.0,0.8265976870836694
3600.0,6.0,27.0,0.4576271186440678,9.193882305366976,59.0,226.0,3.830508474576271,27.0,0.4576271186440678,4.0,44.0,12.0,7.684227621494664,1.9130434782608696,1.9130434782608696,23.0,2.0,14.0,6.849627431490754e-06,0.0,4.0,0.6326120584803308,0.0,3.0,0.9028564604788958,0.0,11.0,0.1910456587637919,0.0,0.0,0.8691455224211244,0.0,0.0,0.8985687955026983,2.0,12.0,0.314389681417036
3592.0,7.0,55.0,0.8461538461538461,7.963584334547447,65.0,242.0,3.723076923076923,0.0,0.0,6.0,92.0,0.0,6.641007344826482,3.1724137931034484,3.1724137931034484,29.0,0.0,0.0,0.6464314950766926,1.0,9.0,0.4549258465650765,0.0,3.0,0.954655703162929,1.0,18.0,0.201062201191552,2.0,15.0,0.483177924788225,1.0,46.0,0.4788080914545953,1.0,1.0,0.618275871861984
3600.0,8.0,80.0,1.4545454545454546,8.910464930748258,55.0,235.0,4.2727272727272725,0.0,0.0,7.0,95.0,3.0,5.976893338681765,4.75,4.75,20.0,1.0,3.0,1.7074080273978084e-05,0.0,1.0,0.4068707321438384,0.0,0.0,1.0,3.0,11.0,0.3738928703213301,0.0,10.0,0.7089978202628585,1.0,58.0,0.7086590797144056,2.0,12.0,3.203118295872529e-05
