step,system_total_stopped,system_total_waiting_time,system_mean_waiting_time,system_mean_speed,system_cars_present,system_accumulated_waiting_time (100),system_accumulated_mean_waiting_time (100),system_accumulated_waiting_time (delta),system_accumulated_mean_waiting_time (delta),agents_total_stopped,agents_total_accumulated_waiting_time (100),agents_total_accumulated_waiting_time (delta),agents_mean_speed,agents_mean_waiting_time (100),agents_mean_waiting_time (delta),agents_cars_present,Ing7_1_stopped,Ing7_1_accumulated_waiting_time,Ing7_1_average_speed,Ing7_2_stopped,Ing7_2_accumulated_waiting_time,Ing7_2_average_speed,Ing7_3_stopped,Ing7_3_accumulated_waiting_time,Ing7_3_average_speed,Ing7_4_stopped,Ing7_4_accumulated_waiting_time,Ing7_4_average_speed,Ing7_5_stopped,Ing7_5_accumulated_waiting_time,Ing7_5_average_speed,Ing7_6_stopped,Ing7_6_accumulated_waiting_time,Ing7_6_average_speed,Ing7_7_stopped,Ing7_7_accumulated_waiting_time,Ing7_7_average_speed
8.0,0,0.0,0.0,7.300703204954819,6,0.0,0.0,0.0,0.0,0,0.0,0.0,7.436910416191676,0.0,0.0,4,0,0.0,1.0,0,0.0,1.0,0,0.0,0.5544568392491089,0,0.0,1.0,0,0.0,1.0,0,0.0,0.1031672619017748,0,0.0,0.8262560944376324
16.0,1,0.0,0.0,5.825256838135873,14,0.0,0.0,0.0,0.0,1,0.0,0.0,5.755058243630407,0.0,0.0,8,0,0.0,1.0,0,0.0,1.0,1,0.0,0.1624177080824162,0,0.0,1.0,0,0.0,1.0,0,0.0,0.5971712915512201,0,0.0,0.7116946230129748
24.0,3,7.0,0.3043478260869565,7.5388976434335,23,13.0,0.5652173913043478,13.0,0.5652173913043478,1,7.0,7.0,9.376228227681931,1.0,1.0,7,0,0.0,1.0,0,0.0,1.0,0,0.0,0.5968460220776258,0,0.0,1.0,0,0.0,0.9398949266971036,1,7.0,0.5825061205981891,0,0.0,1.0
32.0,5,11.0,0.34375,7.444094666870728,32,27.0,0.84375,14.0,0.4375,4,14.0,7.0,6.663877732806649,0.875,0.875,16,0,0.0,1.0,0,0.0,1.0,2,7.0,0.2270497874147081,0,0.0,1.0,0,3.0,0.591117936523343,2,4.0,0.4478934586127523,0,0.0,0.7426976201221825
40.0,3,2.0,0.0476190476190476,7.832618389490514,42,45.0,1.0714285714285714,18.0,0.4285714285714285,1,12.0,0.0,7.973616698647168,0.7058823529411765,0.7058823529411765,17,0,0.0,1.0,0,6.0,0.6142685408271681,0,2.0,0.2828164610503021,1,1.0,0.3849213013949337,0,3.0,0.4785606902147515,0,0.0,0.6443767592884041,0,0.0,0.961367879567838
48.0,9,31.0,0.6458333333333334,8.515969364353545,48,85.0,1.7708333333333333,40.0,0.8333333333333334,8,40.0,28.0,6.936216416369371,1.9047619047619049,1.9047619047619049,21,0,0.0,1.0,3,15.0,0.0001503731288548,0,0.0,1.0,0,0.0,0.9785150778049494,2,18.0,0.6114597784232745,2,4.0,0.4964348723906756,1,3.0,0.4730153358293868
56.0,9,34.0,0.6938775510204082,7.556345702111663,49,129.0,2.63265306122449,44.0,0.8979591836734694,8,48.0,8.0,6.233183006213504,1.7142857142857142,1.7142857142857142,28,0,0.0,0.9221921366770208,0,7.0,0.9615763339627934,0,0.0,1.0,0,0.0,0.953266244854072,0,8.0,0.6760958954664013,6,29.0,0.1455721744500972,2,4.0,0.0984544135756892
64.0,9,32.0,0.5818181818181818,7.001295929505504,55,180.0,3.272727272727273,51.0,0.9272727272727272,7,42.0,0.0,5.360782638407173,1.75,1.75,24,1,4.0,4.339349549051617e-05,2,13.0,0.0288949394045043,0,0.0,0.9377301481276802,1,2.0,0.0753557441328067,1,4.0,0.5932118522985675,0,9.0,0.5947094586932455,2,10.0,0.1771055108292755
72.0,8,25.0,0.3968253968253968,8.589788460467688,63,251.0,3.984126984126984,71.0,1.126984126984127,3,53.0,11.0,9.011828209119503,1.962962962962963,1.962962962962963,27,0,0.0,1.0,0,0.0,1.0,1,10.0,0.6951523339405284,0,0.0,0.7454468207339577,0,32.0,0.6974932270888101,2,11.0,0.6227136940727376,0,0.0,0.6654237411357905
80.0,14,107.0,1.621212121212121,8.738505520368712,66,282.0,4.2727272727272725,31.0,0.4696969696969697,10,86.0,33.0,6.804142316820885,2.8666666666666667,2.8666666666666667,30,0,0.0,1.0,0,0.0,1.0,1,15.0,0.4990989506779391,1,6.0,0.4345388284684481,1,14.0,0.7137827005201143,5,43.0,0.311175397816441,2,8.0,0.5045579270915421
88.0,13,54.0,0.8307692307692308,7.095463742257432,65,321.0,4.938461538461539,39.0,0.6,11,102.0,16.0,5.083344895852422,2.756756756756757,2.756756756756757,37,0,0.0,1.0,0,0.0,0.9587834369729368,1,7.0,0.4434993991880724,1,4.0,0.1995100050622445,0,2.0,0.738547507741743,6,81.0,0.1224283378614663,3,8.0,0.2062281336484493
96.0,14,120.0,2.142857142857143,5.812081120658091,56,317.0,5.660714285714286,0.0,0.0,14,147.0,45.0,2.2103785984694846,5.068965517241379,5.068965517241379,29,0,0.0,1.0,1,4.0,5.496205297454504e-05,3,27.0,0.1839919062640784,3,22.0,1.0591244588342068e-05,1,6.0,0.0258267328523248,5,87.0,0.2105568436219245,1,1.0,0.2762939352431368
104.0,7,60.0,1.1764705882352942,6.957897608712027,51,325.0,6.372549019607843,8.0,0.1568627450980392,6,92.0,0.0,5.300381181838794,4.380952380952381,4.380952380952381,21,0,0.0,1.0,0,3.0,0.8324073036962941,1,4.0,0.5019030655998798,0,0.0,0.0111651864508926,0,0.0,0.4933651307515212,1,69.0,0.3618659866067968,4,16.0,0.0040780346071128
112.0,7,68.0,1.4166666666666667,7.583981839237313,48,340.0,7.083333333333333,15.0,0.3125,6,114.0,22.0,3.817286079036368,6.705882352941177,6.705882352941177,17,0,0.0,0.0092582629121356,0,0.0,0.895962411499481,0,0.0,1.0,1,8.0,0.0,0,7.0,0.8000007411282684,5,95.0,0.1287330589935161,0,4.0,0.3557254766909412
120.0,12,139.0,3.0217391304347827,6.46425486033537,46,327.0,7.108695652173913,0.0,0.0,9,175.0,61.0,3.985536541973927,10.9375,10.9375,16,1,8.0,0.4870680458090706,0,3.0,0.9724474712270902,0,0.0,1.0,1,16.0,0.0,2,14.0,0.1505245305905857,5,134.0,0.2018619168329983,0,0.0,1.0
128.0,11,202.0,4.04,7.049556889971942,50,423.0,8.46,96.0,1.92,10,225.0,50.0,4.559385981377068,10.714285714285714,10.714285714285714,21,0,0.0,0.9414789914996048,1,7.0,0.5331501444427559,0,0.0,0.4249573351818295,1,27.0,0.6413576066999971,2,15.0,0.0093210289359837,6,176.0,0.0921790998977699,0,0.0,1.0
136.0,18,203.0,3.830188679245283,6.952600413188127,53,503.0,9.49056603773585,80.0,1.509433962264151,15,242.0,17.0,3.320396209146037,9.68,9.68,25,1,2.0,0.4696256638951182,2,6.0,0.022809663229495,0,0.0,0.977798996602996,2,9.0,0.2072965200200002,3,39.0,0.3464165465236221,7,186.0,0.1453514082799331,0,0.0,1.0
144.0,13,110.0,1.7741935483870968,6.867665351645484,62,601.0,9.693548387096774,98.0,1.5806451612903225,11,206.0,0.0,4.172403722651611,7.357142857142857,7.357142857142857,28,1,4.0,0.4865452742166531,3,29.0,2.980888795901654e-06,2,4.0,0.0,0,0.0,0.8918571464074782,4,75.0,0.3475070158246026,1,91.0,0.2845184049481798,0,3.0,0.7130339401445912
152.0,9,43.0,0.6323529411764706,7.908627009215481,68,638.0,9.382352941176473,37.0,0.5441176470588235,9,133.0,0.0,6.956993242531333,3.8,3.8,35,1,4.0,0.3777897374124096,1,13.0,0.4539312333794824,1,2.0,0.6367030305142035,1,4.0,0.2347762847875144,0,40.0,0.6883210583907502,5,70.0,0.3375983640689068,0,0.0,0.7276224901173868
160.0,11,52.0,0.6842105263157895,7.957008934318614,76,653.0,8.592105263157896,15.0,0.1973684210526315,10,163.0,30.0,5.779350303271237,5.258064516129032,5.258064516129032,31,1,10.0,0.0,3,20.0,0.3748940846117021,1,4.0,0.0,0,0.0,0.0081911439751609,3,41.0,0.5008077321282831,2,88.0,0.4675250170065838,0,0.0,1.0
168.0,9,52.0,0.7222222222222222,7.523238430192982,72,632.0,8.777777777777779,0.0,0.0,8,124.0,0.0,5.885726336573479,3.4444444444444446,3.4444444444444446,36,0,4.0,0.5445254297099279,2,11.0,0.4277803645764529,1,17.0,0.6405501578266448,1,8.0,0.0150233316743844,0,7.0,0.565258127835922,4,77.0,0.2542567432047067,0,0.0,1.0
176.0,8,25.0,0.352112676056338,7.46169319358138,71,666.0,9.380281690140846,34.0,0.4788732394366197,8,72.0,0.0,3.770257567339621,2.4827586206896552,2.4827586206896552,29,1,4.0,0.654618132652913,1,8.0,0.3058045898294823,2,8.0,0.2597523344941128,1,3.0,0.0059339985784547,2,19.0,0.3245800921121001,1,30.0,0.1531623999432683,0,0.0,0.0955608613886957
184.0,7,29.0,0.4833333333333333,7.9611956701401345,60,492.0,8.2,0.0,0.0,6,75.0,3.0,5.662298652911159,3.0,3.0,25,2,15.0,0.0,0,1.0,0.9182288023962396,0,6.0,0.9079473418451628,0,0.0,0.7796239435635482,1,5.0,0.3187386313306263,3,48.0,0.2819982987719935,0,0.0,0.0205587535824506
192.0,13,62.0,1.0689655172413792,6.895489088268885,58,487.0,8.39655172413793,0.0,0.0,13,129.0,54.0,3.73723480775403,4.3,4.3,30,2,31.0,0.0,2,7.0,0.3786767048120011,4,25.0,0.3518302721427241,1,4.0,0.0001623030129908,0,3.0,0.5600068740524784,4,59.0,0.1921156178340158,0,0.0,1.0
200.0,7,66.0,1.32,7.940202391553136,50,420.0,8.4,0.0,0.0,6,113.0,0.0,5.539984502278063,5.136363636363637,5.136363636363637,22,2,47.0,0.12553125679684,0,10.0,0.8711052193472767,1,4.0,0.4156446610561678,2,18.0,0.0001063109209258,0,0.0,0.9500778633512024,1,34.0,0.2719425498226865,0,0.0,1.0
208.0,9,107.0,2.0980392156862746,8.290085450577518,51,360.0,7.0588235294117645,0.0,0.0,7,119.0,6.0,3.950622108437453,8.5,8.5,14,3,69.0,0.0,0,0.0,1.0,1,9.0,0.3129214969447878,2,34.0,0.3116308110281046,1,1.0,0.000240563757695,0,6.0,0.7237822713031281,0,0.0,1.0
216.0,7,148.0,2.96,8.711241779778197,50,371.0,7.42,11.0,0.22,6,168.0,49.0,6.78721889734782,7.304347826086956,7.304347826086956,23,3,93.0,0.2377711523271691,0,5.0,0.7724857077615133,1,17.0,0.5518343461798134,2,50.0,0.0,0,0.0,0.7262025710854599,0,0.0,0.1004902047227914,0,3.0,0.904042675085639
224.0,16,214.0,4.28,5.793666888938666,50,399.0,7.98,28.0,0.56,15,238.0,70.0,2.948476692322989,9.52,9.52,25,7,138.0,3.1174913507153104e-05,1,12.0,0.5449880573751738,3,14.0,0.1988239779685727,3,72.0,0.1627497587587366,0,0.0,0.9459421035760116,1,2.0,0.215265358694592,0,0.0,1.0
232.0,10,246.0,4.730769230769231,7.666111346874051,52,462.0,8.884615384615385,63.0,1.2115384615384617,10,251.0,13.0,4.787698475517026,10.458333333333334,10.458333333333334,24,7,194.0,0.0,0,3.0,0.6025878785907159,0,0.0,0.7243363868539766,1,45.0,0.163016826106504,0,0.0,0.6729927997704712,2,9.0,0.506402441943846,0,0.0,1.0
240.0,9,151.0,2.9038461538461537,7.611627491005022,52,531.0,10.211538461538462,69.0,1.3269230769230769,7,196.0,0.0,5.123572683994745,9.333333333333334,9.333333333333334,21,4,119.0,0.0225946733846785,1,9.0,0.6407451916055543,0,0.0,0.8724475844142435,1,52.0,0.0,0,6.0,0.7188103139201143,1,7.0,0.3103121085063609,0,3.0,0.7398858513526548
248.0,9,98.0,1.8148148148148149,7.38701139605945,54,577.0,10.685185185185183,46.0,0.8518518518518519,8,171.0,0.0,5.524449543532191,6.576923076923077,6.576923076923077,26,1,46.0,0.244201714643416,2,11.0,0.3664260200238391,0,0.0,1.0,1,60.0,0.0,3,31.0,0.4951660076181514,1,16.0,0.5126343496039087,0,7.0,0.7186950956484389
256.0,10,114.0,2.0727272727272728,7.711924728847364,55,641.0,11.654545454545454,64.0,1.1636363636363636,10,144.0,0.0,4.644237939309284,6.260869565217392,6.260869565217392,23,4,21.0,0.3215560793380196,4,41.0,0.2898455821751415,0,0.0,0.5901934881737491,1,68.0,0.0,0,6.0,0.4655251652573476,1,8.0,0.3684884831996478,0,0.0,1.0
264.0,4,84.0,1.5555555555555556,9.081775052172476,54,632.0,11.703703703703704,0.0,0.0,3,98.0,0.0,8.851779293833863,5.764705882352941,5.764705882352941,17,2,10.0,0.3546703830801626,0,0.0,1.0,0,0.0,0.6592986921456624,1,76.0,0.472345620848313,0,3.0,0.6555195267930803,0,6.0,0.9029693588813428,0,3.0,0.9476999549554784
272.0,5,17.0,0.34,8.930693257363751,50,450.0,9.0,0.0,0.0,5,33.0,0.0,6.647070858621422,1.8333333333333333,1.8333333333333333,18,3,18.0,0.2185014791024268,0,3.0,0.8894295057929579,1,5.0,0.0,0,0.0,0.9098439102020924,0,3.0,0.9596053969025776,1,4.0,0.3945409950136234,0,0.0,0.7504565383893835
280.0,11,75.0,1.6304347826086956,7.495695045206513,46,469.0,10.195652173913045,19.0,0.4130434782608695,10,89.0,56.0,4.780146667470083,3.869565217391304,3.869565217391304,23,5,41.0,0.0532298937757656,1,5.0,0.4723767332986747,1,20.0,0.7169705672483732,0,0.0,0.6656895972958462,0,0.0,0.5463722156971836,2,17.0,0.2862554534927359,1,6.0,0.0
288.0,13,157.0,3.738095238095238,7.271496520604525,42,360.0,8.571428571428571,0.0,0.0,12,169.0,80.0,4.432393513098246,8.047619047619047,8.047619047619047,21,5,81.0,0.0,2,21.0,0.4929321486079961,1,21.0,0.6630502803038644,1,6.0,0.0,0,0.0,1.0,3,40.0,0.380841430665046,0,0.0,0.0554414208281201
296.0,8,106.0,2.3043478260869565,7.240765823791884,46,432.0,9.391304347826088,72.0,1.565217391304348,8,118.0,0.0,4.516212442351916,6.555555555555555,6.555555555555555,18,0,0.0,0.9690743597145104,2,13.0,0.32894573553669,1,29.0,0.423743354627288,0,0.0,1.0,0,1.0,0.5775709824727528,5,75.0,0.0390028962076804,0,0.0,1.0
304.0,6,18.0,0.4,8.566898145125625,45,473.0,10.511111111111113,41.0,0.9111111111111112,5,38.0,0.0,5.160108911862667,2.533333333333333,2.533333333333333,15,1,3.0,0.3406352833389947,0,0.0,0.5350803108689733,3,16.0,0.2350416155570169,1,2.0,0.0358361521477653,0,5.0,0.7316398826308601,0,9.0,0.5721889444293791,0,3.0,0.7440074580417241
312.0,3,23.0,0.5111111111111111,9.033234246781094,45,486.0,10.8,13.0,0.2888888888888888,3,47.0,9.0,6.5289226270358975,3.1333333333333333,3.1333333333333333,15,3,27.0,0.2802091915959533,0,6.0,0.3687890305505072,0,7.0,0.2235752575895629,0,0.0,0.9562121555684654,0,5.0,0.634748058899334,0,2.0,0.7360813531700802,0,0.0,1.0
320.0,4,17.0,0.425,8.118560558475039,40,316.0,7.9,0.0,0.0,4,37.0,0.0,5.583299406181608,1.947368421052632,1.947368421052632,19,1,12.0,0.1977278408927706,3,21.0,0.0050093788712286,0,3.0,0.845955931848791,0,0.0,0.7225108000329938,0,0.0,0.7772276725019635,0,1.0,0.3811555404863696,0,0.0,0.6485822589890327
328.0,8,50.0,1.3888888888888888,7.129185171458793,36,239.0,6.638888888888889,0.0,0.0,7,69.0,32.0,6.089875771240603,3.8333333333333335,3.8333333333333335,18,1,10.0,0.4561042335938375,2,38.0,0.3327811544133421,1,3.0,0.4167478765656724,2,11.0,0.0005001515687042,0,0.0,1.0,1,4.0,0.677050205393372,0,3.0,0.9469270112466444
336.0,4,61.0,1.605263157894737,9.679980050493748,38,258.0,6.789473684210527,19.0,0.5,4,74.0,5.0,8.182973121249272,5.285714285714286,5.285714285714286,14,1,6.0,0.0348382744911403,2,51.0,0.4839261331121126,0,3.0,0.8691201927798992,0,0.0,1.0,0,0.0,1.0,1,11.0,0.4636416365890603,0,3.0,0.8990060678481367
344.0,5,86.0,2.097560975609756,8.92746742592206,41,272.0,6.634146341463414,14.0,0.3414634146341463,5,95.0,21.0,6.591163345800689,6.785714285714286,6.785714285714286,14,0,0.0,0.7873288861057587,3,70.0,0.2499754566298824,1,3.0,0.0111281495912589,0,0.0,1.0,0,3.0,0.9920228344561018,1,19.0,0.4205049058671314,0,0.0,0.9641358491328746
352.0,5,24.0,0.5714285714285714,8.585097886476987,42,284.0,6.761904761904762,12.0,0.2857142857142857,4,30.0,0.0,5.984197633783737,1.875,1.875,16,2,5.0,0.2859114374313702,0,6.0,0.4085066503499668,2,19.0,0.2250497078540914,0,0.0,1.0,0,0.0,0.7871911943724158,0,0.0,0.6030595500787722,0,0.0,0.9010985853381824
360.0,3,8.0,0.1818181818181818,7.955851091098438,44,300.0,6.818181818181818,16.0,0.3636363636363636,3,25.0,0.0,7.026692511398388,1.0416666666666667,1.0416666666666667,24,1,5.0,0.2572130503952762,1,11.0,0.4595451514603946,0,3.0,0.9669434474847702,1,3.0,0.4896713467131888,0,0.0,0.8370699410099612,0,0.0,0.4088798066018672,0,3.0,0.4870884506890635
368.0,7,39.0,0.8297872340425532,8.032542489403934,47,350.0,7.446808510638298,50.0,1.0638297872340423,7,55.0,30.0,6.037388783362841,2.619047619047619,2.619047619047619,21,5,29.0,0.0001031466755029,0,1.0,0.4407117691142937,0,10.0,0.9120585614452684,2,15.0,0.0,0,0.0,0.711883792558773,0,0.0,0.8839204200148851,0,0.0,1.0
376.0,5,20.0,0.425531914893617,8.13847200884103,47,373.0,7.936170212765957,23.0,0.4893617021276595,4,55.0,0.0,5.628215246213025,2.8947368421052637,2.8947368421052637,19,0,25.0,0.097079039847717,1,9.0,0.6247838397139341,0,10.0,0.434922779299745,0,3.0,0.962663281727863,3,8.0,0.3199915229654904,0,0.0,0.4783712691271017,0,0.0,1.0
384.0,11,59.0,1.156862745098039,7.3100160960193,51,376.0,7.372549019607843,3.0,0.0588235294117647,9,74.0,19.0,5.8088182687342185,3.7,3.7,20,0,0.0,1.0,2,19.0,0.0112996767923798,0,5.0,0.9449620904098917,3,13.0,0.00213545151428,4,36.0,0.3197548749664194,0,0.0,0.7234313154020637,0,1.0,0.989067671356158
392.0,9,88.0,1.6923076923076923,7.435097890471356,52,403.0,7.75,27.0,0.5192307692307693,7,101.0,27.0,5.62001467803546,4.208333333333333,4.208333333333333,24,0,0.0,0.1818289127688316,2,29.0,0.1691251267753175,0,3.0,0.7147836889102552,0,0.0,0.5773069247313882,5,68.0,0.2078047414737466,0,0.0,0.6298526552956211,0,1.0,0.9102671324798622
400.0,4,18.0,0.3396226415094339,7.604548004345046,53,410.0,7.735849056603773,7.0,0.1320754716981132,4,84.0,0.0,5.545631796957367,4.2,4.2,20,0,0.0,1.0,0,14.0,0.58855322639898,0,0.0,0.5256165757064077,0,8.0,0.2469044128227188,2,48.0,0.4082481210867398,2,14.0,0.1735308406066471,0,0.0,0.855950709660484
408.0,8,50.0,0.9803921568627452,8.659341563929503,51,462.0,9.058823529411764,52.0,1.0196078431372548,6,58.0,0.0,6.416742098594823,2.636363636363636,2.636363636363636,22,0,0.0,0.8471901601146754,1,3.0,0.0923669763545434,0,0.0,0.9463262303068652,0,0.0,1.0,4,41.0,0.2797673815348624,1,14.0,0.6719075637284381,0,0.0,0.3237216945330535
416.0,7,55.0,1.1224489795918366,8.258854541301504,49,487.0,9.93877551020408,25.0,0.5102040816326531,7,98.0,40.0,6.996234606677576,3.92,3.92,25,1,2.0,0.0010824371973603,0,3.0,0.638658757193035,1,14.0,0.7494737251494785,1,3.0,0.0035074973293835,3,62.0,0.3274048408580264,1,14.0,0.6324539755065789,0,0.0,0.6614050880084458
424.0,11,94.0,1.88,7.857736664811182,50,504.0,10.08,17.0,0.34,8,109.0,11.0,5.734298709665892,6.055555555555555,6.055555555555555,18,0,0.0,1.0,0,0.0,1.0,0,6.0,0.7517514580286929,1,11.0,0.0,4,81.0,0.3946164129350227,3,11.0,0.0361064848617047,0,0.0,0.9480824313359516
432.0,13,178.0,3.7083333333333335,7.791734090558756,48,440.0,9.166666666666666,0.0,0.0,11,180.0,71.0,4.789340816835825,9.473684210526317,9.473684210526317,19,0,0.0,0.9802312608811368,0,0.0,0.3500903310087834,0,4.0,0.9397073649329536,1,19.0,0.4777777203447923,6,116.0,0.1328149801585209,4,41.0,0.0,0,0.0,1.0
440.0,10,151.0,3.355555555555556,6.81194541913329,45,474.0,10.533333333333331,34.0,0.7555555555555555,8,166.0,0.0,5.0189171611348105,7.545454545454546,7.545454545454546,22,1,2.0,0.3250245690643609,2,11.0,0.0025220213983027,1,7.0,0.6446216683316516,2,32.0,0.0,2,105.0,0.1212263301234225,0,3.0,0.7830177841382561,0,6.0,0.758606545110736
448.0,11,157.0,3.204081632653061,7.6102101858208355,49,528.0,10.775510204081632,54.0,1.1020408163265305,9,169.0,3.0,6.921246393836634,6.25925925925926,6.25925925925926,27,4,26.0,0.2584012554185469,2,20.0,0.3283798738594201,0,0.0,1.0,0,0.0,1.0,2,105.0,0.4307132302075743,1,7.0,0.7374039429030131,0,11.0,0.6400675732723261
456.0,5,16.0,0.3137254901960784,7.480395850585656,51,550.0,10.784313725490197,22.0,0.4313725490196078,5,47.0,0.0,5.089178754766804,1.88,1.88,25,0,23.0,0.1829333067020525,1,3.0,0.4917672715599487,0,0.0,1.0,0,0.0,1.0,2,10.0,0.2071957372593879,1,10.0,0.4771406678933956,1,1.0,0.621643493067686
464.0,8,48.0,0.9230769230769232,7.039973383133376,52,438.0,8.423076923076923,0.0,0.0,7,67.0,20.0,4.177038082452274,2.576923076923077,2.576923076923077,26,0,2.0,0.0978221325899254,0,0.0,0.1773903659056088,0,0.0,1.0,0,7.0,0.1279933451000452,4,39.0,0.3173761806604578,2,7.0,0.4010697518417587,1,12.0,0.5128773821558995
472.0,11,41.0,0.6612903225806451,6.544057942442025,62,515.0,8.306451612903226,77.0,1.2419354838709675,9,110.0,43.0,5.853242047623704,3.055555555555556,3.055555555555556,36,0,0.0,0.2088108990987772,1,14.0,0.4171522444353446,0,9.0,0.9122506421846835,3,27.0,0.0,1,28.0,0.4632242943021464,2,21.0,0.379347027857086,2,11.0,0.4456500712966837
480.0,10,50.0,0.7575757575757576,8.10281405540076,66,565.0,8.56060606060606,50.0,0.7575757575757576,8,93.0,0.0,6.841831883322675,3.72,3.72,25,0,0.0,0.9820451460653368,0,2.0,0.8107543851366525,0,0.0,0.4627886232873409,0,0.0,0.512644908390529,2,39.0,0.5140311049152774,6,52.0,0.2411972590579797,0,0.0,0.6600503003207363
488.0,7,37.0,0.5522388059701493,8.088845681661198,67,525.0,7.835820895522388,0.0,0.0,6,92.0,0.0,6.49210151877137,4.0,4.0,23,1,4.0,0.000730694028264,2,10.0,0.4775688013634422,0,0.0,0.8723362395226932,0,5.0,0.5732913794251163,3,54.0,0.3683357939865415,0,16.0,0.4640561233056207,0,3.0,0.8067481774580259
496.0,11,45.0,0.569620253164557,7.672870861809814,79,571.0,7.227848101265823,46.0,0.5822784810126582,8,74.0,0.0,6.935764530530793,1.761904761904762,1.761904761904762,42,0,0.0,0.8906579267372933,4,31.0,0.2135573350672768,1,8.0,0.60478018676311,0,0.0,1.0,1,20.0,0.6043985696363511,1,3.0,0.5895869788072048,1,12.0,0.4756732828486056
504.0,10,80.0,0.9523809523809524,8.114053548058893,84,608.0,7.238095238095238,37.0,0.4404761904761904,7,83.0,9.0,7.047118252319767,2.2432432432432434,2.2432432432432434,37,0,0.0,0.9045569762938306,3,31.0,0.122500464177534,1,14.0,0.5861879034270359,0,0.0,0.935722218483969,2,34.0,0.6160128148219495,1,4.0,0.5620623290594703,0,0.0,0.5344102199128908
512.0,14,112.0,1.382716049382716,7.853546000876224,81,502.0,6.197530864197531,0.0,0.0,14,148.0,65.0,3.677673315816957,3.8947368421052633,3.8947368421052633,38,0,0.0,0.4985059990225178,3,52.0,0.2187515418917841,2,33.0,0.6444236250114531,0,0.0,0.6331115907496621,5,40.0,0.0755009326389133,4,23.0,0.2553298226901446,0,0.0,1.0
520.0,15,58.0,0.7631578947368421,6.52622085762842,76,535.0,7.039473684210527,33.0,0.4342105263157895,15,144.0,0.0,5.141233873025134,3.0,3.0,48,2,12.0,0.5273544242723502,2,13.0,0.2410437095513985,3,22.0,0.4539880205586808,1,9.0,0.1552112260573343,3,43.0,0.3878647347725879,4,45.0,0.1607140081313407,0,0.0,0.9479748273944903
528.0,19,126.0,1.5949367088607596,6.009749339750138,79,625.0,7.9113924050632916,90.0,1.139240506329114,17,200.0,56.0,3.772684016512085,4.545454545454546,4.545454545454546,44,4,34.0,0.1921189229122704,4,40.0,0.1676542419607508,0,20.0,0.3945662656940277,1,9.0,0.4043405998901916,4,42.0,0.2567390756832461,4,55.0,0.3352386608915924,0,0.0,1.0
536.0,13,114.0,1.5,6.768703032683835,76,686.0,9.026315789473683,61.0,0.8026315789473685,12,185.0,0.0,4.342054521252545,5.0,5.0,37,1,3.0,0.3968393466993203,3,34.0,0.3640556402659062,0,17.0,0.6197076072674941,3,16.0,0.0013749456243464,0,28.0,0.2779346841106996,5,87.0,0.1997927151151217,0,0.0,1.0
544.0,8,40.0,0.5555555555555556,8.05671547773511,72,710.0,9.86111111111111,24.0,0.3333333333333333,6,84.0,0.0,4.978416474578716,3.0,3.0,28,0,2.0,0.1174598655267635,0,3.0,0.8476904086917669,2,19.0,6.481901653021276e-05,1,7.0,0.4844898107704031,3,43.0,0.1841019230667935,0,10.0,0.8944444603259565,0,0.0,1.0
552.0,9,74.0,1.088235294117647,9.25449164510841,68,712.0,10.470588235294118,2.0,0.0294117647058823,9,119.0,35.0,6.497107758051526,4.25,4.25,28,0,7.0,0.558721908003578,1,6.0,0.4741556637659963,1,14.0,0.4639514571738325,2,15.0,0.3663376675001042,5,71.0,0.4049856318476466,0,0.0,0.8139783784392902,0,6.0,0.8119362037832992
560.0,17,110.0,1.71875,7.2228886692243375,64,711.0,11.109375,0.0,0.0,16,165.0,46.0,4.892928201685403,4.714285714285714,4.714285714285714,35,1,4.0,0.000145797117596,2,22.0,0.4181208178935242,1,15.0,0.7255246167336122,0,8.0,0.5455568981037899,9,105.0,0.0740511569775295,1,4.0,2.0670256669724005e-05,2,7.0,0.3506490213429066
568.0,23,198.0,2.75,6.373710073070441,72,756.0,10.5,45.0,0.625,21,248.0,83.0,3.476652057076203,6.526315789473684,6.526315789473684,38,1,12.0,0.498856977836825,3,11.0,0.1478259216602004,0,15.0,0.4114428559996399,4,15.0,0.1995424161282877,11,192.0,0.0952828462232328,2,3.0,0.2663215202773182,0,0.0,0.5470926562559153
576.0,15,179.0,2.3866666666666667,6.349607333418093,75,805.0,10.733333333333333,49.0,0.6533333333333333,12,271.0,23.0,2.529902469003587,9.344827586206897,9.344827586206897,29,1,6.0,0.0,0,5.0,0.2901294582457419,1,30.0,0.0230939214460457,4,37.0,0.1930267732236865,6,193.0,0.1214455217833223,0,0.0,0.6626095097907222,0,0.0,0.6490308473400863
584.0,13,45.0,0.5844155844155844,7.672468346127037,77,794.0,10.311688311688313,0.0,0.0,5,137.0,0.0,6.35374686273523,5.269230769230769,5.269230769230769,26,0,0.0,0.0443611947930541,1,9.0,0.6376857731907024,1,27.0,0.1162496340724515,2,21.0,0.135388238161283,1,74.0,0.6331422650320013,0,6.0,0.7508100445444792,0,0.0,1.0
592.0,15,100.0,1.25,8.534775623654923,80,839.0,10.4875,45.0,0.5625,6,101.0,0.0,8.951014091765131,3.060606060606061,3.060606060606061,33,0,0.0,0.9194289699714876,0,4.0,0.941636638466492,4,45.0,0.368246903218943,2,25.0,0.3502001118285879,0,17.0,0.8628925878475077,0,10.0,0.928107825602312,0,0.0,0.973227433306762
600.0,22,151.0,1.935897435897436,6.495945671517976,78,915.0,11.73076923076923,76.0,0.9743589743589745,13,159.0,58.0,4.680361913985001,4.184210526315789,4.184210526315789,38,1,3.0,0.4167712288303836,1,8.0,0.0,1,49.0,0.3808868483121744,7,54.0,0.10699675131118,0,30.0,0.6907641493343765,3,15.0,0.4174109019843257,0,0.0,1.0
608.0,13,96.0,1.2467532467532467,7.448438978432857,77,953.0,12.376623376623376,38.0,0.4935064935064935,9,148.0,0.0,5.742674555577987,5.285714285714286,5.285714285714286,28,0,0.0,0.9232713359829176,0,0.0,0.3866505102225595,5,72.0,0.2744217739241222,3,36.0,0.256684588799532,0,38.0,0.6644795093592745,1,2.0,0.4876218773823979,0,0.0,1.0
616.0,6,91.0,1.1973684210526316,9.097973502155238,76,938.0,12.342105263157896,0.0,0.0,4,129.0,0.0,9.1516491766846,3.6857142857142855,3.6857142857142855,35,0,0.0,0.7939164034178144,0,3.0,0.9661916104625125,2,54.0,0.151872088883325,1,18.0,0.3169794785385243,0,20.0,0.9222418033728476,1,30.0,0.7383857139687585,0,4.0,0.911167916291376
624.0,16,89.0,1.2714285714285714,7.665485260315138,70,833.0,11.9,0.0,0.0,13,119.0,0.0,4.937446514682426,3.4,3.4,35,2,9.0,0.0397893245411027,1,2.0,0.4547089823627528,2,33.0,0.3584882231653652,3,34.0,0.229804779722777,0,7.0,0.8236836258482846,2,25.0,0.5625124261334132,3,9.0,0.1626499620838349
632.0,5,74.0,1.2333333333333334,8.596332343936293,60,708.0,11.8,0.0,0.0,5,153.0,34.0,6.824500446159563,5.884615384615385,5.884615384615385,26,0,0.0,1.0,0,0.0,0.0286164646397631,2,48.0,0.577561081015646,2,34.0,0.4141270975735298,1,59.0,0.4032434170986622,0,3.0,0.7900609824250433,0,9.0,0.4053578399718731
640.0,9,119.0,2.38,8.425456483867773,50,528.0,10.56,0.0,0.0,9,177.0,24.0,6.629579872035909,6.807692307692308,6.807692307692308,26,0,0.0,1.0,1,11.0,0.7244595120167578,3,67.0,0.3458999997727226,2,43.0,0.0,0,43.0,0.6418772980194257,3,10.0,0.0672231316405615,0,3.0,0.9226628144165678
648.0,2,3.0,0.0681818181818181,9.88627578146667,44,403.0,9.159090909090908,0.0,0.0,1,26.0,0.0,9.281781305332158,1.7333333333333334,1.7333333333333334,15,0,0.0,1.0,0,5.0,0.8075589308997434,1,14.0,0.2822334150239752,0,0.0,0.737096387810655,0,0.0,0.5321446004969987,0,4.0,0.8563873318458609,0,3.0,0.8635923046207136
656.0,4,17.0,0.3541666666666667,9.600587223935545,48,390.0,8.125,0.0,0.0,3,44.0,18.0,9.051598873209873,2.2,2.2,20,0,0.0,0.9680657174357484,0,0.0,1.0,1,21.0,0.4320869717285193,2,9.0,0.0066354574031351,0,4.0,0.985560752866774,0,0.0,0.6842356481936468,0,10.0,0.8952788867686556
664.0,5,24.0,0.4705882352941176,9.061251366274618,51,371.0,7.274509803921568,0.0,0.0,4,40.0,0.0,8.02734745578388,1.7391304347826086,1.7391304347826086,23,1,4.0,0.4510913391732798,0,3.0,0.9280501632339944,1,29.0,0.5738361408393944,1,1.0,0.3762448759620066,0,0.0,0.9433745008801336,1,3.0,0.6163564499607338,0,0.0,0.5005644934722413
672.0,8,45.0,0.9,9.175653536727904,50,257.0,5.14,0.0,0.0,6,61.0,21.0,6.608075361176932,3.388888888888889,3.388888888888889,18,0,0.0,1.0,1,5.0,0.478671757202257,1,34.0,0.0,3,11.0,0.1153821166367051,0,0.0,0.9467710752680006,1,11.0,0.6324862168756978,0,0.0,0.8857059710250997
680.0,8,83.0,1.6938775510204085,9.399647850982843,49,229.0,4.673469387755102,0.0,0.0,7,97.0,36.0,6.666079109451011,5.705882352941177,5.705882352941177,17,0,0.0,1.0,1,13.0,0.6349005700210447,1,42.0,0.0,3,21.0,0.3327344428210784,1,2.0,0.7764515381664203,1,19.0,0.0,0,0.0,0.6177413163052541
688.0,12,135.0,2.7551020408163267,7.754282630011121,49,279.0,5.6938775510204085,50.0,1.020408163265306,11,138.0,41.0,4.583886259575373,5.75,5.75,24,1,3.0,0.3549391206445045,0,0.0,1.0,1,50.0,0.4851827950763429,5,43.0,0.1161822163831064,1,10.0,0.7056610548318173,1,27.0,0.5896694395004131,2,5.0,0.1102536209848464
696.0,11,151.0,3.145833333333333,7.383519673114056,48,346.0,7.208333333333333,67.0,1.3958333333333333,10,148.0,10.0,4.978043210036185,7.4,7.4,20,2,10.0,5.145019848507975e-05,1,1.0,0.5390214266904213,1,58.0,0.4755733919214757,3,20.0,0.080102055225081,1,18.0,0.694212547053118,2,39.0,0.1614576685503654,0,2.0,0.4539373698063956
704.0,7,118.0,2.185185185185185,7.944120511774348,54,401.0,7.425925925925926,55.0,1.0185185185185186,5,119.0,0.0,5.803756387466599,7.0,7.0,17,1,4.0,0.2088747265964812,1,3.0,1.013927155849422e-05,1,66.0,0.1046075281904145,1,6.0,0.3261656591265755,1,29.0,0.6092693148380123,0,11.0,0.6174419548547765,0,0.0,0.9427581178208408
712.0,6,152.0,2.6206896551724137,8.770485986134158,58,403.0,6.948275862068965,2.0,0.0344827586206896,5,142.0,23.0,8.029841354493943,6.761904761904762,6.761904761904762,21,1,6.0,1.0217751720791269e-05,0,0.0,0.9458796767208388,1,74.0,0.4297173357075436,1,14.0,0.5926810990058976,1,41.0,0.7990642927306041,0,1.0,0.299175405553822,1,6.0,0.4314600917957956
720.0,7,120.0,2.0,8.943809230824911,60,393.0,6.55,0.0,0.0,5,94.0,0.0,8.829361871487796,3.357142857142857,3.357142857142857,28,1,14.0,0.0,0,7.0,0.9286633820254956,1,0.0,0.4900810867131406,2,25.0,3.917112042442664e-05,1,45.0,0.7878671643916022,0,3.0,0.679924785938599,0,0.0,1.0
728.0,14,180.0,3.272727272727273,7.277144534756069,55,380.0,6.909090909090909,0.0,0.0,11,152.0,58.0,6.133129570941336,4.606060606060606,4.606060606060606,33,1,22.0,0.0,2,12.0,0.0919480252409049,2,11.0,0.4179540001147975,2,41.0,0.5546600071429569,1,53.0,0.7010131258248888,3,13.0,0.3915397531193763,0,0.0,1.0
736.0,8,153.0,2.7818181818181817,8.53266089404655,55,451.0,8.2,71.0,1.290909090909091,6,108.0,0.0,7.410800963666408,4.695652173913044,4.695652173913044,23,0,0.0,0.1042944919853973,1,11.0,0.6588617446632797,3,30.0,0.2092312035403654,1,3.0,0.5052161671316748,1,61.0,0.6322935805972693,0,0.0,0.7587084394065036,0,3.0,0.7988153585288174
744.0,10,202.0,3.060606060606061,8.563535213050598,66,495.0,7.5,44.0,0.6666666666666666,8,159.0,51.0,7.844093911440794,5.3,5.3,30,1,6.0,0.0,0,3.0,0.6824674623563881,4,60.0,0.0,1,3.0,0.2253229529804755,1,78.0,0.7898458019499387,1,5.0,0.5726600362375222,0,4.0,0.8198007094644959
752.0,11,53.0,0.6794871794871795,7.244806733788634,78,543.0,6.961538461538462,48.0,0.6153846153846154,9,138.0,0.0,5.6862318111234655,3.631578947368421,3.631578947368421,38,0,0.0,0.4708010337098396,3,17.0,0.1893319776499918,0,5.0,0.6624882267609348,1,11.0,0.0106567579385641,3,92.0,0.3908318630387915,2,13.0,0.4158353510019262,0,0.0,0.5017367451291311
760.0,15,87.0,1.1012658227848102,6.697034389982183,79,520.0,6.582278481012659,0.0,0.0,12,99.0,0.0,5.439777742345355,2.357142857142857,2.357142857142857,42,2,14.0,0.2346317417825546,1,8.0,0.4789781120577133,1,4.0,0.4325045786038062,2,26.0,0.3040628501988547,2,9.0,0.3861120091250123,4,37.0,0.3067126327005359,0,1.0,0.5703213311032683
768.0,21,156.0,2.1666666666666665,5.375431552687688,72,604.0,8.38888888888889,84.0,1.1666666666666667,18,186.0,87.0,3.470149055675856,4.428571428571429,4.428571428571429,42,1,5.0,0.2417795821713446,3,28.0,0.3411510349510306,2,19.0,0.1430582618970089,2,41.0,0.1345143185702651,3,10.0,0.2800268909784316,5,77.0,0.2711977822696801,2,6.0,0.4582689638236989
776.0,19,119.0,1.586666666666667,6.536881158569472,75,715.0,9.533333333333331,111.0,1.48,17,189.0,3.0,3.106987086831279,5.5588235294117645,5.5588235294117645,34,2,23.0,0.1979619540783316,6,58.0,0.0005363460360351,4,17.0,0.2259230392033659,2,43.0,0.1548787736754236,2,12.0,0.3150375044914416,1,31.0,0.2113596394318914,0,5.0,0.6116137455497118
784.0,18,248.0,3.5428571428571427,8.032324003925376,70,781.0,11.157142857142857,66.0,0.9428571428571428,16,279.0,90.0,4.975169555914256,8.454545454545455,8.454545454545455,33,2,36.0,0.2901436476981856,6,114.0,0.3230868358510881,5,52.0,0.1357647602899132,2,55.0,0.3066862572811273,0,7.0,0.9258646257084192,1,12.0,0.5137637781653526,0,3.0,0.4112969574031589
792.0,8,119.0,1.9193548387096773,8.155114272483459,62,727.0,11.725806451612904,0.0,0.0,8,193.0,0.0,5.924932177867444,7.423076923076923,7.423076923076923,26,3,55.0,3.735320392608195e-05,1,21.0,0.4173980811714184,2,58.0,0.2156698611122398,1,51.0,0.6313916438303241,0,0.0,0.9155114785736548,1,8.0,0.6071959464228674,0,0.0,1.0
800.0,14,161.0,2.683333333333333,7.842800101913391,60,749.0,12.483333333333333,22.0,0.3666666666666666,13,260.0,67.0,3.710719456900878,9.62962962962963,9.62962962962963,27,3,79.0,0.0,3,40.0,0.2326122499465582,2,65.0,0.1810453041421016,3,65.0,3.703711672209601e-05,1,5.0,0.4484151972293859,1,3.0,0.404504555018433,0,3.0,0.7602964917712935
808.0,11,136.0,2.4285714285714284,7.53927727874605,56,669.0,11.946428571428571,0.0,0.0,11,231.0,0.0,5.292826025976199,7.21875,7.21875,32,5,117.0,0.0061075379928407,0,7.0,0.928466154078725,1,72.0,0.3062395914355041,1,1.0,0.0043146163127038,1,15.0,0.7042277387157446,3,19.0,0.341065529812021,0,0.0,0.2793371168977927
816.0,8,23.0,0.4259259259259259,8.588502261391968,54,715.0,13.24074074074074,46.0,0.8518518518518519,8,100.0,0.0,5.9093537871806125,4.761904761904762,4.761904761904762,21,0,3.0,0.3435908936334866,2,11.0,0.067561203081577,3,70.0,0.2119489347862923,1,9.0,0.0,0,3.0,0.9333544825709738,2,1.0,0.5735333776383112,0,3.0,0.6688527825583148
824.0,15,88.0,1.6,7.659516748290566,55,735.0,13.363636363636363,20.0,0.3636363636363636,15,178.0,78.0,4.586824420325623,5.741935483870968,5.741935483870968,31,3,14.0,0.1044825379943615,3,38.0,0.248765986203568,4,98.0,0.3098808961016403,2,11.0,0.289158169211821,1,9.0,0.3261229911006632,2,4.0,0.4336633668892828,0,4.0,0.937318156709072
832.0,15,103.0,1.7457627118644068,6.987817757743076,59,812.0,13.76271186440678,77.0,1.305084745762712,15,182.0,4.0,4.269845535692134,5.870967741935484,5.870967741935484,31,0,0.0,1.0,5,67.0,0.392273279564942,1,54.0,0.2658953377206772,4,25.0,0.0002089864063139,1,4.0,0.6638286426520765,2,23.0,0.2497523750713951,2,9.0,0.002876359882408
840.0,15,133.0,2.418181818181818,6.817878339007391,55,728.0,13.236363636363636,0.0,0.0,12,154.0,0.0,4.767990590874276,5.923076923076923,5.923076923076923,26,0,0.0,1.0,7,117.0,0.2307479261843864,1,14.0,0.0576100616360318,1,3.0,0.0003839786459815,1,9.0,0.6104358061323811,2,8.0,0.4822944142610922,0,3.0,0.7411683784346728
848.0,6,46.0,0.7540983606557377,8.944534984687795,61,773.0,12.672131147540984,45.0,0.7377049180327869,3,78.0,0.0,8.22311695966826,3.5454545454545454,3.5454545454545454,22,0,0.0,1.0,0,35.0,0.5893023189040204,0,3.0,0.9381102090098936,1,11.0,0.2482369447101904,1,22.0,0.5007176020997561,1,1.0,0.6702949635111091,0,6.0,0.6540753153452223
856.0,8,79.0,1.4363636363636365,9.873326736083548,55,709.0,12.89090909090909,0.0,0.0,7,69.0,0.0,7.376666882359902,3.2857142857142856,3.2857142857142856,21,0,0.0,0.7480803521027568,1,1.0,0.4761615859724887,1,6.0,0.6256384837188412,4,27.0,0.0819594100364538,1,32.0,0.6288153928954708,0,3.0,0.8629213181975354,0,0.0,0.953508995533261
864.0,10,18.0,0.3333333333333333,7.051488833887932,54,619.0,11.462962962962964,0.0,0.0,8,86.0,17.0,5.763206043214792,2.606060606060606,2.606060606060606,33,3,16.0,0.1982920069887472,2,10.0,0.6219694445151762,2,12.0,0.3231542507010576,0,10.0,0.2158803984140921,1,35.0,0.2358810752914212,0,0.0,0.5224724663935046,0,3.0,0.9619108690762944
872.0,7,24.0,0.4615384615384615,7.842372068025839,52,681.0,13.096153846153848,62.0,1.1923076923076923,6,47.0,0.0,5.249027570983858,2.35,2.35,20,0,6.0,0.232106865044677,0,0.0,1.0,0,6.0,0.5582643774417736,2,16.0,0.2726070777126641,0,0.0,0.7015652475996899,4,19.0,0.2967054335344644,0,0.0,1.0
880.0,4,11.0,0.2,9.677272982992235,55,609.0,11.072727272727272,0.0,0.0,4,20.0,0.0,5.170304624367783,1.4285714285714286,1.4285714285714286,14,0,0.0,1.0,0,3.0,0.9033926264861742,2,5.0,0.1455285271621552,0,3.0,0.1610165495287085,1,4.0,0.4943229296780023,1,5.0,0.4224451652111087,0,0.0,1.0
888.0,7,26.0,0.490566037735849,9.528353346415296,53,573.0,10.81132075471698,0.0,0.0,6,50.0,30.0,5.053275171932443,2.7777777777777777,2.7777777777777777,18,0,0.0,1.0,0,0.0,0.9477495060378284,0,0.0,1.0,3,11.0,0.0189635619696992,1,15.0,0.3350845924204157,2,14.0,0.234874148106575,0,10.0,0.7868097773062384
896.0,4,11.0,0.1964285714285714,9.33595625331558,56,470.0,8.392857142857142,0.0,0.0,4,41.0,0.0,7.000159986833628,2.2777777777777777,2.2777777777777777,18,0,0.0,1.0,0,0.0,1.0,0,3.0,0.9857139891356128,1,13.0,0.1906379402314542,0,7.0,0.7160408911041549,3,15.0,0.1679194456636867,0,3.0,0.8327048506843415
904.0,5,19.0,0.4130434782608695,7.9778677896329615,46,300.0,6.521739130434782,0.0,0.0,5,52.0,11.0,4.564554342187133,2.888888888888889,2.888888888888889,18,0,0.0,0.0263463779751391,0,0.0,1.0,0,3.0,0.95025177330836,1,14.0,0.1914317321095613,0,3.0,0.5472247337526921,3,24.0,0.2022164030952102,1,8.0,0.2844155151626665
912.0,7,37.0,0.7872340425531915,8.78573135848544,47,264.0,5.617021276595745,0.0,0.0,7,61.0,9.0,7.199153945459158,2.44,2.44,25,0,0.0,0.9353391521212616,0,0.0,0.9314608947721418,1,4.0,0.0012827810539539,1,6.0,0.1764904889891355,0,7.0,0.8121255567307015,2,17.0,0.532579234651934,3,27.0,0.2580627581930858
920.0,8,40.0,0.8333333333333334,7.989620006334658,48,302.0,6.291666666666667,38.0,0.7916666666666666,6,50.0,0.0,6.642812697110852,2.1739130434782608,2.1739130434782608,23,0,0.0,0.9146113295543143,0,0.0,1.0,0,0.0,0.9122484295739196,1,5.0,0.0,1,18.0,0.5528299600251044,2,22.0,0.4344821584758851,2,5.0,0.0024974392740483
928.0,9,55.0,1.0377358490566038,6.836399893435016,53,302.0,5.69811320754717,0.0,0.0,9,71.0,21.0,3.9911124242482208,3.0869565217391304,3.0869565217391304,23,1,1.0,0.4600977888910013,0,0.0,1.0,0,0.0,1.0,0,0.0,1.0,3,21.0,0.2996638066030204,5,49.0,0.2293990608009521,0,0.0,1.0
936.0,4,9.0,0.15,7.383184776717874,60,300.0,5.0,0.0,0.0,3,39.0,0.0,6.454827762829502,1.3448275862068966,1.3448275862068966,29,1,3.0,0.2864465598945333,0,3.0,0.8973714787398721,0,3.0,0.9725480756575016,1,2.0,0.3499211103814339,0,11.0,0.4809695337602468,1,17.0,0.4509184741103531,0,0.0,0.1805430594788242
944.0,12,61.0,0.9384615384615383,7.282982317393003,65,314.0,4.830769230769231,14.0,0.2153846153846154,11,85.0,46.0,5.649726287584765,2.4285714285714284,2.4285714285714284,35,4,26.0,0.0010984312306159,1,4.0,0.1878484573697636,0,3.0,0.9442500366883246,0,0.0,1.0,2,9.0,0.2736465154633256,4,29.0,0.4427825576625541,0,14.0,0.7686101316547317
952.0,5,24.0,0.375,7.3233886030288975,64,296.0,4.625,0.0,0.0,4,76.0,0.0,5.186624506143974,2.1714285714285717,2.1714285714285717,35,0,16.0,0.3484382821704704,1,12.0,0.3869072710937516,0,0.0,0.554996404898895,0,0.0,0.9739445835041542,1,10.0,0.330072720437929,1,30.0,0.3388462753485463,1,8.0,0.0
960.0,14,70.0,1.1111111111111112,6.5342428201922695,63,313.0,4.968253968253968,17.0,0.2698412698412698,11,72.0,0.0,4.730885379316543,2.1818181818181817,2.1818181818181817,33,2,11.0,0.0861049932110502,3,12.0,0.1981828629493359,0,0.0,0.8982456646426521,1,3.0,0.0184022319485402,1,13.0,0.509575921092521,4,33.0,0.3764162641016537,0,0.0,1.0
968.0,11,67.0,1.0307692307692309,6.7289658512123856,65,413.0,6.3538461538461535,100.0,1.5384615384615383,7,77.0,5.0,5.726758447556761,2.4838709677419355,2.4838709677419355,31,0,2.0,0.9320286415493942,0,18.0,0.6365099503848347,0,0.0,1.0,1,8.0,0.0,4,30.0,0.1234316946816096,2,13.0,0.4299170541648595,0,6.0,0.6930204544429275
976.0,12,99.0,1.5,7.737056909551445,66,470.0,7.121212121212121,57.0,0.8636363636363636,10,117.0,40.0,6.113381439500415,3.4411764705882355,3.4411764705882355,34,2,11.0,0.1496950963593272,1,6.0,0.3583290118710835,0,6.0,0.5819338925326362,0,0.0,0.9996548412841744,1,35.0,0.3863100156493346,6,45.0,0.2627531594462585,0,14.0,0.7416662885533304
984.0,14,134.0,2.19672131147541,6.545082950169853,61,563.0,9.229508196721312,93.0,1.524590163934426,13,173.0,56.0,3.925246714037294,5.242424242424242,5.242424242424242,33,5,50.0,0.1387353604613435,2,16.0,0.0127921270373373,0,0.0,0.8016655001496429,0,0.0,0.0135617433827123,2,46.0,0.1944511856793144,3,57.0,0.4631461673370703,1,4.0,0.3931314382006087
992.0,12,134.0,2.2711864406779663,6.822241979441871,59,549.0,9.305084745762713,0.0,0.0,11,146.0,0.0,5.183778073229012,4.709677419354839,4.709677419354839,31,2,40.0,0.2025033923955898,0,10.0,0.266349903250695,1,9.0,0.4749933235754415,1,2.0,0.3824747670453717,1,52.0,0.6493423294401471,3,21.0,0.348554760792111,3,12.0,0.2465553125493897
1000.0,9,85.0,1.5454545454545454,7.677364739131013,55,515.0,9.363636363636363,0.0,0.0,9,151.0,5.0,4.855777613034723,5.807692307692308,5.807692307692308,26,2,46.0,0.0049452013060298,0,2.0,0.9058535326838948,0,6.0,0.7518424707549942,0,0.0,1.0,3,66.0,0.4466085950618824,3,31.0,0.1420411328374682,1,0.0,0.0299619458740115
1008.0,6,6.0,0.1,7.470432533967456,60,531.0,8.85,16.0,0.2666666666666666,4,31.0,0.0,4.978130458099188,1.2916666666666667,1.2916666666666667,24,0,7.0,0.3259061980528533,0,0.0,1.0,0,0.0,1.0,0,3.0,0.2199684803166885,1,9.0,0.2925855233824583,3,9.0,0.3749417136752826,0,3.0,0.7045621633214219
1016.0,13,39.0,0.6290322580645161,7.501744795427073,62,504.0,8.129032258064516,0.0,0.0,12,80.0,49.0,4.509680436478467,2.7586206896551726,2.7586206896551726,29,3,16.0,0.0005276988514251,0,3.0,0.9134819639880836,0,0.0,1.0,0,0.0,0.9963791096137572,5,25.0,0.1398856991192374,3,20.0,0.2756882911347611,1,16.0,0.7119773766063066
1024.0,16,73.0,1.123076923076923,6.276534847992449,65,477.0,7.338461538461538,0.0,0.0,13,119.0,39.0,4.554521657017151,3.71875,3.71875,32,0,0.0,0.1598190007368706,2,17.0,0.3764808731444116,0,3.0,0.9185627205573966,1,1.0,0.4867428579809298,3,38.0,0.2591287995599394,6,46.0,0.3178996790578006,1,14.0,0.2481774851480025
1032.0,6,37.0,0.5,7.183413382166983,74,537.0,7.256756756756757,60.0,0.8108108108108109,6,94.0,0.0,3.767200644219384,3.1333333333333333,3.1333333333333333,30,1,6.0,0.0,1,4.0,0.2779473244020379,0,0.0,1.0,2,2.0,0.0376040781125417,0,29.0,0.3095461880772562,1,31.0,0.4236592438148324,1,22.0,0.0
1040.0,9,47.0,0.6351351351351351,7.362305902734502,74,514.0,6.945945945945946,0.0,0.0,6,63.0,0.0,5.867663497361056,1.75,1.75,36,0,0.0,0.0098738830056375,0,3.0,0.2253550436589775,0,3.0,0.8516500608855794,0,2.0,0.2775613211063457,2,28.0,0.3681329151108105,2,19.0,0.4661072057530739,2,8.0,0.3443126859810944
1048.0,15,101.0,1.294871794871795,6.454115133616064,78,520.0,6.666666666666667,6.0,0.0769230769230769,9,97.0,34.0,5.034257559387165,2.365853658536585,2.365853658536585,41,1,8.0,0.0,3,16.0,0.0066567746827827,0,5.0,0.5963995947417171,0,0.0,0.6035100132260673,0,20.0,0.4356755782254959,4,40.0,0.2560375898580617,1,8.0,0.443693659509574
1056.0,16,82.0,0.9879518072289156,5.821345536976585,83,601.0,7.240963855421687,81.0,0.9759036144578314,14,147.0,50.0,3.689596334348056,3.1956521739130435,3.1956521739130435,46,1,16.0,0.0,4,44.0,0.1914399662408479,2,13.0,0.3102086637306121,2,6.0,0.0060173031530808,3,37.0,0.2575509356878909,1,30.0,0.337057719959795,1,1.0,0.3578476591573278
1064.0,25,181.0,2.2625,4.599029571270184,80,562.0,7.025,0.0,0.0,18,220.0,73.0,2.6214470997444246,5.116279069767442,5.116279069767442,43,1,24.0,0.4983110056943025,4,76.0,0.0,0,0.0,1.0,3,29.0,0.0,1,39.0,0.254725217819775,7,41.0,0.1668130272752218,2,11.0,0.2098521677109792
1072.0,24,132.0,1.65,5.440283293834707,80,712.0,8.9,150.0,1.875,13,180.0,0.0,4.2065564464232175,4.390243902439025,4.390243902439025,41,1,5.0,0.0,0,43.0,0.4858744520389266,0,0.0,1.0,0,0.0,0.618852236380309,4,62.0,0.2861541259380172,4,34.0,0.3001656344295639,4,36.0,0.1005276647731227
1080.0,21,103.0,1.2560975609756098,4.748672737970655,82,859.0,10.475609756097562,147.0,1.7926829268292683,18,259.0,79.0,3.038703103073506,5.18,5.18,50,0,0.0,0.0165705484454993,1,15.0,0.3425500121392977,0,2.0,0.8812837427209816,2,8.0,0.030354300359557,3,78.0,0.2323547681499065,6,72.0,0.1714852884288819,6,84.0,0.1890668836961095
1088.0,21,123.0,1.4470588235294115,5.277117386833415,85,996.0,11.717647058823529,137.0,1.611764705882353,18,318.0,59.0,3.630355459300572,6.0,6.0,53,1,14.0,0.3006716035986512,3,55.0,0.0092958830233855,0,0.0,1.0,2,17.0,0.2355137655765832,5,96.0,0.1727622698313013,7,112.0,0.4767689745877669,0,24.0,0.2631849059746728
1096.0,19,147.0,1.6704545454545454,6.057691390106741,88,1073.0,12.193181818181818,77.0,0.875,15,306.0,0.0,4.147879147442708,6.8,6.8,45,0,0.0,1.0,0,32.0,0.4640506225875241,0,0.0,0.9854746001331168,0,6.0,0.2767666933424401,6,108.0,0.201957332093755,9,160.0,0.3268150069640305,0,0.0,0.9424303622287572
1104.0,16,63.0,0.7078651685393258,6.413846763715096,89,1089.0,12.235955056179776,16.0,0.1797752808988764,12,222.0,0.0,3.9186404729491575,5.162790697674419,5.162790697674419,43,0,0.0,0.4450776695466087,0,10.0,0.3325603510469354,0,0.0,0.993542351164901,2,17.0,0.0027359728801563,8,126.0,0.2119055915072372,2,66.0,0.34041942427521,0,3.0,0.697756089094761
1112.0,24,139.0,1.376237623762376,6.234277206638763,101,1157.0,11.455445544554456,68.0,0.6732673267326733,19,369.0,147.0,4.901665301789833,6.049180327868853,6.049180327868853,61,2,13.0,0.3042067300510959,1,15.0,0.0,0,6.0,0.6874253172924202,1,13.0,0.147650957840422,7,186.0,0.2539528538789754,7,123.0,0.2245514206403991,1,13.0,0.6860790429434669
1120.0,26,193.0,1.892156862745098,5.719178805043314,102,1168.0,11.450980392156865,11.0,0.1078431372549019,20,315.0,0.0,4.310143126315995,5.25,5.25,60,1,13.0,0.0,2,25.0,0.0250830418590408,2,9.0,0.2515861557258018,1,1.0,0.6416347972664697,1,130.0,0.4749277613898655,8,111.0,0.2488164378305855,5,26.0,0.1074755452887267
1128.0,19,201.0,1.99009900990099,5.915405066689506,101,1288.0,12.752475247524751,120.0,1.188118811881188,19,357.0,42.0,4.262389789293644,5.852459016393443,5.852459016393443,61,0,0.0,0.9114916151948672,0,9.0,0.5587062065907007,3,32.0,0.0,1,4.0,0.5584912432564866,6,136.0,0.3008098470877525,9,157.0,0.267579201972361,0,19.0,0.3609263281032334
1136.0,20,56.0,0.5714285714285714,5.175933256550072,98,1131.0,11.540816326530612,0.0,0.0,18,312.0,0.0,2.65698412947276,5.571428571428571,5.571428571428571,56,0,0.0,0.482227397933928,3,19.0,0.2923372761945651,0,12.0,0.3536245966470101,4,22.0,0.024542325364976,1,103.0,0.2264420539593555,10,156.0,0.1484135777213381,0,0.0,1.0
1144.0,15,77.0,0.8279569892473119,6.564947277916104,93,1136.0,12.21505376344086,5.0,0.053763440860215,11,307.0,0.0,4.389256811584544,6.673913043478261,6.673913043478261,46,2,17.0,0.2493246914814492,0,13.0,0.5473592534643508,1,17.0,0.0,1,16.0,0.5491660723409438,2,93.0,0.2623120840453172,5,151.0,0.3016452276421094,0,0.0,1.0
1152.0,16,95.0,1.0106382978723405,6.809373146978919,94,1144.0,12.170212765957446,8.0,0.0851063829787234,15,215.0,0.0,5.032237847748467,4.777777777777778,4.777777777777778,45,0,0.0,0.909678944078836,2,23.0,0.5436679361380937,1,0.0,0.1387975819707817,3,16.0,0.1529481123030165,1,61.0,0.5127631989219341,8,112.0,0.0025421158919971,0,3.0,0.9535688617703996
1160.0,16,145.0,1.7058823529411764,6.479558786825921,85,1016.0,11.952941176470588,0.0,0.0,13,255.0,40.0,4.549461576566766,5.3125,5.3125,48,2,5.0,0.1579339451693847,3,26.0,0.1683878512944615,0,7.0,0.5975291375642716,0,8.0,0.3576508554118681,5,83.0,0.2134739432809584,3,126.0,0.494325521762883,0,0.0,1.0
1168.0,18,100.0,1.1764705882352942,6.63400309460531,85,1097.0,12.905882352941177,81.0,0.9529411764705882,18,247.0,0.0,3.760997827046048,5.25531914893617,5.25531914893617,47,1,7.0,0.4548850315090156,1,33.0,0.3879072689809552,1,5.0,0.3594967660193306,6,27.0,0.0039056116452829,6,109.0,0.2052368756361771,3,63.0,0.2849928640506772,0,3.0,0.9787897908658892
1176.0,13,61.0,0.8591549295774648,5.95537186400343,71,1003.0,14.126760563380282,0.0,0.0,13,243.0,0.0,2.697267396244281,7.147058823529412,7.147058823529412,34,4,24.0,0.1503013034161631,2,16.0,0.3054550362983539,1,9.0,0.3169183604777951,0,17.0,0.2863560056669896,5,121.0,0.0978405993344381,1,53.0,0.1479585033077991,0,3.0,0.7996088758158095
1184.0,9,34.0,0.4594594594594595,7.246028650748858,74,1040.0,14.054054054054054,37.0,0.5,7,178.0,0.0,5.594792054897601,6.137931034482759,6.137931034482759,29,0,7.0,0.451367956541833,0,9.0,0.733548001620065,3,13.0,0.164354978413025,0,0.0,1.0,3,93.0,0.0835633279872356,1,52.0,0.3867436525751129,0,4.0,0.9329038377770492
1192.0,12,38.0,0.5277777777777778,6.736136830117257,72,979.0,13.59722222222222,0.0,0.0,11,171.0,0.0,3.0652911897947157,6.333333333333333,6.333333333333333,27,0,0.0,1.0,1,9.0,0.4026379427510694,0,23.0,0.4822441131164939,0,0.0,1.0,3,104.0,0.0605443220402927,0,3.0,0.6581422563501463,7,32.0,0.0007327494523482
1200.0,10,28.0,0.3943661971830985,7.107898434919347,71,895.0,12.605633802816902,0.0,0.0,6,127.0,0.0,4.50619580760718,6.047619047619048,6.047619047619048,21,0,0.0,0.1356953079802774,0,6.0,0.5347512590914809,4,34.0,0.1286968946170795,0,0.0,1.0,2,84.0,0.1383301118897859,0,1.0,0.6750452258364531,0,2.0,0.6258189228792875
1208.0,10,90.0,1.2,7.978872098386535,75,813.0,10.84,0.0,0.0,6,119.0,0.0,6.615293166549294,4.25,4.25,28,1,4.0,0.1737155406932285,1,16.0,0.6812313032974128,3,55.0,0.2925522965988932,0,0.0,0.9498200053196776,0,30.0,0.4230116965511817,1,14.0,0.7041865198663969,0,0.0,0.7666717976511208
1216.0,14,106.0,1.452054794520548,6.314748801580579,73,620.0,8.493150684931507,0.0,0.0,7,74.0,0.0,4.780811633602052,2.3870967741935485,2.3870967741935485,31,4,25.0,0.1846319730495049,1,9.0,0.2380562487205036,2,40.0,0.1186415896308758,0,0.0,0.4499485278162692,0,0.0,0.8181615281517985,0,0.0,0.435869046956187,0,0.0,0.9134160953444544
1224.0,14,52.0,0.65,6.5573597917292,80,543.0,6.7875,0.0,0.0,11,85.0,11.0,5.308498478765642,2.5,2.5,34,1,3.0,0.3768008713357015,2,6.0,0.0292092513390633,4,51.0,0.2831707188772713,4,24.0,0.1995252448739707,0,0.0,0.7444427133470181,0,1.0,0.4493516094041392,0,0.0,0.856166981731875
1232.0,22,117.0,1.3295454545454546,5.743112763164036,88,519.0,5.8977272727272725,0.0,0.0,21,186.0,101.0,2.940221383930309,4.769230769230769,4.769230769230769,39,0,0.0,1.0,0,14.0,0.5985451915421655,10,100.0,0.0206963542381093,4,34.0,0.0305121871634653,2,20.0,0.3294309869925903,4,12.0,0.2740954832867542,1,6.0,0.5784041865799373
1240.0,22,142.0,1.5604395604395604,6.012780243210983,91,562.0,6.175824175824176,43.0,0.4725274725274725,18,226.0,40.0,4.3959515088163,5.512195121951219,5.512195121951219,41,0,0.0,1.0,1,12.0,0.6635650749578492,7,105.0,0.1331838632620866,8,78.0,0.1751794912495173,0,10.0,0.560454860395492,0,15.0,0.4882864520926821,2,6.0,0.4108416971167577
1248.0,15,51.0,0.5368421052631579,6.6377744708167015,95,642.0,6.757894736842105,80.0,0.8421052631578947,11,153.0,0.0,5.342118532427646,3.825,3.825,40,0,0.0,0.8853195184642142,3,12.0,0.2945203749281476,1,83.0,0.1871642809140973,4,30.0,0.0887352846896312,0,0.0,0.8494671179691202,1,23.0,0.6392291219029406,2,5.0,0.4661797199880585
1256.0,9,43.0,0.4623655913978494,7.609173126331864,93,680.0,7.311827956989247,38.0,0.4086021505376344,7,153.0,0.0,6.291185467791056,4.25,4.25,36,0,0.0,0.9889571198153356,0,14.0,0.6699217109069026,2,89.0,0.2968348011677016,0,0.0,0.4388144592221368,0,7.0,0.6248840638217551,3,32.0,0.5588885113283971,2,11.0,0.2843640375229412
1264.0,23,145.0,1.6666666666666667,6.467813466698904,87,758.0,8.71264367816092,78.0,0.896551724137931,15,208.0,55.0,5.3489797428315695,4.425531914893617,4.425531914893617,47,1,3.0,0.0009618980610948,1,10.0,0.6119104274835302,2,73.0,0.0789101691818529,1,8.0,0.011063271654285,3,19.0,0.2992344696380191,4,65.0,0.5172912657147699,3,30.0,0.5754544790774613
1272.0,18,114.0,1.3734939759036144,5.871347437592341,83,838.0,10.096385542168674,80.0,0.963855421686747,14,196.0,0.0,3.9054993820662833,5.0256410256410255,5.0256410256410255,39,0,0.0,0.8648274396021163,0,0.0,0.2541549939274634,2,50.0,0.3093172225979442,0,3.0,0.4725995167913275,1,14.0,0.4792536442473005,2,60.0,0.3490331442817566,9,69.0,0.0317178018622677
1280.0,21,110.0,1.2790697674418603,6.417120410741973,86,950.0,11.046511627906977,112.0,1.302325581395349,15,214.0,18.0,4.181982704792913,6.484848484848484,6.484848484848484,33,1,5.0,2.5920101310163196e-05,0,7.0,0.9335772125184664,3,43.0,0.2832527741015573,0,0.0,0.9479122584472764,3,25.0,0.2920635256865545,0,39.0,0.6444778556332473,8,95.0,0.0618528635721581
1288.0,15,84.0,0.9545454545454546,6.2088317775501904,88,1021.0,11.602272727272728,71.0,0.8068181818181818,13,257.0,43.0,4.84690663189216,5.840909090909091,5.840909090909091,44,3,24.0,0.100665371859149,0,7.0,0.9116352579496474,0,23.0,0.3929609727204643,0,0.0,1.0,5,66.0,0.3376333331338056,3,58.0,0.3727513397946922,2,79.0,0.3267330976247848
1296.0,18,103.0,1.0618556701030928,6.972200362091613,97,1047.0,10.793814432989691,26.0,0.268041237113402,7,210.0,0.0,6.052831698366919,5.526315789473684,5.526315789473684,38,0,11.0,0.4217781071873548,2,20.0,0.5734238087947751,0,1.0,0.5311404761361034,0,0.0,0.5165398964038108,2,57.0,0.2618617138217111,1,79.0,0.4298053424567311,2,42.0,0.4157582350620926
1304.0,24,200.0,2.061855670103093,6.144553678188894,97,1081.0,11.144329896907216,34.0,0.3505154639175257,13,210.0,0.0,4.713055494430097,6.176470588235294,6.176470588235294,34,0,0.0,0.7481037227381899,1,13.0,0.5234493704372457,2,9.0,0.0954810992840777,5,23.0,0.0464816175016577,2,50.0,0.0,1,57.0,0.4724854687257486,2,58.0,0.4588058764343181
1312.0,28,294.0,2.8823529411764706,6.1955927682983445,102,1252.0,12.27450980392157,171.0,1.6764705882352942,16,270.0,60.0,4.270190552993814,7.5,7.5,36,2,9.0,0.4358641872548517,3,20.0,0.4596942347701866,0,6.0,0.7763947978878467,3,27.0,1.6061193003667943e-05,2,74.0,0.5413336743156507,6,111.0,0.0764416634237744,0,23.0,0.0555167413474973
1320.0,28,412.0,4.204081632653061,5.611363530857807,98,1299.0,13.255102040816327,47.0,0.4795918367346938,10,227.0,0.0,4.320752504267637,6.878787878787879,6.878787878787879,33,1,17.0,0.2847676830865787,0,7.0,0.6695626501505075,2,4.0,0.0028830662353002,3,51.0,0.3428335344114207,2,88.0,0.4453233016900041,0,51.0,0.2532016301831981,2,9.0,0.2105392087569066
1328.0,24,319.0,3.393617021276596,6.656009714124616,94,1440.0,15.319148936170214,141.0,1.5,11,231.0,4.0,6.079683111778551,7.21875,7.21875,32,4,35.0,0.1251064869949731,1,12.0,0.7006221063615781,0,0.0,0.9902532891075352,5,83.0,0.1537932958006694,1,53.0,0.6700297675105116,0,48.0,0.5057525024584112,0,0.0,0.8672731529074944
1336.0,20,298.0,3.274725274725274,7.550556699068755,91,1493.0,16.406593406593405,53.0,0.5824175824175825,12,307.0,76.0,6.275018118249987,9.303030303030305,9.303030303030305,33,4,63.0,0.1420756988130938,0,5.0,0.7716596555397142,1,6.0,0.6823661760458906,3,33.0,0.2871795813899644,2,90.0,0.6083222092273723,2,110.0,0.4676671249451058,0,0.0,1.0
1344.0,15,141.0,1.5494505494505495,7.503000029006822,91,1593.0,17.505494505494507,100.0,1.098901098901099,9,356.0,49.0,6.710812345367389,11.125,11.125,32,4,95.0,0.3234530367940327,0,6.0,0.9503445908582996,0,0.0,0.9427258144035786,1,6.0,0.3890709971442615,3,165.0,0.4207915659761568,1,84.0,0.5588330662043756,0,0.0,1.0
1352.0,21,119.0,1.4337349397590362,6.2985318382022815,83,1636.0,19.710843373493976,43.0,0.5180722891566265,11,242.0,0.0,4.94973726774317,6.914285714285715,6.914285714285715,35,3,65.0,0.0472555396385631,0,0.0,0.946434466907745,0,0.0,1.0,4,31.0,0.1129844284447528,3,90.0,0.5341378834779892,1,56.0,0.6059546821809878,0,0.0,0.5563391839784443
1360.0,19,139.0,1.8783783783783785,6.080565917550135,74,1562.0,21.10810810810811,0.0,0.0,10,185.0,0.0,3.7539913186428726,10.27777777777778,10.27777777777778,18,3,68.0,6.317889946779347e-05,0,0.0,0.6431389766287668,0,0.0,1.0,4,63.0,0.0,2,29.0,0.3548489017127265,1,25.0,0.3655993366945058,0,0.0,0.9368673107249826
1368.0,17,114.0,1.6764705882352942,6.072604137933816,68,1556.0,22.88235294117647,0.0,0.0,7,173.0,0.0,4.370475594262221,8.238095238095237,8.238095238095237,21,0,4.0,0.0228908146622758,0,11.0,0.6208378205130507,0,0.0,0.952670279075058,4,59.0,0.023246646759588,2,91.0,0.1782837927711444,0,7.0,0.839281848700255,1,1.0,0.0069437027976737
1376.0,10,48.0,0.75,6.416852771639775,64,1632.0,25.5,76.0,1.1875,4,112.0,0.0,4.582516296248048,8.0,8.0,14,1,8.0,0.4593137062847074,0,3.0,0.3204289770133924,0,0.0,1.0,0,19.0,0.1848944071790315,3,39.0,0.2654090275241303,0,43.0,0.5498023989024737,0,0.0,0.6850224287564325
1384.0,17,141.0,2.203125,7.392253902284063,64,1607.0,25.109375,0.0,0.0,7,234.0,122.0,7.464922829502723,12.31578947368421,12.31578947368421,19,1,2.0,0.2386105430356622,1,9.0,0.6837947866673518,0,0.0,0.989663027262095,2,20.0,5.992489462900819e-06,3,56.0,0.0,0,147.0,0.8426088121356945,0,0.0,0.9320151901819316
1392.0,14,192.0,3.0476190476190474,7.523376241222709,63,1550.0,24.603174603174605,0.0,0.0,4,208.0,0.0,7.618145402169848,9.454545454545457,9.454545454545457,22,0,0.0,0.7453967787109174,0,3.0,0.7009999216040311,0,3.0,0.5367777407174662,2,36.0,0.0,2,50.0,0.2228883710486909,0,116.0,0.783830325565872,0,0.0,1.0
1400.0,12,41.0,0.5774647887323944,7.179577668749204,71,1503.0,21.169014084507044,0.0,0.0,10,310.0,102.0,5.00354884139975,10.689655172413794,10.689655172413794,29,1,2.0,0.0396145475661395,2,9.0,0.3044191511172521,1,3.0,0.6805107167485073,0,0.0,1.0,3,169.0,0.1439085886499059,3,127.0,0.463248461386459,0,0.0,1.0
1408.0,23,140.0,1.8421052631578947,6.23146105220858,76,1632.0,21.473684210526315,129.0,1.6973684210526316,18,452.0,142.0,4.523710633578118,12.555555555555555,12.555555555555555,36,0,1.0,0.4863143049259849,6,54.0,0.3317003655423892,1,4.0,0.6268829770808042,0,0.0,0.968897266757352,3,219.0,0.0808337924019632,8,174.0,0.1147069379562016,0,0.0,1.0
1416.0,31,252.0,3.15,6.364363778837626,80,1671.0,20.8875,39.0,0.4875,15,400.0,0.0,4.0004529425842,13.79310344827586,13.79310344827586,29,2,10.0,0.4434219343184797,6,75.0,0.2407755713500115,3,18.0,6.208936422355314e-05,1,4.0,6.605951141064869e-05,3,224.0,0.0,0,69.0,0.5043912422211927,0,0.0,0.4770969290877667
1424.0,25,330.0,4.125,6.132013827955245,80,1716.0,21.45,45.0,0.5625,11,361.0,0.0,5.607020798734528,10.93939393939394,10.93939393939394,33,3,10.0,0.3072453049104436,1,49.0,0.2880418547330172,3,42.0,0.0,0,0.0,1.0,3,248.0,0.0,0,0.0,0.7468603123499766,1,12.0,0.816419206542784
1432.0,27,316.0,3.95,5.910148622218557,80,1623.0,20.2875,0.0,0.0,9,114.0,0.0,4.537954090464405,4.56,4.56,25,2,12.0,0.2591853452639207,3,67.0,0.2752930239560145,0,11.0,0.6234901807483438,1,4.0,0.0,0,6.0,0.2691403729098159,2,5.0,0.0005383492211108,1,9.0,0.5865059857211974
1440.0,19,344.0,4.712328767123288,6.869559472722216,73,1583.0,21.684931506849317,0.0,0.0,10,219.0,105.0,4.666270427327102,8.423076923076923,8.423076923076923,26,5,33.0,0.2475339964426124,4,106.0,0.323513551539279,0,3.0,0.9492694423429708,0,3.0,0.3262005083112261,0,20.0,0.43302133041827,0,50.0,0.458828409893838,1,4.0,0.2125207776241224
1448.0,20,413.0,5.816901408450704,6.12967435692301,71,1711.0,24.098591549295776,128.0,1.8028169014084507,10,249.0,30.0,4.226993971217644,8.03225806451613,8.03225806451613,31,3,36.0,0.1391762147407372,5,137.0,0.2867314465551542,1,4.0,0.0050005891106599,0,0.0,1.0,0,13.0,0.6428263809546373,1,56.0,0.4954406380621722,0,3.0,0.8800377779794116
1456.0,20,541.0,7.728571428571429,5.897761212027122,70,1799.0,25.7,88.0,1.2571428571428571,12,337.0,88.0,4.438181511377294,10.53125,10.53125,32,4,53.0,0.0626392912976245,5,175.0,0.2450272585674366,1,12.0,0.0,0,6.0,0.0600443655130902,1,18.0,0.5005039981676099,1,73.0,0.4696044325732645,0,0.0,0.9816569281007856
1464.0,13,473.0,7.059701492537314,6.861771737398955,67,1622.0,24.2089552238806,0.0,0.0,5,195.0,0.0,6.812922206214995,7.222222222222222,7.222222222222222,27,1,36.0,0.2716072078594548,1,117.0,0.1437251319857385,0,4.0,0.9824481975355904,0,0.0,0.961766140931438,0,6.0,0.7742307662922262,3,26.0,0.5101959846753371,0,6.0,0.776094179495163
1472.0,17,569.0,7.794520547945205,7.581214790865986,73,1695.0,23.21917808219178,73.0,1.0,9,203.0,8.0,6.489365514266393,7.518518518518518,7.518518518518518,27,2,41.0,0.1234389945775726,3,126.0,0.2002556474614278,0,0.0,0.730709444969937,0,0.0,1.0,0,8.0,0.7817941231027085,4,28.0,0.4684494567230739,0,0.0,0.908239184455942
1480.0,18,627.0,8.472972972972974,7.164854736929735,74,1710.0,23.10810810810811,15.0,0.2027027027027027,7,94.0,0.0,6.441590073307871,3.76,3.76,25,0,5.0,0.0660306031329096,0,29.0,0.5591257603713544,0,3.0,0.9453136598663596,0,0.0,1.0,0,7.0,0.7095112259896545,7,50.0,0.379235702812557,0,0.0,1.0
1488.0,19,755.0,10.066666666666666,7.190649059194564,75,1804.0,24.05333333333333,94.0,1.2533333333333334,10,140.0,46.0,5.246474164390592,5.0,5.0,28,2,19.0,0.0,0,3.0,0.6720231410473345,0,3.0,0.9434836581919588,0,3.0,0.256025645955128,2,11.0,0.2255494980537523,6,98.0,0.3652852345359329,0,3.0,0.9613766872741624
1496.0,18,766.0,10.493150684931509,7.066922629612825,73,1843.0,25.246575342465757,39.0,0.5342465753424658,8,127.0,0.0,5.784096685495401,4.535714285714286,4.535714285714286,28,4,45.0,0.3175772025841121,1,8.0,0.6998283524395534,0,0.0,1.0,1,9.0,0.0,0,7.0,0.4843335820574375,1,51.0,0.4028564916996865,1,7.0,0.0001099536945438
1504.0,16,555.0,7.5,8.087670266409882,74,1725.0,23.31081081081081,0.0,0.0,9,97.0,0.0,7.403563934854736,3.4642857142857144,3.4642857142857144,28,2,51.0,0.2951227259504759,3,7.0,0.2345978967589388,1,0.0,0.4785569867275505,1,8.0,0.0,1,1.0,0.004519851406405,0,1.0,0.8127211921473823,1,29.0,0.71704343251153
1512.0,8,47.0,0.734375,7.559635004865629,64,1704.0,26.625,0.0,0.0,4,194.0,97.0,5.518154241809726,8.434782608695652,8.434782608695652,23,1,1.0,0.5161384185260599,0,0.0,0.5941212360552568,0,0.0,0.9977008056727068,2,180.0,0.0276468909341457,1,9.0,0.3426093990412054,0,0.0,0.9052025383110508,0,4.0,0.2452396310732884
1520.0,10,68.0,1.2142857142857142,7.770624853057346,56,1631.0,29.125,0.0,0.0,8,210.0,16.0,5.623815907275551,12.352941176470589,12.352941176470589,17,2,6.0,0.3264323037968171,0,0.0,0.4299323223598199,1,6.0,0.6442842904626249,2,29.0,0.0050958660007666,2,169.0,0.3035729307014611,1,0.0,0.639400899935998,0,0.0,0.8375949445899341
1528.0,9,20.0,0.3703703703703703,7.306180808085985,54,1568.0,29.03703703703704,0.0,0.0,5,178.0,0.0,5.737060024343015,9.36842105263158,9.36842105263158,19,2,7.0,0.1895178998016033,0,8.0,0.3995248218914949,1,10.0,0.7053336454396553,0,0.0,1.0,1,153.0,0.1504476048530842,1,0.0,0.4683883723734261,0,0.0,0.5687368537419054
1536.0,10,50.0,0.8333333333333334,7.046990199159948,60,1453.0,24.216666666666665,0.0,0.0,5,52.0,0.0,5.721131328696641,2.4761904761904763,2.4761904761904763,21,3,17.0,1.5325405380747508e-05,1,5.0,0.4643801243573921,0,3.0,0.7343402685279767,0,7.0,0.2225835042651393,1,17.0,0.5337578647655326,0,3.0,0.445853277433888,0,0.0,1.0
1544.0,12,80.0,1.3559322033898304,7.40026655017184,59,1512.0,25.6271186440678,59.0,1.0,7,59.0,7.0,7.216207757413126,2.458333333333333,2.458333333333333,24,1,9.0,0.3969914185552873,3,18.0,0.1991797252131975,0,2.0,0.637144499701755,2,14.0,0.1329547732974835,0,6.0,0.8006660055132849,1,10.0,0.7693946037395302,0,0.0,1.0
1552.0,7,84.0,1.2923076923076924,8.43515085959241,65,1581.0,24.32307692307692,69.0,1.0615384615384615,3,62.0,3.0,8.418255924323448,2.3846153846153846,2.3846153846153846,26,0,0.0,1.0,0,6.0,0.7610213121605571,0,8.0,0.6996710447508215,2,30.0,0.0,1,15.0,0.4010029387177438,0,3.0,0.7942910341441309,0,0.0,0.9907293096904518
1560.0,15,61.0,0.9384615384615383,6.898751837368409,65,1620.0,24.923076923076923,39.0,0.6,9,226.0,164.0,5.878560419558715,8.071428571428571,8.071428571428571,28,0,0.0,0.9702304458632632,0,6.0,0.9473173138864348,0,0.0,0.7942441541938412,0,0.0,0.612444468034115,6,210.0,0.2583496665478423,2,7.0,0.2535545559874136,1,3.0,0.4858896185135979
1568.0,14,85.0,1.1805555555555556,7.777441910836905,72,1698.0,23.58333333333333,78.0,1.0833333333333333,6,229.0,3.0,7.2193743817486515,8.178571428571429,8.178571428571429,28,1,3.0,0.009370271540168,1,5.0,0.666732311247043,1,13.0,0.8011307722799446,1,5.0,0.1914930997834975,2,191.0,0.3470108891472195,0,9.0,0.6723275990879681,0,3.0,0.781284467450443
1576.0,15,165.0,2.619047619047619,7.163133596134456,63,1246.0,19.77777777777778,0.0,0.0,6,243.0,14.0,7.345233130551395,8.379310344827585,8.379310344827585,29,1,8.0,0.2531724491147573,1,2.0,0.4172704695115427,2,21.0,0.5117663692475342,0,0.0,0.3753489133414807,2,195.0,0.3032639693167773,0,14.0,0.8854030045803808,0,3.0,0.2860239937577489
1584.0,13,148.0,2.276923076923077,7.063094361042604,65,1332.0,20.49230769230769,86.0,1.323076923076923,8,43.0,0.0,5.212718153629571,1.6538461538461535,1.6538461538461535,26,4,28.0,0.2263922297519007,0,1.0,0.438744028750823,0,0.0,0.3050204765959176,2,9.0,0.0391769931876844,2,5.0,0.1898153930457516,0,0.0,0.7430858869175504,0,0.0,0.617046423002836
1592.0,3,10.0,0.175438596491228,8.792047196026584,57,1316.0,23.087719298245613,0.0,0.0,3,244.0,201.0,7.733293459935492,11.61904761904762,11.61904761904762,21,0,0.0,1.0,1,5.0,0.4978117533048241,0,5.0,0.8616325925128658,0,9.0,0.7455853065290636,2,199.0,0.2357613048964625,0,26.0,0.5891844163190747,0,0.0,0.7288034662464026
1600.0,7,47.0,0.9591836734693876,9.06620449187542,49,1291.0,26.346938775510203,0.0,0.0,4,259.0,15.0,9.416513309059718,10.36,10.36,25,0,1.0,0.6436422051848638,0,3.0,0.9765729375431612,0,3.0,0.5180322027310249,0,0.0,1.0,2,213.0,0.7268321468317013,0,33.0,0.8593160094585576,2,6.0,3.415055166024507e-05
1608.0,8,12.0,0.2264150943396226,8.431354064668424,53,1332.0,25.132075471698112,41.0,0.7735849056603774,6,30.0,0.0,5.35968192759431,1.6666666666666667,1.6666666666666667,18,0,0.0,0.916984107166164,1,12.0,0.2036468488169241,0,3.0,0.874928542391076,0,0.0,1.0,5,12.0,0.0275025002248366,0,3.0,0.8623262175530813,0,0.0,0.2300256450727018
1616.0,12,47.0,1.0,6.867442692645306,47,1072.0,22.80851063829787,0.0,0.0,10,458.0,428.0,5.695401791020788,16.357142857142858,16.357142857142858,28,2,5.0,0.3592900616834647,3,33.0,0.2361883229144674,1,5.0,0.4991213666832327,0,4.0,0.9581134354293904,2,396.0,0.4524933194943489,2,15.0,0.3540103449456972,0,0.0,0.5323177383117152
1624.0,9,56.0,1.2173913043478262,6.693437845084111,46,1128.0,24.52173913043478,56.0,1.2173913043478262,8,444.0,0.0,5.273741764868979,17.76,17.76,25,2,8.0,0.1651926107414773,0,0.0,0.1578251939160442,0,0.0,0.8002483706777866,0,0.0,0.8809833734338629,5,420.0,4.354120836730964e-05,1,13.0,0.6437875142449683,0,3.0,0.4926296478804157
1632.0,13,100.0,2.0,6.7760765651397215,50,1198.0,23.96,70.0,1.4,9,471.0,27.0,4.194742923681533,24.789473684210527,24.789473684210527,19,1,15.0,0.1895428825610663,0,0.0,0.974780084965536,1,4.0,8.976109986208392e-05,1,4.0,0.0,2,421.0,0.2443934860286647,3,23.0,0.3900883632487413,1,4.0,8.627784230408455e-05
1640.0,9,20.0,0.3773584905660377,7.7263946255337235,53,1006.0,18.9811320754717,0.0,0.0,5,254.0,0.0,7.871641943971015,10.16,10.16,25,1,4.0,0.0001078545935143,1,12.0,0.5980899429739647,0,10.0,0.9316828042986046,0,0.0,0.9899837307302084,0,205.0,0.6652487032499803,1,17.0,0.5057349328529731,2,6.0,0.2218471300147898
1648.0,8,20.0,0.3389830508474576,7.15738096768222,59,1026.0,17.389830508474578,20.0,0.3389830508474576,5,272.0,18.0,7.271054726166659,11.826086956521738,11.826086956521738,23,0,0.0,1.0,1,5.0,0.3187507046855757,0,4.0,0.8206793744728813,0,8.0,0.2203512947195905,1,214.0,0.7173912809992903,3,32.0,0.2957985792611325,0,9.0,0.7656077655263933
1656.0,10,30.0,0.4545454545454545,7.500286102591107,66,1038.0,15.727272727272728,12.0,0.1818181818181818,6,67.0,0.0,6.817925918115253,3.526315789473684,3.526315789473684,19,0,0.0,1.0,2,11.0,0.24656940696874,0,0.0,1.0,0,0.0,0.9805693409453858,2,11.0,0.5863953525547543,2,44.0,0.6128434044649907,0,1.0,0.1943574537417035
1664.0,10,46.0,0.647887323943662,7.189349028940638,71,991.0,13.95774647887324,0.0,0.0,7,89.0,22.0,5.430172535153739,3.1785714285714284,3.1785714285714284,28,1,4.0,0.0080776206168368,1,9.0,0.3405423790000469,0,1.0,0.8801218444395458,0,3.0,0.4985991136029562,2,8.0,0.4594720089276169,3,61.0,0.3263115651898217,0,3.0,0.3808909146867983
1672.0,14,92.0,1.3142857142857145,6.494995212710863,70,576.0,8.228571428571428,0.0,0.0,13,131.0,42.0,2.581780646373644,4.517241379310345,4.517241379310345,29,1,15.0,0.0171593365608049,2,17.0,0.0988169990429995,0,1.0,0.550039326588361,4,24.0,0.1898756525443712,1,3.0,0.2164417289772315,5,71.0,0.1221619670184019,0,0.0,0.5629074591030113
1680.0,12,114.0,1.6521739130434785,6.844021582791418,69,568.0,8.231884057971014,0.0,0.0,10,147.0,16.0,3.821606389204333,5.88,5.88,25,0,0.0,1.0,2,10.0,0.0174345099838801,0,10.0,0.8894766076740236,2,26.0,0.2160550488538319,0,3.0,0.4630665727207672,6,96.0,0.1520816087474103,0,2.0,0.3755027350800206
1688.0,9,164.0,2.3768115942028984,8.01556929630452,69,638.0,9.246376811594205,70.0,1.0144927536231885,8,198.0,51.0,5.398198053276783,7.92,7.92,25,0,4.0,0.3408988068428084,0,9.0,0.2042909089473463,0,4.0,0.7555906457993457,2,31.0,0.1184610630521356,0,0.0,1.0,6,149.0,0.3856216363641955,0,1.0,0.5638597449093494
1696.0,10,78.0,1.0985915492957747,8.619114476055026,71,703.0,9.901408450704226,65.0,0.9154929577464788,5,81.0,0.0,8.227169086916833,3.24,3.24,25,0,0.0,0.6536030797817641,2,18.0,8.364146468611459e-05,0,3.0,0.787116505185811,2,47.0,0.0,0,7.0,0.8249037978057844,1,2.0,0.5764678196556959,0,4.0,0.7677972884236206
1704.0,10,89.0,1.328358208955224,7.30675396977216,67,688.0,10.26865671641791,0.0,0.0,9,136.0,55.0,6.635575839080152,3.7777777777777777,3.7777777777777777,36,0,4.0,0.5779180791527165,0,0.0,1.0,0,3.0,0.962560725822608,2,63.0,0.0,4,40.0,0.5153915190131534,1,16.0,0.4853281097872066,2,10.0,0.2875871078174679
1712.0,5,24.0,0.3529411764705882,8.244209242384418,68,712.0,10.470588235294118,24.0,0.3529411764705882,3,61.0,0.0,7.695603833329974,3.05,3.05,20,1,4.0,0.3214772250735939,0,0.0,0.9470120189763834,0,10.0,0.5391307459007236,0,0.0,0.9348058212105153,0,17.0,0.6880799814595026,2,30.0,0.4068374737019518,0,0.0,0.9897648164370304
1720.0,7,41.0,0.7068965517241379,7.863679791544226,58,647.0,11.155172413793103,0.0,0.0,7,71.0,10.0,6.218663756217496,3.0869565217391304,3.0869565217391304,23,2,20.0,0.0,0,2.0,0.8600084009004318,0,8.0,0.7268482337663558,1,3.0,0.2393545809987418,0,3.0,0.300660215357752,4,35.0,0.4247832251135257,0,0.0,1.0
1728.0,6,16.0,0.32,7.89598210464535,50,328.0,6.56,0.0,0.0,6,60.0,0.0,6.1043353564798375,2.727272727272727,2.727272727272727,22,0,0.0,1.0,2,8.0,0.5308474914482169,1,7.0,0.6809967899623376,0,1.0,0.3202489916922784,1,8.0,0.3246315867128287,2,33.0,0.1676172533574031,0,3.0,0.5808875387755212
1736.0,2,18.0,0.4,8.451629954375857,45,301.0,6.688888888888889,0.0,0.0,2,29.0,0.0,6.346193285644191,3.625,3.625,8,0,0.0,1.0,0,2.0,0.9681755723511498,1,12.0,0.3720797016532358,0,0.0,1.0,0,0.0,0.6565258505031357,1,15.0,0.2763354142105512,0,0.0,1.0
1744.0,4,26.0,0.6341463414634146,9.824767003513529,41,235.0,5.7317073170731705,0.0,0.0,3,32.0,3.0,6.424636727710812,4.0,4.0,8,0,0.0,1.0,1,4.0,0.0014203346521019,1,20.0,0.6181403373797242,0,0.0,0.9866217827771924,1,8.0,0.3376338152181093,0,0.0,0.0629266251566229,0,0.0,1.0
1752.0,4,41.0,1.051282051282051,10.234620496233102,39,218.0,5.589743589743589,0.0,0.0,3,47.0,15.0,10.164641930756057,3.1333333333333333,3.1333333333333333,15,0,0.0,0.947517540595462,0,0.0,0.5750417858980266,1,31.0,0.7352509202810232,0,0.0,0.9002911060225167,1,16.0,0.6550391261521212,0,0.0,0.9630991388790529,1,0.0,0.0
1760.0,5,61.0,1.297872340425532,8.115899346372826,47,240.0,5.1063829787234045,22.0,0.4680851063829787,2,65.0,18.0,8.040386959729345,3.095238095238096,3.095238095238096,21,0,0.0,0.5816780586768132,0,3.0,0.619756747833968,1,38.0,0.3780202681879831,0,0.0,1.0,1,24.0,0.6788034894699395,0,0.0,0.7524737139371528,0,0.0,0.4551519261319276
1768.0,12,77.0,1.6041666666666667,7.404145729873075,48,279.0,5.8125,39.0,0.8125,12,80.0,15.0,4.576636656301876,3.2,3.2,25,1,2.0,0.3604940440912312,3,11.0,0.0068934541094707,4,23.0,0.3267254156340704,0,0.0,0.9676601355135472,2,32.0,0.3223821336688253,1,6.0,0.4008212719789338,1,6.0,0.3252675171796267
1776.0,7,51.0,1.108695652173913,7.202551621816777,46,313.0,6.804347826086956,34.0,0.7391304347826086,5,68.0,0.0,4.419968707704089,5.666666666666667,5.666666666666667,12,0,0.0,1.0,0,10.0,0.279560000666417,1,13.0,0.1306678843418681,0,0.0,1.0,1,37.0,0.4939802201157337,0,3.0,0.7924986013555878,3,5.0,0.1259149160761969
1784.0,8,71.0,1.5434782608695652,8.7767418246127,46,351.0,7.630434782608695,38.0,0.8260869565217391,6,95.0,27.0,7.436403599759044,4.523809523809524,4.523809523809524,21,1,3.0,0.6065311734569625,3,26.0,0.0037449839354378,1,12.0,0.7297953125122176,0,0.0,1.0,1,45.0,0.6105155565125728,0,3.0,0.8607437452742932,0,6.0,0.5398273710137436
1792.0,8,91.0,2.0681818181818183,7.641385793378794,44,326.0,7.409090909090909,0.0,0.0,6,139.0,44.0,6.004280531534844,6.95,6.95,20,2,14.0,0.0,0,31.0,0.6877069010451542,1,20.0,0.0,0,3.0,0.7246752274150856,1,56.0,0.4643020158908992,2,15.0,0.3026275662214524,0,0.0,0.1545695385134975
1800.0,9,79.0,1.975,7.33109899138729,40,364.0,9.1,38.0,0.95,9,97.0,0.0,3.864830098386396,6.0625,6.0625,16,2,30.0,0.3236981050067492,3,23.0,0.3948452103803163,1,28.0,0.0,2,11.0,0.0001359466483099,1,5.0,0.0002603892156794,0,0.0,1.0,0,0.0,1.0
1808.0,7,86.0,2.097560975609756,6.266245097668409,41,413.0,10.073170731707316,49.0,1.195121951219512,6,108.0,11.0,3.702175913586422,6.0,6.0,18,3,39.0,0.0809861993165163,1,7.0,0.2948329091344486,1,36.0,0.0,1,20.0,0.0177819189817691,0,6.0,0.9417259770145971,0,0.0,1.0,0,0.0,1.0
1816.0,9,85.0,2.023809523809524,7.448071635190312,42,465.0,11.071428571428571,52.0,1.238095238095238,7,93.0,0.0,2.468073187371946,8.454545454545455,8.454545454545455,11,2,26.0,0.1982109705110101,2,19.0,0.0,1,44.0,0.0,0,0.0,0.4318872769244549,0,0.0,0.7237748044436108,0,0.0,1.0,2,4.0,0.0898775010497259
1824.0,4,66.0,1.5714285714285714,7.58382788648383,42,438.0,10.428571428571429,0.0,0.0,4,84.0,0.0,5.3298447613751945,6.461538461538462,6.461538461538462,13,1,5.0,0.2436239237201689,0,3.0,0.0912817463491215,1,60.0,0.7244188321336316,1,7.0,0.2288331096171203,1,5.0,4.170680523402838e-05,0,0.0,1.0,0,4.0,0.3762830649929269
1832.0,5,21.0,0.4565217391304347,8.174978420400558,46,427.0,9.282608695652174,0.0,0.0,4,40.0,0.0,5.114409855113598,3.333333333333333,3.333333333333333,12,0,0.0,1.0,0,0.0,1.0,2,15.0,0.4598040524474299,0,0.0,1.0,2,21.0,0.0109882249298897,0,4.0,0.5857982503363315,0,0.0,0.8363077289702942
1840.0,5,29.0,0.5576923076923077,8.137518163008057,52,397.0,7.634615384615385,0.0,0.0,4,55.0,15.0,5.564596382611624,3.235294117647059,3.235294117647059,17,0,4.0,0.4439447941629699,0,5.0,0.8735268933759004,1,6.0,0.2862266965316308,0,0.0,0.9612332961137212,1,24.0,0.5233677017179481,2,16.0,0.1864430613059184,0,0.0,1.0
1848.0,6,40.0,0.7272727272727273,8.589221837866996,55,381.0,6.927272727272728,0.0,0.0,5,51.0,0.0,7.036829303582143,2.6842105263157894,2.6842105263157894,19,1,3.0,0.235470525051878,1,2.0,0.3018229005858231,2,14.0,0.538082586415402,0,0.0,0.943961559212374,1,29.0,0.6412816532611453,0,3.0,0.5035853154455747,0,0.0,1.0
1856.0,15,91.0,1.4918032786885247,6.330585299275129,61,382.0,6.262295081967213,1.0,0.0163934426229508,13,98.0,47.0,4.01334254426662,3.6296296296296298,3.6296296296296298,27,0,0.0,0.873902104752267,4,27.0,0.1986307249952384,1,4.0,0.0072427301510618,0,0.0,0.0244714674827345,3,52.0,0.5439769262101223,5,15.0,0.0851389470613289,0,0.0,0.5686038604958868
1864.0,16,127.0,1.8676470588235292,6.44352232169396,68,487.0,7.161764705882353,105.0,1.5441176470588236,11,141.0,43.0,2.8929448779496467,7.421052631578948,7.421052631578948,19,0,0.0,1.0,1,22.0,0.1554759310085725,0,0.0,1.0,0,3.0,0.4698046881317768,1,45.0,0.4585525363779767,8,69.0,0.0824174324281854,1,2.0,0.2830954484282375
1872.0,19,214.0,3.014084507042253,6.641462327346696,71,538.0,7.577464788732394,51.0,0.7183098591549296,18,242.0,101.0,3.7465107003197136,7.333333333333333,7.333333333333333,33,0,0.0,0.8349872290326746,3,29.0,0.3089966090138575,1,1.0,0.0012279389619767,2,5.0,0.1394397227658524,1,53.0,0.4017442254887603,9,137.0,0.1859302978977667,2,17.0,0.4026346950143347
1880.0,17,159.0,2.208333333333333,6.74764744459705,72,681.0,9.458333333333334,143.0,1.9861111111111112,14,224.0,0.0,5.366492089981817,7.225806451612903,7.225806451612903,31,1,9.0,0.4924159809890238,3,25.0,0.2492805135211127,0,0.0,0.9147852553600252,7,47.0,0.1895254870062418,1,67.0,0.5664235182257563,0,40.0,0.5628096207697079,2,36.0,0.4623383154603381
1888.0,5,21.0,0.2763157894736842,8.484058738431443,76,734.0,9.657894736842104,53.0,0.6973684210526315,4,71.0,0.0,7.380390489113727,2.5357142857142856,2.5357142857142856,28,1,2.0,0.3296252256318068,0,0.0,0.2846380738412721,0,13.0,0.923078116247704,2,14.0,0.1635544735552315,0,26.0,0.8650694138992718,1,13.0,0.2936387019318733,0,3.0,0.6527704593905337
1896.0,10,33.0,0.4459459459459459,7.884668140356709,74,706.0,9.54054054054054,0.0,0.0,10,90.0,19.0,6.305329081006424,2.571428571428572,2.571428571428572,35,4,9.0,0.0939660755342493,3,21.0,0.3599540670614174,0,15.0,0.9388695949931628,1,12.0,0.166537684710225,0,17.0,0.6485608703780262,2,16.0,0.2410804395272767,0,0.0,0.888832254938841
1904.0,12,58.0,0.8285714285714286,7.432646089395679,70,622.0,8.885714285714286,0.0,0.0,12,104.0,14.0,4.201468374449395,3.25,3.25,32,4,47.0,0.2028113613111955,1,5.0,0.3230242501676933,2,18.0,0.2596130937659611,1,2.0,0.1856867374385275,4,28.0,0.2544314258344136,0,4.0,0.8760687488919023,0,0.0,0.2213079600302208
1912.0,16,124.0,1.7464788732394363,6.894611377227205,71,680.0,9.577464788732394,58.0,0.8169014084507042,15,175.0,71.0,4.611839081979443,4.487179487179487,4.487179487179487,39,7,92.0,0.0065172197533141,2,17.0,0.4845588985548628,0,4.0,0.4056534379210317,2,17.0,0.3178936251687444,2,37.0,0.4275262539466277,2,8.0,0.476622412779235,0,0.0,0.0533339341031515
1920.0,9,75.0,0.9615384615384616,8.399862979360636,78,775.0,9.935897435897436,95.0,1.2179487179487178,6,111.0,0.0,7.41214009388824,3.9642857142857135,3.9642857142857135,28,2,60.0,0.2554548437685425,1,3.0,0.0007972564220513,1,18.0,0.7644279424781024,0,4.0,0.5836045867234942,1,17.0,0.3303101514815431,1,6.0,0.7410220116085794,0,3.0,0.7819236723837089
1928.0,7,13.0,0.1604938271604938,8.858131072023967,81,750.0,9.25925925925926,0.0,0.0,5,46.0,0.0,7.103160399972247,1.5333333333333334,1.5333333333333334,30,0,2.0,0.5285352933742308,0,0.0,0.275799199743985,0,3.0,0.8560490233846365,1,1.0,0.4591707320514963,3,31.0,0.3177636289851355,1,4.0,0.4868735063945503,0,5.0,0.9026901638612428
1936.0,13,55.0,0.7432432432432432,7.770231243433586,74,640.0,8.64864864864865,0.0,0.0,13,111.0,65.0,3.893096096175453,3.46875,3.46875,32,2,17.0,0.1542401509980626,1,2.0,0.5793778930894898,2,3.0,0.0,3,26.0,0.0478369215528996,4,58.0,0.3142681500846734,1,2.0,0.2791941684021638,0,3.0,0.8348286785602547
1944.0,9,67.0,0.881578947368421,8.856533482169223,76,560.0,7.368421052631579,0.0,0.0,7,105.0,0.0,7.274790406530258,3.3870967741935485,3.3870967741935485,31,0,0.0,1.0,1,8.0,0.4736355987308319,0,3.0,0.936832761224784,3,40.0,0.3641144589651707,2,43.0,0.4201004671659728,1,2.0,0.2123362727440713,0,9.0,0.8138722731910966
1952.0,17,133.0,1.7272727272727273,7.281849444123157,77,555.0,7.207792207792208,0.0,0.0,12,161.0,56.0,4.611954929857118,4.6,4.6,35,0,0.0,0.957071852720472,1,8.0,0.0002530504785394,1,5.0,0.7109671180406636,6,71.0,0.1622719345747241,4,68.0,0.2902873722129907,0,9.0,0.4870294373508791,0,0.0,0.2911288526636219
1960.0,21,222.0,2.96,7.221270539606165,75,606.0,8.08,51.0,0.68,18,250.0,89.0,4.448193549266919,7.142857142857143,7.142857142857143,35,0,0.0,0.9507425189495058,0,5.0,0.5448058524274474,2,9.0,0.5327575873358148,5,101.0,0.1854558513767769,9,128.0,0.29277677129067,2,7.0,0.0321439060052301,0,0.0,1.0
1968.0,19,287.0,4.042253521126761,6.431360721403552,71,625.0,8.80281690140845,19.0,0.2676056338028169,14,314.0,64.0,3.908396727395779,10.827586206896552,10.827586206896552,29,2,6.0,0.4661306859529086,0,0.0,0.8815571139233548,0,4.0,0.1495669866538124,6,136.0,0.2170442569215233,4,142.0,0.2648364986377451,2,26.0,0.2039219805021109,0,0.0,1.0
1976.0,18,224.0,3.1549295774647885,6.705121908849893,71,674.0,9.492957746478874,49.0,0.6901408450704225,16,302.0,0.0,3.1721425233721527,10.785714285714286,10.785714285714286,28,1,1.0,0.2926629174666116,1,1.0,0.4864657261616732,0,3.0,0.9964366106381042,7,170.0,0.0454226192684241,5,81.0,0.0319565248284572,2,46.0,0.5843004428245507,0,0.0,1.0
1984.0,12,215.0,3.208955223880597,7.015723896542947,67,803.0,11.985074626865671,129.0,1.9253731343283584,11,357.0,55.0,3.718558489162373,13.22222222222222,13.22222222222222,27,1,4.0,0.0371130949878698,1,5.0,0.6728108469401057,0,0.0,1.0,6,233.0,0.0712171547825855,3,105.0,0.0831746437282533,0,7.0,0.5781321220875212,0,3.0,0.674095089887558
1992.0,12,263.0,4.457627118644068,8.516715957624966,59,855.0,14.491525423728811,52.0,0.8813559322033898,8,349.0,0.0,6.460694262386671,15.863636363636363,15.863636363636363,22,1,9.0,0.0,0,0.0,1.0,0,0.0,0.9288419327209618,5,249.0,0.158722307892942,1,69.0,0.3742731925882563,1,22.0,0.7744680914496345,0,0.0,0.9916426414704592
2000.0,15,338.0,5.451612903225806,7.485165156604108,62,840.0,13.548387096774194,0.0,0.0,12,388.0,39.0,5.251851186250031,14.37037037037037,14.37037037037037,27,2,6.0,0.3052718654132906,0,5.0,0.9417286582652176,0,0.0,1.0,6,300.0,0.0728044426186372,1,51.0,0.5376717549056645,3,26.0,0.456506649569049,0,0.0,1.0
2008.0,9,46.0,0.6571428571428571,7.380712490880298,70,917.0,13.1,77.0,1.1,5,234.0,0.0,6.74101121382864,7.548387096774194,7.548387096774194,31,0,0.0,0.9404772077865496,0,0.0,0.9519298302960032,0,13.0,0.9419741141335374,0,141.0,0.4798498407978984,4,68.0,0.1187875186326382,1,11.0,0.3167076083884138,0,1.0,0.7278133438723089
2016.0,25,112.0,1.5555555555555556,5.863345239287757,72,984.0,13.666666666666666,67.0,0.9305555555555556,21,373.0,139.0,3.8856123350295855,8.674418604651162,8.674418604651162,43,1,3.0,0.0002850927307698,1,6.0,0.6352997273974792,5,28.0,0.1398829425756831,7,218.0,0.077624778667662,1,80.0,0.5574995212959919,6,27.0,0.1701056402254901,0,11.0,0.8800685206502716
2024.0,12,54.0,0.7012987012987013,6.204512881449459,77,1113.0,14.454545454545457,129.0,1.675324675324675,10,170.0,0.0,4.581506040802352,4.722222222222222,4.722222222222222,36,0,0.0,0.7691131864445142,2,6.0,0.2828126475082419,0,10.0,0.6251131991907263,4,86.0,0.119414644258247,2,26.0,0.4154453354379629,2,39.0,0.2685562801437381,0,3.0,0.864296427290488
2032.0,19,115.0,1.4375,7.127228067089448,80,1127.0,14.0875,14.0,0.175,15,253.0,83.0,6.146657003093253,5.883720930232558,5.883720930232558,43,0,0.0,0.557052548113393,3,24.0,0.0802168102311973,0,3.0,0.7130784019679602,6,127.0,0.059030432709001,1,44.0,0.4750459143631502,5,41.0,0.1292904658698742,0,14.0,0.937531848498874
2040.0,15,95.0,1.1046511627906976,6.999913006148924,86,1136.0,13.209302325581396,9.0,0.1046511627906976,13,259.0,6.0,5.62465358989015,5.886363636363637,5.886363636363637,44,4,14.0,0.0894607353888062,1,19.0,0.4509779243699942,0,3.0,0.6608976690132303,6,142.0,0.1038850856105172,1,42.0,0.5817416014848087,1,39.0,0.5432811543879854,0,0.0,0.7259860772232767
2048.0,18,91.0,1.0224719101123596,6.528118992466922,89,1030.0,11.573033707865168,0.0,0.0,15,140.0,0.0,4.684125009382348,3.5,3.5,40,0,13.0,0.1102455292897542,2,18.0,0.0004379122299354,1,4.0,0.7188475181032098,7,51.0,0.1234461303097346,2,43.0,0.6015443726851842,2,10.0,0.4121259842491707,1,1.0,0.0023993252974119
2056.0,15,119.0,1.2795698924731185,6.867506148485465,93,1011.0,10.870967741935484,0.0,0.0,15,187.0,47.0,4.737227816315667,4.25,4.25,44,1,11.0,0.4895355698873538,0,0.0,1.0,1,1.0,0.4974264512917807,6,82.0,0.0861566337810007,3,58.0,0.3938546373282163,4,35.0,0.4448986746943882,0,0.0,1.0
2064.0,27,186.0,2.043956043956044,6.170157541277377,91,1103.0,12.12087912087912,92.0,1.010989010989011,23,227.0,40.0,3.4194596035182587,5.404761904761905,5.404761904761905,42,4,19.0,0.2748635289210295,0,4.0,0.9610113557307433,1,9.0,0.6534895054860034,8,113.0,0.0697995804822762,9,73.0,0.2596743494725081,1,9.0,0.2123992948444832,0,0.0,1.0
2072.0,31,290.0,3.258426966292135,6.1618195441694255,89,1300.0,14.606741573033707,197.0,2.213483146067416,23,359.0,132.0,4.532096390786899,7.804347826086956,7.804347826086956,46,4,18.0,0.2505997471958581,0,6.0,0.8648807262741629,1,8.0,0.5852100658365691,12,206.0,0.068511878412218,3,92.0,0.36725097969379,3,18.0,0.3498244016048568,0,11.0,0.9539784797033508
2080.0,13,125.0,1.4705882352941178,7.378546665766101,85,1372.0,16.141176470588235,72.0,0.8470588235294118,9,222.0,0.0,5.161803435399701,6.342857142857143,6.342857142857143,35,2,25.0,0.0679489173846637,0,2.0,0.96737294426023,0,0.0,0.9597999649464312,5,133.0,0.1562630272207506,1,55.0,0.480720862790273,1,4.0,0.6408046693617518,0,3.0,0.7330816115707822
2088.0,20,201.0,2.451219512195122,7.06005167277778,82,1340.0,16.341463414634145,0.0,0.0,17,288.0,66.0,4.259061889857355,7.783783783783784,7.783783783783784,37,1,15.0,0.0,0,4.0,0.688965076992877,0,0.0,0.9077102604206098,7,151.0,0.0040302749559984,4,96.0,0.2111619161457339,5,12.0,0.3051291817257629,0,10.0,0.8802295311746144
2096.0,15,269.0,3.539473684210526,6.617193616801272,76,1163.0,15.302631578947368,0.0,0.0,11,329.0,41.0,5.039941368354206,9.969696969696969,9.969696969696969,33,1,23.0,0.0,0,5.0,0.6889421064836333,0,6.0,0.9346833035288976,8,225.0,0.0099590768307253,2,55.0,0.3850502793467681,0,12.0,0.3404626374611348,0,3.0,0.6819823837120151
2104.0,13,147.0,2.0416666666666665,7.472478562455744,72,1054.0,14.63888888888889,0.0,0.0,7,297.0,0.0,7.810248653487047,7.815789473684211,7.815789473684211,38,1,31.0,0.0,3,26.0,0.2844349344456928,0,3.0,0.7776489588231393,2,176.0,0.2071080968708479,0,39.0,0.739889604283109,1,12.0,0.7696486867443854,0,10.0,0.8362002676225787
2112.0,14,67.0,0.9305555555555556,7.098720401928232,72,1112.0,15.444444444444445,58.0,0.8055555555555556,12,310.0,13.0,5.017095461453018,8.61111111111111,8.61111111111111,36,0,0.0,0.9366557265517216,1,24.0,0.2073470646667661,0,0.0,1.0,7,207.0,0.1611097423403956,0,47.0,0.8122701742335466,4,32.0,0.403509452767646,0,0.0,0.6335928651074522
2120.0,12,78.0,1.1304347826086956,7.081493498921404,69,1105.0,16.014492753623188,0.0,0.0,10,137.0,0.0,5.33141029283617,4.151515151515151,4.151515151515151,33,1,3.0,0.3486023961946574,1,1.0,0.4764051245123461,0,0.0,0.9033985429970528,5,94.0,0.1304961243633877,0,6.0,0.9500144019326672,3,30.0,0.3535727409111244,0,3.0,0.8356735989445112
2128.0,14,73.0,0.9864864864864864,7.714428106181877,74,1188.0,16.054054054054053,83.0,1.1216216216216215,13,215.0,78.0,6.717078621920124,5.243902439024391,5.243902439024391,41,4,15.0,0.0018303421058233,0,6.0,0.4521299323738539,1,0.0,0.0,4,122.0,0.0951497428930222,0,7.0,0.9001389271773089,4,54.0,0.4896119440998813,0,11.0,0.8448589894035271
2136.0,14,92.0,1.2432432432432432,6.993261238597155,74,1128.0,15.243243243243244,0.0,0.0,11,214.0,0.0,5.544363154601523,5.783783783783784,5.783783783783784,37,5,48.0,0.0006207347471613,0,0.0,0.388606717563171,0,9.0,0.9118530899025968,4,117.0,0.2911797729675833,0,11.0,0.7764431200570117,2,29.0,0.3561843349144106,0,0.0,0.2977257628680209
2144.0,10,51.0,0.7183098591549296,7.962710454952472,71,1011.0,14.23943661971831,0.0,0.0,7,67.0,0.0,7.319858039714531,2.392857142857143,2.392857142857143,28,0,0.0,0.7335788788597098,1,13.0,0.3218294639638634,1,8.0,0.4884699176793959,2,6.0,0.0001503349430376,1,11.0,0.6096705525530796,2,22.0,0.5208165449323406,0,7.0,0.7847408830030185
2152.0,6,38.0,0.6031746031746031,8.36338099748187,63,810.0,12.857142857142858,0.0,0.0,5,71.0,4.0,7.785853575384191,2.6296296296296298,2.6296296296296298,27,1,1.0,0.2901586812545427,0,0.0,1.0,1,16.0,0.6197234781652132,0,0.0,1.0,1,14.0,0.2533628206942659,2,35.0,0.5920087877338596,0,5.0,0.8425239581594683
2160.0,9,37.0,0.6166666666666667,7.763331431148013,60,716.0,11.933333333333334,0.0,0.0,8,51.0,0.0,5.354427580942341,1.8888888888888888,1.8888888888888888,27,1,6.0,0.0,1,6.0,0.4853048177497888,0,1.0,0.6467882206736757,0,0.0,1.0,1,26.0,0.5080931147501636,3,7.0,0.3266963660150022,2,5.0,0.3322120290165414
2168.0,8,39.0,0.78,7.997653780984186,50,520.0,10.4,0.0,0.0,7,79.0,28.0,7.144738609438191,3.16,3.16,25,0,0.0,0.9309518253515184,2,19.0,0.4518016801344685,0,8.0,0.8950282562828851,0,0.0,1.0,4,39.0,0.313735578556755,1,13.0,0.4574987179539878,0,0.0,0.8755427677165237
2176.0,3,16.0,0.3404255319148936,9.519092756550782,47,430.0,9.148936170212766,0.0,0.0,1,78.0,0.0,9.948838434842648,3.25,3.25,24,0,0.0,1.0,0,11.0,0.7982824394143904,0,2.0,0.4662613083577767,0,12.0,0.9594589914389848,0,23.0,0.4853003279814271,1,17.0,0.6951323517976863,0,13.0,0.7583620950089748
2184.0,5,11.0,0.2156862745098039,7.817587475228855,51,439.0,8.607843137254902,9.0,0.1764705882352941,4,24.0,0.0,5.770737210387995,1.263157894736842,1.263157894736842,19,0,0.0,1.0,0,0.0,0.4272800715019301,0,0.0,1.0,0,0.0,1.0,0,6.0,0.8376494621504175,3,15.0,0.5338967577086456,1,3.0,0.1799543495045073
2192.0,2,13.0,0.2765957446808511,9.235279375433803,47,316.0,6.723404255319149,0.0,0.0,2,23.0,0.0,7.9222876597236915,1.5333333333333334,1.5333333333333334,15,0,0.0,0.4759295800046683,0,0.0,0.9150401921406304,0,3.0,0.9224824686507768,0,0.0,0.941572726180176,0,3.0,0.9448272397481572,1,6.0,0.4411786222422993,1,11.0,0.0
2200.0,9,38.0,0.926829268292683,6.486445604810449,41,284.0,6.926829268292683,0.0,0.0,9,54.0,31.0,5.987785806719221,1.8,1.8,30,1,6.0,0.0,2,4.0,0.1945688134885712,0,3.0,0.7625606650542209,0,0.0,1.0,0,6.0,0.7966753883268534,5,10.0,0.2900368270763335,1,25.0,0.6072838663302694
2208.0,10,61.0,1.2708333333333333,6.796976151783476,48,324.0,6.75,40.0,0.8333333333333334,9,81.0,27.0,5.513110953602951,3.1153846153846154,3.1153846153846154,26,0,0.0,1.0,0,4.0,0.6301865586856419,0,3.0,0.3289479081840873,0,0.0,0.8945040415490403,0,7.0,0.6441397545451462,6,49.0,0.2740832130617989,3,18.0,0.2366168125300583
2216.0,7,28.0,0.5957446808510638,7.417189971082582,47,345.0,7.340425531914893,21.0,0.4468085106382978,6,49.0,0.0,5.047226286903486,2.8823529411764706,2.8823529411764706,17,0,0.0,0.2037392634963187,2,11.0,0.0094210346806163,0,0.0,0.9712958074789078,0,0.0,1.0,1,8.0,0.5774567630372521,2,28.0,0.4210874810547338,1,2.0,0.0020775886197874
2224.0,4,32.0,0.7619047619047619,8.152045718095442,42,291.0,6.928571428571429,0.0,0.0,4,58.0,9.0,7.936427802465917,3.0526315789473686,3.0526315789473686,19,0,0.0,1.0,0,6.0,0.1872570529163162,0,0.0,1.0,0,0.0,1.0,2,12.0,0.5068497210954425,2,27.0,0.5603560749833427,0,13.0,0.8802943198352505
2232.0,1,0.0,0.0,8.927537921932194,43,293.0,6.813953488372093,2.0,0.0465116279069767,0,14.0,0.0,6.699456018221072,1.4,1.4,10,0,0.0,0.9318881756944112,0,0.0,1.0,0,0.0,0.996586784568812,0,0.0,1.0,0,14.0,0.2802541519380933,0,0.0,0.6317745193644051,0,0.0,0.3734261444855231
2240.0,4,9.0,0.2647058823529412,8.435985873867178,34,165.0,4.852941176470588,0.0,0.0,2,20.0,6.0,8.160001875138011,1.5384615384615383,1.5384615384615383,13,1,8.0,0.3921071809224787,0,0.0,0.994854996386072,0,0.0,0.9098111324300114,0,0.0,0.6873848043402202,0,7.0,0.7298733374158282,1,5.0,0.4631739898366354,0,0.0,1.0
2248.0,6,32.0,0.9142857142857144,8.520166999968227,35,169.0,4.828571428571428,4.0,0.1142857142857142,4,35.0,15.0,6.507609587247001,3.5,3.5,10,3,25.0,0.246350501681239,0,0.0,0.9731142228487716,0,0.0,1.0,1,7.0,0.0,0,0.0,1.0,0,0.0,0.629119888073686,0,3.0,0.802869578330202
2256.0,5,53.0,1.4722222222222223,8.83223306366559,36,152.0,4.222222222222222,0.0,0.0,5,56.0,21.0,6.266463757552315,4.0,4.0,14,4,51.0,3.640719045738481e-05,1,2.0,0.6267928990734593,0,0.0,0.8868609577102089,0,0.0,1.0,0,0.0,0.6662472900602506,0,0.0,0.47488962806702,0,3.0,0.9722458727242036
2264.0,5,26.0,0.6842105263157895,7.693375571991381,38,138.0,3.631578947368421,0.0,0.0,5,50.0,0.0,6.423438877702052,2.7777777777777777,2.7777777777777777,18,0,24.0,0.0925661892751597,2,12.0,0.2317659791775177,0,0.0,0.5488900106343237,0,0.0,1.0,0,0.0,0.8876110992482058,3,14.0,0.2933409755792953,0,0.0,1.0
2272.0,2,18.0,0.375,9.613495156266056,48,162.0,3.375,24.0,0.5,1,18.0,0.0,9.498023258039552,1.8,1.8,10,0,0.0,0.5153115295245919,1,18.0,0.0,0,0.0,0.9656407277974136,0,0.0,1.0,0,0.0,0.7993020804339301,0,0.0,0.8372516103371764,0,0.0,0.8125905842973085
2280.0,4,36.0,0.7346938775510204,9.87042555162694,49,168.0,3.4285714285714284,6.0,0.1224489795918367,3,55.0,37.0,10.031597956605411,2.5,2.5,22,1,6.0,0.4854262071423112,1,34.0,0.4280817342288721,1,4.0,5.11938602184509e-05,0,0.0,1.0,0,8.0,0.9049895468813745,0,0.0,0.8915562790624673,0,3.0,0.9492172466246808
2288.0,5,14.0,0.2456140350877192,8.529715021448077,57,188.0,3.298245614035088,20.0,0.3508771929824561,5,17.0,0.0,7.352530875065208,0.7727272727272727,0.7727272727272727,22,1,5.0,0.3838666658507584,0,0.0,0.7498407956133497,0,3.0,0.721657438269948,0,0.0,0.968725525949596,0,0.0,0.7928981478882735,4,9.0,0.3245280034493885,0,0.0,0.932800241338773
2296.0,3,7.0,0.125,7.889700735530014,56,217.0,3.875,29.0,0.5178571428571429,2,18.0,1.0,5.783970927683693,0.8571428571428571,0.8571428571428571,21,0,2.0,0.1819366796331312,2,7.0,0.0350193563672103,0,0.0,1.0,0,0.0,0.1293090686792964,0,3.0,0.8150938327852085,0,0.0,0.5811604490731693,0,6.0,0.652311888101329
2304.0,7,44.0,0.7586206896551724,8.887084416988337,58,246.0,4.241379310344827,29.0,0.5,4,50.0,32.0,8.418454352339399,1.9230769230769231,1.9230769230769231,26,3,20.0,0.0549282355151633,0,6.0,0.6478468938213703,0,5.0,0.91561056903949,1,7.0,0.2319660694604982,0,9.0,0.9619996486234942,0,0.0,0.966683969083481,0,3.0,0.6799229721474591
2312.0,13,67.0,1.0151515151515151,6.788519236853399,66,317.0,4.803030303030303,71.0,1.0757575757575757,9,63.0,13.0,4.923928558170037,2.032258064516129,2.032258064516129,31,1,25.0,0.093007473805819,1,11.0,0.4887876382874523,0,0.0,0.8949188927813899,0,0.0,1.0,3,16.0,0.362389376890788,1,0.0,0.0,3,11.0,0.2996443420319642
2320.0,6,25.0,0.3623188405797101,8.506684134736332,69,325.0,4.710144927536232,8.0,0.1159420289855072,5,43.0,0.0,6.298993718141531,2.0476190476190474,2.0476190476190474,21,1,20.0,0.4418909648755873,0,0.0,0.3282573344658401,0,0.0,1.0,0,0.0,1.0,1,9.0,0.5082656656671364,0,2.0,0.7260692301127869,3,12.0,0.2982581964201854
2328.0,6,20.0,0.3076923076923077,8.820125925085149,65,238.0,3.661538461538461,0.0,0.0,6,46.0,3.0,6.430898085156241,2.3,2.3,20,0,0.0,1.0,0,6.0,0.7178231183303045,0,0.0,0.6118783904939717,2,8.0,0.2465409718069274,0,0.0,0.794024477564312,0,4.0,0.8260921194321784,4,28.0,0.1895976986428647
2336.0,3,6.0,0.0923076923076923,8.841116725926444,65,226.0,3.476923076923077,0.0,0.0,2,27.0,0.0,8.23265427084842,1.2272727272727273,1.2272727272727273,22,0,0.0,0.5928612710325635,0,1.0,0.9540990956924552,0,3.0,0.6186332525859323,1,2.0,0.2228411235833153,0,3.0,0.9491177538092778,0,3.0,0.69233947272052,1,15.0,0.2090629215670923
2344.0,9,21.0,0.35,8.623770767655431,60,175.0,2.9166666666666665,0.0,0.0,7,33.0,6.0,7.137282213634964,1.375,1.375,24,4,12.0,0.2612809036156401,1,5.0,0.2994215256964692,0,0.0,0.7125343464362299,1,7.0,0.4559281926054909,0,0.0,1.0,1,9.0,0.7515182578875215,0,0.0,0.9380742720900352
2352.0,6,15.0,0.2727272727272727,7.595786538390934,55,181.0,3.290909090909091,6.0,0.109090909090909,6,43.0,10.0,4.151658629222599,1.9545454545454544,1.9545454545454544,22,0,11.0,0.2490997386789372,0,4.0,0.3571195637451328,0,0.0,0.986549984887027,0,0.0,1.0,0,9.0,0.8527424987388649,6,19.0,0.0559647299427071,0,0.0,1.0
2360.0,4,9.0,0.1578947368421052,8.576104848091703,57,211.0,3.701754385964912,30.0,0.5263157894736842,1,22.0,0.0,6.751881174418805,1.8333333333333333,1.8333333333333333,12,0,0.0,0.1465972401605751,0,0.0,1.0,0,3.0,0.790381646189797,0,0.0,1.0,0,6.0,0.8406132071126144,1,10.0,0.3410185862352145,0,3.0,0.5834054220551834
2368.0,5,19.0,0.3275862068965517,9.576173464399226,58,207.0,3.5689655172413794,0.0,0.0,2,43.0,21.0,9.64140020313898,1.6538461538461535,1.6538461538461535,26,0,0.0,1.0,0,1.0,0.9590592418010996,0,13.0,0.6515632869582089,0,0.0,0.4916912540993152,0,15.0,0.9269141422759491,1,10.0,0.5261731160699454,1,4.0,0.5367733480002461
2376.0,8,26.0,0.40625,8.677799187573202,64,224.0,3.5,17.0,0.265625,7,55.0,12.0,7.884158682299444,1.71875,1.71875,32,0,0.0,1.0,0,2.0,0.804584945674741,0,9.0,0.6419462033966505,1,4.0,0.4634871114047555,0,11.0,0.8586986271003352,3,15.0,0.3572737463191132,3,14.0,0.0211267330980042
2384.0,5,22.0,0.3188405797101449,8.344025976460776,69,249.0,3.608695652173913,25.0,0.3623188405797101,4,50.0,0.0,7.1773506344501765,2.0,2.0,25,0,0.0,0.9367240000920886,2,5.0,0.4280650324452539,1,31.0,0.2824979907059313,0,0.0,0.9251483063800732,0,9.0,0.5830981146482528,1,3.0,0.239363416803356,0,2.0,0.7244775158802161
2392.0,8,46.0,0.647887323943662,9.522424728940182,71,246.0,3.464788732394366,0.0,0.0,3,56.0,6.0,8.827394967693952,2.333333333333333,2.333333333333333,24,1,5.0,0.4513989298307502,1,4.0,0.5583699773537422,1,31.0,0.4863106432076615,0,0.0,1.0,0,12.0,0.9564796133977844,0,4.0,0.6877296207488192,0,0.0,0.5303519832068639
2400.0,10,33.0,0.4782608695652174,8.739811665683245,69,254.0,3.681159420289855,8.0,0.1159420289855072,8,52.0,0.0,6.852087488684037,1.8571428571428568,1.8571428571428568,28,0,0.0,0.9711131464982914,2,6.0,0.4576493631937798,0,15.0,0.5341641964917431,0,0.0,1.0,3,23.0,0.5546734466644391,2,8.0,0.3589104360979891,1,0.0,0.4971994642633529
2408.0,15,81.0,1.1911764705882353,7.148675151917594,68,300.0,4.411764705882353,46.0,0.6764705882352942,12,60.0,8.0,5.816274562509389,1.7142857142857142,1.7142857142857142,35,0,0.0,1.0,2,11.0,0.3808044578018486,2,11.0,0.4426948536242235,0,0.0,1.0,0,3.0,0.7099567982249269,5,31.0,0.2735006605826799,3,4.0,0.1476207154991189
2416.0,7,19.0,0.2714285714285714,7.635101525831767,70,342.0,4.885714285714286,42.0,0.6,7,80.0,20.0,5.156372876053252,2.5806451612903225,2.5806451612903225,31,0,0.0,1.0,2,15.0,0.0890414938417941,3,13.0,0.1794794323165154,0,0.0,0.9203452017973268,1,7.0,0.6616631433282871,1,42.0,0.2984988655296711,0,3.0,0.1447899369986553
2424.0,15,71.0,1.0757575757575757,8.150688755434874,66,314.0,4.757575757575758,0.0,0.0,14,101.0,21.0,4.984551342292862,3.15625,3.15625,32,2,9.0,0.287304996823829,2,26.0,0.0,5,37.0,0.1635841547195747,0,0.0,0.0325740976821269,3,7.0,0.4508153569026305,2,22.0,0.4722143235835814,0,0.0,0.5571341855206797
2432.0,8,33.0,0.5409836065573771,7.854596633503723,61,347.0,5.688524590163935,33.0,0.5409836065573771,8,64.0,0.0,4.462918495689436,2.4615384615384617,2.4615384615384617,26,0,4.0,0.4984371137067684,1,1.0,0.0008549952326599,0,20.0,0.2825307111479173,0,0.0,1.0,0,0.0,0.8455332739288645,6,38.0,0.1275705735410878,1,1.0,0.1816453678916386
2440.0,10,43.0,0.6515151515151515,8.628854132910021,66,418.0,6.333333333333333,71.0,1.0757575757575757,6,58.0,0.0,6.656566320099632,2.4166666666666665,2.4166666666666665,24,1,5.0,7.186207953048453e-06,1,9.0,0.4857625283332179,0,6.0,0.9301169584647858,0,3.0,0.2992262529982619,0,6.0,0.8276905216304158,1,3.0,0.2646194193226702,3,26.0,0.3361120960096739
2448.0,11,79.0,1.3389830508474576,8.313546655044926,59,326.0,5.52542372881356,0.0,0.0,10,126.0,68.0,6.202047886415566,4.5,4.5,28,1,13.0,0.0,0,3.0,0.9589522208319864,0,0.0,0.8033628421941049,0,0.0,1.0,2,25.0,0.5942945242987338,2,18.0,0.0,5,67.0,0.362831096100278
2456.0,8,63.0,0.9545454545454546,7.208887725527708,66,353.0,5.348484848484849,27.0,0.4090909090909091,5,98.0,0.0,5.345159633949288,4.454545454545454,4.454545454545454,22,1,21.0,0.3820115827561037,1,2.0,0.4789452497057569,0,3.0,0.9289372917565156,0,0.0,1.0,0,14.0,0.4358983258572267,2,34.0,0.2684612067636531,1,24.0,0.1556551839858768
2464.0,7,47.0,0.7014925373134329,8.546206040922526,67,314.0,4.686567164179104,0.0,0.0,5,72.0,0.0,7.343674743504762,2.4827586206896552,2.4827586206896552,29,3,34.0,0.1937446378828862,0,0.0,0.5400764218051437,1,11.0,0.6849266175076392,0,0.0,0.9507077634744718,0,3.0,0.6972217574750905,0,9.0,0.5552678460442405,1,15.0,0.4709421006147227
2472.0,13,52.0,0.7536231884057971,6.193798229270561,69,354.0,5.130434782608695,40.0,0.5797101449275363,13,77.0,5.0,3.897035183491532,2.264705882352941,2.264705882352941,34,2,16.0,0.3236467859973036,2,6.0,0.3551874131990407,1,5.0,0.012116814451135,2,5.0,0.304852794904932,0,3.0,0.7670135322538075,5,36.0,0.0720751677916603,1,6.0,0.3431711910470693
2480.0,18,108.0,1.4594594594594594,5.775404717288993,74,437.0,5.905405405405405,83.0,1.1216216216216215,16,140.0,63.0,3.379196312613936,4.375,4.375,32,0,0.0,0.2474723906723687,1,8.0,0.1551113916927478,2,9.0,0.0,0,2.0,0.2471530195770724,0,0.0,0.931967520924872,11,109.0,0.1929824764796217,2,12.0,0.3036832193999587
2488.0,11,55.0,0.6790123456790124,7.421197777841335,81,516.0,6.37037037037037,79.0,0.9753086419753086,9,121.0,0.0,5.2014285235811615,4.481481481481482,4.481481481481482,27,1,11.0,0.0216996752496848,4,19.0,0.1907180238027734,1,0.0,0.4319459963422452,0,0.0,0.6862437855408233,0,10.0,0.7888107339096534,0,54.0,0.4330427275679047,3,27.0,0.1721199620224674
2496.0,13,67.0,0.8072289156626506,6.985697323575593,83,481.0,5.795180722891566,0.0,0.0,9,109.0,0.0,6.210178540094873,2.5348837209302326,2.5348837209302326,43,0,4.0,0.5824050187013368,4,62.0,0.2077134256572232,0,0.0,0.6175527264247394,1,1.0,0.0178424079501465,1,22.0,0.6223087042984758,1,15.0,0.4446266344771921,2,5.0,0.3999853576008817
2504.0,14,44.0,0.5301204819277109,6.67374219186485,83,551.0,6.63855421686747,70.0,0.8433734939759037,12,128.0,19.0,5.79312776645378,3.3684210526315788,3.3684210526315788,38,0,0.0,0.9568092002040892,0,30.0,0.4486487873430831,1,4.0,0.485026251638994,0,0.0,1.0,6,53.0,0.3539038869401969,5,38.0,0.3898881854747859,0,3.0,0.6595936408891868
2512.0,15,69.0,0.8734177215189873,6.90234966977275,79,628.0,7.949367088607595,77.0,0.9746835443037974,12,154.0,26.0,3.87712181524314,5.310344827586207,5.310344827586207,29,2,7.0,0.000152073082878,2,37.0,0.0004300352417769,0,0.0,0.3727224456263885,0,0.0,0.2165746685515427,8,93.0,0.2602329752247387,0,16.0,0.1647129295957462,0,1.0,0.9667395706139322
2520.0,13,90.0,1.2162162162162162,7.258119856871215,74,682.0,9.216216216216216,54.0,0.7297297297297297,7,122.0,0.0,6.860284733479969,3.2972972972972974,3.2972972972972974,37,2,30.0,0.2443118864302308,0,0.0,0.110481870824112,1,0.0,0.4395906892089862,2,15.0,0.4898521214356557,2,73.0,0.600292640731126,0,4.0,0.499203147052253,0,0.0,0.5764189623446822
2528.0,20,133.0,1.6219512195121952,7.471216590117107,82,778.0,9.48780487804878,96.0,1.170731707317073,15,163.0,41.0,6.428931782853897,3.7906976744186047,3.7906976744186047,43,2,39.0,0.0,0,3.0,0.9216444900683648,1,9.0,0.7095508754653664,7,43.0,0.0182683157478814,5,60.0,0.4295724001143109,0,9.0,0.869209471018276,0,0.0,0.8176578038944476
2536.0,23,193.0,2.4430379746835444,5.65496926029722,79,859.0,10.873417721518988,81.0,1.0253164556962024,19,270.0,107.0,3.8688389950602553,5.625,5.625,48,3,63.0,0.2127581474147572,1,3.0,0.0,1,15.0,0.3607571067509579,9,119.0,0.0201945356501264,2,54.0,0.3853742786084818,2,13.0,0.3644725619762183,1,3.0,0.4682320364025756
2544.0,26,293.0,3.447058823529412,5.767666336860253,85,1005.0,11.823529411764708,146.0,1.7176470588235293,20,363.0,93.0,3.639435935966167,7.891304347826087,7.891304347826087,46,4,92.0,0.0051488872704106,0,0.0,1.0,2,18.0,0.3552513330069633,8,164.0,0.1864783644741816,2,63.0,0.2240923958280762,3,15.0,0.4960434093958596,1,11.0,0.4574588028555905
2552.0,17,152.0,1.7272727272727273,6.38514716023297,88,1138.0,12.931818181818182,133.0,1.5113636363636365,15,259.0,0.0,2.484589839883572,7.4,7.4,35,2,87.0,0.0,0,3.0,0.9666755249461636,2,11.0,0.1037898533901058,1,91.0,0.1796941134016252,2,14.0,0.2968736135120778,7,51.0,0.0210294118767268,1,2.0,0.0181452362611792
2560.0,18,73.0,0.7604166666666666,7.214700150440533,96,1202.0,12.520833333333334,64.0,0.6666666666666666,15,207.0,0.0,4.477136565855403,5.75,5.75,36,0,0.0,1.0,0,6.0,0.7441803735845312,1,9.0,0.4813342150528761,6,117.0,0.1991700011497106,8,65.0,0.1568418055690877,0,4.0,0.4950181064256645,0,6.0,0.6506287846906941
2568.0,19,135.0,1.3636363636363635,7.898338814496445,99,1127.0,11.383838383838384,0.0,0.0,18,336.0,129.0,5.345421606740426,7.0,7.0,48,1,1.0,0.3341028605364786,1,9.0,0.6258830939394321,2,17.0,0.3236953062283035,9,206.0,0.1453595853230033,5,92.0,0.4221033800230398,0,4.0,0.7705608783504747,0,7.0,0.7757260824588198
2576.0,10,33.0,0.336734693877551,7.401898333598402,98,1045.0,10.66326530612245,0.0,0.0,6,179.0,0.0,5.873713327512727,3.808510638297872,3.808510638297872,47,0,0.0,0.7214497740168908,1,25.0,0.604334905025163,0,11.0,0.6187202354483592,3,98.0,0.2465369641485918,1,39.0,0.2655704191459083,1,6.0,0.547695684428341,0,0.0,1.0
2584.0,20,113.0,1.0970873786407769,6.688333738484835,103,1129.0,10.96116504854369,84.0,0.8155339805825242,19,190.0,11.0,3.783043345733366,3.5849056603773586,3.5849056603773586,53,2,9.0,0.0096208518816429,4,28.0,0.3249368926959697,3,22.0,0.1756251151772427,5,62.0,0.2543778302994608,4,51.0,0.2680891589439891,1,18.0,0.5866234358262934,0,0.0,0.4097073272456961
2592.0,17,160.0,1.702127659574468,7.318011822671398,94,951.0,10.117021276595745,0.0,0.0,16,224.0,34.0,3.4949193269406567,4.977777777777778,4.977777777777778,45,0,0.0,0.8054051308502497,1,18.0,0.329607086020184,3,46.0,0.0033130400603751,6,98.0,0.2039449422470972,4,47.0,0.1953872608608063,2,15.0,0.2299003437115978,0,0.0,1.0
2600.0,15,79.0,0.8876404494382022,6.926095664449603,89,913.0,10.258426966292134,0.0,0.0,14,204.0,0.0,2.977372001502348,4.857142857142857,4.857142857142857,42,4,15.0,0.1161490740125627,1,20.0,0.4766544212354036,0,50.0,0.4739736000267068,1,13.0,0.2094270675887686,7,82.0,0.1092614109202763,1,21.0,0.5455538817411948,0,3.0,0.4749502630186071
2608.0,14,59.0,0.6781609195402298,7.42769514875137,87,948.0,10.89655172413793,35.0,0.4022988505747126,11,157.0,0.0,4.529647417341405,3.925,3.925,40,0,1.0,0.5985423454918779,0,3.0,0.3720349592390966,1,33.0,0.7594515512329473,2,10.0,0.1691553786072898,6,76.0,0.0858005349428736,1,29.0,0.1828378674389645,1,5.0,0.4921790882102296
2616.0,14,82.0,0.9111111111111112,8.102910479542702,90,943.0,10.477777777777778,0.0,0.0,14,171.0,14.0,4.463251755923503,3.976744186046512,3.976744186046512,43,0,0.0,1.0,0,6.0,0.9590117739144396,4,18.0,0.2660438445905255,3,32.0,0.2780272919677048,3,64.0,0.1553912086125182,2,37.0,0.6140386851004459,2,14.0,0.310079946570457
2624.0,11,44.0,0.4680851063829787,8.26879603293453,94,996.0,10.595744680851064,53.0,0.5638297872340425,10,131.0,0.0,5.967861058984008,2.911111111111111,2.911111111111111,45,1,5.0,0.7295711501230513,0,1.0,0.9534457374011877,2,25.0,0.3323254254752228,4,33.0,0.125136427865053,1,45.0,0.4331782676989711,1,13.0,0.3592538298299685,1,9.0,0.5399277570833354
2632.0,13,88.0,0.9565217391304348,8.970351058134986,92,1002.0,10.891304347826088,6.0,0.0652173913043478,10,128.0,0.0,7.09240687995316,3.2,3.2,40,0,0.0,0.1214567639186955,0,3.0,0.9879070980322248,4,34.0,0.4455902922405002,4,54.0,0.143766604214714,1,6.0,0.6558783024731724,0,9.0,0.8632311455122759,1,22.0,0.6339907077868294
2640.0,14,148.0,1.608695652173913,9.02029578130712,92,916.0,9.956521739130435,0.0,0.0,11,189.0,61.0,8.038345646441686,4.295454545454546,4.295454545454546,44,1,8.0,0.4798517807213255,0,6.0,0.9485586748058176,3,42.0,0.3308045276769634,4,84.0,0.1054917154289134,1,20.0,0.8567978650195531,1,7.0,0.78121097295157,1,22.0,0.7388121687597637
2648.0,21,180.0,1.9148936170212767,6.984116849580841,94,826.0,8.787234042553191,0.0,0.0,15,238.0,49.0,4.033316872998178,5.409090909090909,5.409090909090909,44,1,16.0,0.0,0,11.0,0.8686635253481392,3,50.0,0.2628595953714622,5,110.0,2.8607251380663727e-05,3,17.0,0.3009096643916948,1,3.0,0.1267291995448275,2,31.0,0.2684119849498836
2656.0,16,122.0,1.3555555555555556,7.217638955630013,90,892.0,9.911111111111111,66.0,0.7333333333333333,14,200.0,0.0,4.448217914922487,4.545454545454546,4.545454545454546,44,1,24.0,0.5900422517915379,2,19.0,0.4034000977814635,5,75.0,0.2069693909025512,2,44.0,0.3999891703312119,0,14.0,0.3865597433654257,0,0.0,0.5609034001932615,4,24.0,0.1025789420431305
2664.0,30,244.0,2.568421052631579,6.426971244948428,95,1010.0,10.63157894736842,118.0,1.2421052631578948,29,305.0,105.0,3.1271751392735765,6.354166666666667,6.354166666666667,48,2,5.0,0.0109036475338798,4,47.0,0.3451900632068538,5,93.0,0.1527871959606289,4,46.0,0.2126344818265281,1,13.0,0.5747474675746335,4,12.0,0.2181848983380086,9,89.0,0.067644351698172
2672.0,24,210.0,2.1875,6.678145346804873,96,1108.0,11.541666666666666,98.0,1.0208333333333333,19,303.0,0.0,2.8105779940344324,8.657142857142857,8.657142857142857,35,2,9.0,0.1895988332301929,0,24.0,0.5137684596077798,1,50.0,0.3380161965758393,3,53.0,0.090840779723104,4,33.0,0.1943388430754283,3,26.0,0.0730703120261326,6,108.0,0.1046145930891114
2680.0,17,171.0,1.9655172413793105,7.983090323252296,87,1105.0,12.701149425287356,0.0,0.0,11,193.0,0.0,4.210745952451974,9.19047619047619,9.19047619047619,21,2,25.0,0.3124893526723,1,10.0,0.5997600000161795,1,18.0,0.4319460253061226,2,20.0,6.423888591031066e-05,2,39.0,0.338363340889957,3,53.0,0.1368447037829305,0,28.0,0.3419455907562827
2688.0,14,128.0,1.6,7.823025435170253,80,992.0,12.4,0.0,0.0,8,130.0,0.0,6.310931096376484,5.652173913043479,5.652173913043479,23,3,42.0,0.2845323678599508,1,13.0,0.6360151835578628,0,3.0,0.6529894267805118,0,0.0,1.0,2,15.0,0.4653827809785658,0,17.0,0.5695520187035705,2,40.0,0.2190812445021976
2696.0,8,26.0,0.3333333333333333,7.761762619402593,78,949.0,12.166666666666666,0.0,0.0,6,106.0,0.0,6.676572266127713,3.419354838709677,3.419354838709677,31,0,10.0,0.3279972178536757,3,29.0,0.1954515813045361,0,0.0,0.8541404382334503,1,8.0,0.2658304231859256,2,53.0,0.6545848758414885,0,3.0,0.7119550086549461,0,3.0,0.8533644699164262
2704.0,20,135.0,1.8,6.776908959933666,75,880.0,11.733333333333333,0.0,0.0,14,185.0,79.0,5.372370297697668,5.285714285714286,5.285714285714286,35,1,4.0,0.2582984377559186,5,67.0,0.321268959386291,1,8.0,0.4612728004411246,1,6.0,0.4416432349626111,2,79.0,0.5417151331624162,2,12.0,0.5077878807301051,2,9.0,0.0544436459481381
2712.0,12,121.0,1.7285714285714286,7.86208210355429,70,865.0,12.357142857142858,0.0,0.0,5,126.0,0.0,6.302876257586386,7.411764705882353,7.411764705882353,17,1,12.0,0.373225565336291,1,16.0,0.5127997469325323,0,0.0,1.0,0,0.0,1.0,2,91.0,0.2385217996416013,1,4.0,0.6270120931919236,0,3.0,0.5270454024519594
2720.0,12,116.0,1.6111111111111112,8.35391476312574,72,804.0,11.166666666666666,0.0,0.0,6,49.0,0.0,6.381592056285076,2.227272727272727,2.227272727272727,22,1,7.0,0.4723957809421706,2,12.0,0.3700406904775855,0,0.0,0.115511945789668,0,0.0,1.0,2,18.0,0.5597295948314357,1,12.0,0.546618908948975,0,0.0,0.5898300221285346
2728.0,10,28.0,0.3888888888888889,6.456588500249884,72,775.0,10.76388888888889,0.0,0.0,6,154.0,105.0,5.8609835047172645,4.529411764705882,4.529411764705882,34,0,4.0,0.7622305861625702,1,27.0,0.2696915345759685,1,6.0,0.6783623541258188,0,7.0,0.2079373219221343,2,102.0,0.3688105471770489,2,8.0,0.2701098222362675,0,0.0,0.6209348378946984
2736.0,24,128.0,1.8285714285714283,6.0610887423725,70,709.0,10.128571428571428,0.0,0.0,17,203.0,49.0,4.206665916817179,6.151515151515151,6.151515151515151,33,0,0.0,0.9336600078472728,2,9.0,0.2647637973431839,2,12.0,0.4560955887111312,0,0.0,0.7145917996237169,4,128.0,0.3002793661140321,6,42.0,0.1492890496301794,3,12.0,0.1810942115237575
2744.0,27,221.0,2.9864864864864864,5.288592169989687,74,769.0,10.391891891891891,60.0,0.8108108108108109,19,170.0,0.0,2.830781945392339,5.666666666666667,5.666666666666667,30,2,8.0,7.574706725728381e-05,1,7.0,0.626958767658952,1,3.0,0.2403079716126649,3,9.0,0.1247424311134006,5,50.0,0.1172658098007315,7,93.0,0.0323867453576085,0,0.0,0.220625139548191
2752.0,13,86.0,1.1025641025641026,6.049128656261537,78,864.0,11.076923076923077,95.0,1.2179487179487178,9,249.0,79.0,4.258924875791546,8.586206896551724,8.586206896551724,29,2,27.0,0.4052805858167529,2,6.0,0.077684698453959,0,0.0,0.5256127935725672,0,13.0,0.4190457740982414,4,160.0,0.2739991049042395,1,43.0,0.2451798037296347,0,0.0,0.3974310176478368
2760.0,19,141.0,1.6588235294117648,7.480076366189988,85,976.0,11.48235294117647,112.0,1.3176470588235294,11,242.0,0.0,7.75837755633517,6.914285714285715,6.914285714285715,35,5,57.0,4.412974235384977e-06,0,3.0,0.9813451882075452,0,2.0,0.8721695504467721,2,19.0,0.3140556188127288,2,140.0,0.7027477782649907,1,20.0,0.4484035110805805,1,1.0,0.0013997595816391
2768.0,26,243.0,2.793103448275862,6.438336913857085,87,1071.0,12.310344827586206,95.0,1.091954022988506,18,287.0,45.0,4.198841916665886,7.358974358974359,7.358974358974359,39,3,52.0,0.0,1,4.0,0.0078635960818672,2,10.0,0.3058842032472316,1,3.0,0.261860412606869,7,184.0,0.3674468205685431,2,28.0,0.5563246822892097,2,6.0,0.0044599986807477
2776.0,20,284.0,3.227272727272727,6.692807835350528,88,1156.0,13.136363636363637,85.0,0.9659090909090908,10,287.0,0.0,4.991134260160748,7.756756756756757,7.756756756756757,37,0,14.0,0.3308040657137913,0,0.0,0.6822754397728787,1,4.0,0.0078562286012349,4,30.0,0.1975254852005614,3,199.0,0.3246517742912588,2,40.0,0.3522794025906037,0,0.0,0.9782052792674178
2784.0,21,200.0,2.247191011235955,5.90713822892853,89,1255.0,14.101123595505618,99.0,1.1123595505617978,15,225.0,0.0,3.7952633788038286,4.891304347826087,4.891304347826087,46,4,36.0,0.3394769447376931,1,6.0,0.6450057195180127,0,0.0,0.9696902180524036,5,65.0,2.260302003064032e-06,4,77.0,0.1095928860905638,1,41.0,0.443643853929224,0,0.0,0.9325045170171664
2792.0,20,123.0,1.4470588235294115,5.579767350401335,85,1261.0,14.83529411764706,6.0,0.0705882352941176,17,367.0,142.0,2.824540927457893,9.41025641025641,9.41025641025641,39,2,29.0,0.2196763071477427,1,19.0,0.4762826489195262,0,0.0,1.0,2,56.0,0.3084299542050191,9,229.0,0.0650554010776919,3,34.0,0.3202197367146215,0,0.0,0.9083720016547052
2800.0,18,135.0,1.6666666666666667,6.40092035857893,81,1278.0,15.77777777777778,17.0,0.2098765432098765,12,337.0,0.0,3.5524897367910877,8.868421052631579,8.868421052631579,38,5,53.0,0.1650892693657263,0,0.0,0.4617523518583373,0,3.0,0.9705078970402896,4,49.0,0.0494505136934164,3,213.0,0.2423306095924116,0,19.0,0.4697848621822755,0,0.0,0.3001315059136905
2808.0,15,121.0,1.5316455696202531,6.979977505886493,79,1297.0,16.417721518987342,19.0,0.240506329113924,9,282.0,0.0,5.501034577481704,7.833333333333333,7.833333333333333,36,0,34.0,0.1170947500897023,0,0.0,0.9554626157558872,2,10.0,0.3186288583932256,0,3.0,0.7483800296466545,5,213.0,0.2472830329245582,2,22.0,0.6179208382037856,0,0.0,1.0
2816.0,18,180.0,2.1686746987951806,6.789616122503197,83,1300.0,15.662650602409638,3.0,0.036144578313253,14,299.0,17.0,3.817138149995476,10.678571428571429,10.678571428571429,28,0,0.0,1.0,0,0.0,0.4553991330187649,3,28.0,9.150492943189964e-05,1,8.0,8.377014132591391e-06,9,257.0,0.1054363307119097,1,6.0,0.7282892615517832,0,0.0,1.0
2824.0,16,208.0,2.260869565217391,6.454053213454793,92,1352.0,14.695652173913045,52.0,0.5652173913043478,7,304.0,5.0,5.356285099326451,7.6,7.6,40,0,0.0,1.0,2,18.0,0.3669402959170008,0,4.0,0.7833959457239104,1,2.0,0.1346841906126107,3,259.0,0.1676959909661731,1,14.0,0.4579908099267691,0,7.0,0.8783271038296183
2832.0,22,273.0,3.0,5.956367492732034,91,1428.0,15.692307692307692,76.0,0.8351648351648352,14,333.0,29.0,4.299605627409727,7.568181818181818,7.568181818181818,44,0,0.0,0.9163792983417794,1,12.0,0.1712257674486111,1,9.0,0.5931322178395624,0,3.0,0.2270473623071336,8,287.0,0.149763923444041,4,22.0,0.4149024963722678,0,0.0,0.956428095224402
2840.0,28,346.0,4.070588235294117,5.003127631950357,85,1415.0,16.647058823529413,0.0,0.0,21,427.0,94.0,3.368724397890047,9.085106382978724,9.085106382978724,47,2,7.0,8.782636088549257e-05,1,24.0,0.5226887184505942,3,27.0,0.2284984727849544,3,13.0,0.012509026878916,11,340.0,0.0717865011276671,0,11.0,0.7089835844846771,1,5.0,0.0
2848.0,22,391.0,4.827160493827161,6.066151804405584,81,1494.0,18.444444444444443,79.0,0.9753086419753086,13,423.0,0.0,4.315618672810927,11.432432432432432,11.432432432432432,37,0,0.0,0.6691218485478179,0,4.0,0.0646268546793002,1,17.0,0.4338559139057295,0,11.0,0.3481812026428867,11,388.0,0.1259959331804675,1,3.0,0.38142091107291,0,0.0,0.7958931834490784
2856.0,19,428.0,5.487179487179487,6.421370336245292,78,1393.0,17.858974358974358,0.0,0.0,10,411.0,0.0,4.746333833406512,14.172413793103448,14.172413793103448,29,0,0.0,1.0,1,15.0,0.6055645751217005,0,0.0,0.930917004676354,0,0.0,1.0,3,384.0,0.32596622809742,3,4.0,0.2324244707179137,3,8.0,0.1711311405445792
2864.0,20,471.0,6.116883116883117,6.890929776788288,77,1310.0,17.01298701298701,0.0,0.0,13,442.0,31.0,5.1578412798536615,14.258064516129032,14.258064516129032,31,0,0.0,0.9130882340478672,2,31.0,0.548564164428343,1,6.0,0.4580532562519918,1,1.0,0.3666429758289233,6,374.0,0.1780190257165108,3,27.0,0.5175816120381457,0,3.0,0.3023831463788817
2872.0,20,139.0,1.7820512820512822,6.350788620222929,78,1360.0,17.435897435897434,50.0,0.6410256410256411,17,390.0,0.0,3.639377204393328,10.833333333333334,10.833333333333334,36,3,5.0,0.4251586478715073,2,42.0,0.1687763722366742,1,12.0,0.0,3,19.0,0.0304305459964403,8,303.0,0.1370665892502625,0,9.0,0.7127078806938995,0,0.0,0.9515880136547092
2880.0,15,67.0,0.8589743589743589,5.68698942261643,78,1286.0,16.487179487179485,0.0,0.0,12,439.0,49.0,4.311842165774271,10.975,10.975,40,1,8.0,0.3270774969315835,0,3.0,0.9528873801647468,0,0.0,1.0,3,40.0,0.2883113177290643,6,364.0,0.1246686245079918,2,24.0,0.2407872146307181,0,0.0,0.6362407215962065
2888.0,15,93.0,1.24,6.613112255670514,75,1382.0,18.426666666666662,96.0,1.28,11,407.0,0.0,3.7429532790707936,13.566666666666666,13.566666666666666,30,3,21.0,0.0979667661871036,2,6.0,0.0035776793386065,0,0.0,0.9223529024386878,1,3.0,0.0004047446668145,5,364.0,0.0928137474565991,0,13.0,0.6577885454952384,0,0.0,1.0
2896.0,18,167.0,2.3857142857142857,6.54565224149601,70,1347.0,19.242857142857144,0.0,0.0,15,482.0,75.0,5.432346672849319,12.05,12.05,40,3,45.0,0.0,1,10.0,0.4157094173804876,1,3.0,0.5344983138132088,1,11.0,0.0071174007289404,8,398.0,0.2062758034909445,0,7.0,0.7286091643273923,1,8.0,0.4067555086683995
2904.0,13,169.0,2.380281690140845,7.156527933340543,71,1396.0,19.66197183098592,49.0,0.6901408450704225,11,421.0,0.0,4.110718211110675,15.592592592592592,15.592592592592592,27,0,1.0,0.9366913929160472,0,3.0,0.4922079478410611,0,0.0,0.9892034221051746,3,31.0,0.0002674673572374,7,379.0,0.209656876616798,1,7.0,0.3699465997496068,0,0.0,0.3096483563916017
2912.0,7,181.0,2.7846153846153845,7.257842584831988,65,1221.0,18.784615384615385,0.0,0.0,4,419.0,0.0,5.09883862654014,18.217391304347824,18.217391304347824,23,0,0.0,0.3157103955583502,0,2.0,0.3471288641737494,0,1.0,0.8705138367184171,2,47.0,0.1989230113009591,2,367.0,0.2059709907302955,0,2.0,0.5427389188636699,0,0.0,0.4852502467934432
2920.0,13,238.0,3.966666666666667,7.994457386401577,60,1224.0,20.4,3.0,0.05,9,389.0,0.0,7.778077561655754,15.56,15.56,25,3,13.0,0.2279741234892242,0,0.0,1.0,1,5.0,7.014162647543453e-06,1,35.0,0.1180025150627626,2,326.0,0.6672916792783647,1,4.0,0.703923382234991,1,6.0,0.7147912070607255
2928.0,15,312.0,5.886792452830188,8.049229161774846,53,1067.0,20.132075471698112,0.0,0.0,11,449.0,60.0,6.70880966561728,17.96,17.96,25,4,41.0,0.1415929912175178,0,0.0,1.0,0,0.0,1.0,2,47.0,0.3108391403000775,2,340.0,0.6697057056324608,2,12.0,0.4783053137698363,1,9.0,0.6455250920397114
2936.0,10,109.0,2.056603773584906,7.162980530847463,53,1121.0,21.150943396226417,54.0,1.018867924528302,7,138.0,0.0,5.617796202220784,5.75,5.75,24,0,23.0,0.0803720017808753,0,0.0,0.8476061755260875,0,3.0,0.9121770792122827,1,51.0,0.0,3,16.0,0.3121410930631944,2,28.0,0.4001747957888311,1,17.0,0.6634061978236736
2944.0,13,150.0,2.8846153846153846,6.304325046281391,52,1106.0,21.26923076923077,0.0,0.0,11,450.0,312.0,3.3392669621097832,19.565217391304348,19.565217391304348,23,0,0.0,1.0,2,6.0,0.3062375849377547,0,0.0,1.0,3,69.0,0.2020428635706436,3,305.0,0.160114546267843,2,45.0,0.2461099523081548,1,25.0,0.4608308353574011
2952.0,8,72.0,1.3846153846153846,8.115642046905334,52,1142.0,21.96153846153846,36.0,0.6923076923076923,8,109.0,0.0,4.251667983538542,5.7368421052631575,5.7368421052631575,19,0,0.0,1.0,1,14.0,0.5706965408593322,0,0.0,1.0,1,15.0,0.0336654476626183,5,46.0,0.0777980543671015,0,1.0,0.8217236162220334,1,33.0,0.0
2960.0,3,50.0,1.0416666666666667,9.262979508101392,48,1161.0,24.1875,19.0,0.3958333333333333,3,85.0,0.0,5.967306489689872,6.538461538461538,6.538461538461538,13,0,0.0,1.0,0,0.0,0.9869382764729742,0,0.0,1.0,1,3.0,0.0002715787394046,0,32.0,0.4197720517138445,1,9.0,0.5136325783500365,1,41.0,0.3736788256059905
2968.0,6,59.0,1.3111111111111111,8.826727254432658,45,1084.0,24.08888888888889,0.0,0.0,5,89.0,4.0,5.908249122804645,5.5625,5.5625,16,0,0.0,0.6370562512456848,0,0.0,0.9748305279180338,0,3.0,0.9140895017740608,2,11.0,0.3713766789660149,2,19.0,0.0046043149491854,0,7.0,0.6623128088861947,1,49.0,0.0
2976.0,6,19.0,0.4318181818181818,8.057782491604225,44,1078.0,24.5,0.0,0.0,5,42.0,0.0,6.186759462488775,2.4705882352941178,2.4705882352941178,17,2,8.0,0.3309600572703968,2,3.0,0.4595688656703839,0,3.0,0.8987762490308245,1,11.0,0.0,0,14.0,0.1745110505896274,0,3.0,0.7098370608624656,0,0.0,0.7869890777875793
2984.0,5,33.0,0.7021276595744681,8.710080510411377,47,893.0,19.0,0.0,0.0,4,53.0,11.0,8.398893997174776,2.9444444444444446,2.9444444444444446,18,1,12.0,0.1031210599192036,0,3.0,0.967039788898134,1,12.0,0.5167028034667358,1,19.0,0.0,0,0.0,0.9629331995877048,1,7.0,0.779976385109682,0,0.0,0.971656346984972
2992.0,2,4.0,0.0888888888888888,9.478481778680608,45,854.0,18.977777777777774,0.0,0.0,0,14.0,0.0,9.589878933130452,0.7,0.7,20,0,4.0,0.2486021006543275,0,3.0,0.177509785127162,0,6.0,0.5643199927952955,0,0.0,1.0,0,0.0,0.8668132256234208,0,0.0,0.7036691864497958,0,1.0,0.8613048121945918
3000.0,5,8.0,0.1818181818181818,8.723510856626842,44,845.0,19.204545454545453,0.0,0.0,2,11.0,0.0,7.733409538689195,0.4782608695652174,0.4782608695652174,23,0,0.0,1.0,0,0.0,0.97003721337449,1,8.0,0.757409940729278,0,0.0,0.0150458948921776,0,2.0,0.6945728571618565,1,1.0,0.3881666030459704,0,0.0,0.8896807515795133
3008.0,8,16.0,0.3636363636363636,6.955383529305617,44,628.0,14.272727272727272,0.0,0.0,6,47.0,36.0,6.1347094209797,1.9583333333333333,1.9583333333333333,24,0,0.0,1.0,1,15.0,0.6314568136615069,2,10.0,0.0732583540637349,1,8.0,0.0,1,9.0,0.490157934645417,1,3.0,0.2827964543395925,0,2.0,0.7307456383435705
3016.0,9,57.0,1.2666666666666666,8.417430181267822,45,696.0,15.466666666666669,68.0,1.511111111111111,6,58.0,11.0,7.363985492223248,2.9,2.9,20,0,0.0,1.0,5,35.0,0.0004484567038625,0,3.0,0.2894016213406404,0,0.0,0.5648783779842961,0,4.0,0.8595185554478431,1,11.0,0.7362637434738594,0,5.0,0.907420133496482
3024.0,7,42.0,0.9767441860465116,7.5006645549312125,43,690.0,16.046511627906977,0.0,0.0,3,41.0,0.0,6.331707920849071,2.9285714285714284,2.9285714285714284,14,0,0.0,1.0,0,16.0,0.1201919276491226,0,0.0,1.0,2,8.0,0.0002856442279271,0,0.0,0.8475053613379572,1,17.0,0.369387823880734,0,0.0,1.0
3032.0,7,61.0,1.605263157894737,7.741913018686406,38,674.0,17.736842105263158,0.0,0.0,7,64.0,23.0,5.389008542562721,4.266666666666667,4.266666666666667,15,0,0.0,1.0,1,7.0,0.0,0,0.0,1.0,5,32.0,0.1685258675928638,0,0.0,0.8974227942044506,1,25.0,0.4986012186778636,0,0.0,1.0
3040.0,6,50.0,1.25,6.737299092763135,40,176.0,4.4,0.0,0.0,5,69.0,5.0,4.897065873267285,3.631578947368421,3.631578947368421,19,1,5.0,0.0002843899938068,0,0.0,1.0,0,3.0,0.9168250592684922,2,24.0,0.1276334748021519,1,4.0,0.4303129275255184,1,33.0,0.5716704276552631,0,0.0,0.9239782028061128
3048.0,9,44.0,1.0731707317073171,6.124353198597757,41,230.0,5.609756097560975,54.0,1.3170731707317074,9,70.0,1.0,4.744546498493826,2.6923076923076925,2.6923076923076925,26,1,13.0,0.1564243142622108,0,0.0,0.0517126000867255,1,7.0,0.4665855912829424,4,28.0,0.1881636688341924,2,19.0,0.2214042331043829,1,3.0,0.5950213915349247,0,0.0,0.3884800495460948
3056.0,12,87.0,2.0232558139534884,6.697833077370544,43,287.0,6.674418604651163,57.0,1.3255813953488371,11,114.0,44.0,5.0746266941781775,5.7,5.7,20,0,0.0,1.0,1,8.0,0.0,2,19.0,0.0001355950670415,7,78.0,2.4291323223768148e-06,0,6.0,0.9603561643646276,1,3.0,0.5616925714585167,0,0.0,0.9772080164465796
3064.0,8,40.0,0.9523809523809524,7.114062068079288,42,331.0,7.880952380952381,44.0,1.0476190476190477,7,77.0,0.0,4.3296903951247145,4.529411764705882,4.529411764705882,17,0,0.0,1.0,0,1.0,0.9932209940989378,0,0.0,1.0,2,58.0,0.1496539943702014,0,3.0,0.6199962978124407,5,15.0,0.2657304948851262,0,0.0,1.0
3072.0,4,17.0,0.4146341463414634,8.726810585226977,41,349.0,8.512195121951219,18.0,0.4390243902439024,4,40.0,0.0,6.222756976647604,4.444444444444445,4.444444444444445,9,0,0.0,1.0,1,4.0,7.536704684044111e-06,0,0.0,0.9191216027878644,3,33.0,6.850190256103233e-05,0,3.0,0.9418874482719926,0,0.0,0.3001152220060892,0,0.0,0.8186318996971916
3080.0,5,39.0,1.0,10.344627683808683,39,258.0,6.615384615384615,0.0,0.0,3,75.0,35.0,10.14958942641076,3.947368421052632,3.947368421052632,19,0,0.0,1.0,0,3.0,0.8095477193418849,0,0.0,0.9464010216533302,3,57.0,0.0315291670875963,0,8.0,0.9538640316636474,0,0.0,0.7620619944032382,0,7.0,0.9522927492981698
3088.0,10,78.0,1.7727272727272727,7.683838074728023,44,269.0,6.113636363636363,11.0,0.25,8,108.0,33.0,5.478485417009776,5.684210526315789,5.684210526315789,19,0,0.0,1.0,0,0.0,0.9454039672783728,0,4.0,0.9492471706007888,4,89.0,0.1418184556631052,0,2.0,0.6992678060807201,2,5.0,0.1254992697037651,2,8.0,0.1512414094489307
3096.0,13,133.0,3.022727272727273,7.319319007585967,44,308.0,7.0,39.0,0.8863636363636364,12,154.0,46.0,3.1854393906930483,7.7,7.7,20,0,0.0,1.0,0,0.0,0.7442918551635455,1,3.0,0.0,7,128.0,0.0921712525112309,1,5.0,0.4923369194249395,3,18.0,0.1346765533941586,0,0.0,0.0081726952220331
3104.0,4,16.0,0.3720930232558139,8.900016161725395,43,307.0,7.1395348837209305,0.0,0.0,3,41.0,0.0,7.288904977326667,3.1538461538461537,3.1538461538461537,13,0,0.0,1.0,1,3.0,0.6514420995883304,0,0.0,0.1247087393125719,0,17.0,0.3154411208621865,2,21.0,0.5195167228953049,0,0.0,0.9273555502831384,0,0.0,1.0
3112.0,6,43.0,0.9347826086956522,9.072992019139935,46,339.0,7.369565217391305,32.0,0.6956521739130435,5,83.0,42.0,7.386884279055726,4.15,4.15,20,0,0.0,1.0,1,11.0,0.0,0,0.0,0.940994648550476,2,26.0,0.345270007867157,2,40.0,0.5701800741676069,0,3.0,0.6451779963096532,0,3.0,0.5513265460359189
3120.0,10,91.0,2.2195121951219514,6.751317200289186,41,302.0,7.365853658536586,0.0,0.0,10,124.0,41.0,4.20403967707248,5.166666666666667,5.166666666666667,24,0,0.0,0.9578842559780988,0,0.0,0.4781569877168104,1,4.0,0.3314998080655197,2,45.0,0.3158977876832941,7,75.0,0.1458577612789847,0,0.0,0.9162927588991304,0,0.0,0.0119214108468853
3128.0,6,38.0,1.0,6.931406079528659,38,304.0,8.0,2.0,0.0526315789473684,5,79.0,0.0,5.494153026053538,3.95,3.95,20,0,0.0,0.9978257249604676,2,8.0,0.0014989084532236,1,12.0,0.2683493615304829,0,4.0,0.2536352954801642,2,52.0,0.3417407169369869,0,3.0,0.6754905171409054,0,0.0,1.0
3136.0,3,33.0,0.8918918918918919,8.852219912180438,37,278.0,7.513513513513513,0.0,0.0,3,63.0,0.0,8.681466833198686,3.0,3.0,21,0,0.0,0.9954750909316684,0,0.0,0.7227750319937558,2,27.0,0.0,0,0.0,0.9964564843163398,0,19.0,0.6434738157669916,1,17.0,0.6870490755172178,0,0.0,0.310482380003852
3144.0,5,7.0,0.1891891891891892,9.151522635918262,37,245.0,6.621621621621622,0.0,0.0,3,22.0,0.0,7.919248736759608,1.6923076923076923,1.6923076923076923,13,0,0.0,1.0,0,0.0,1.0,0,0.0,1.0,0,0.0,1.0,3,15.0,0.3922983706512027,0,4.0,0.6028570262023206,0,3.0,0.8618990252800381
3152.0,5,13.0,0.4193548387096774,9.518458890953935,31,187.0,6.032258064516129,0.0,0.0,4,29.0,7.0,8.635617751768542,1.7058823529411764,1.7058823529411764,17,0,0.0,1.0,0,0.0,0.989936122926436,0,6.0,0.9581499188057276,0,0.0,0.9102609649005172,0,0.0,1.0,3,20.0,0.2762643160940199,1,3.0,0.6428413306210283
3160.0,10,61.0,1.6944444444444444,6.257580787456408,36,206.0,5.722222222222222,19.0,0.5277777777777778,9,71.0,42.0,2.912855249394803,3.9444444444444446,3.9444444444444446,18,0,0.0,0.1436918485388034,1,4.0,0.0002590953313567,0,0.0,0.8201796896706246,2,9.0,1.8709490555508022e-05,0,0.0,1.0,4,52.0,0.3221714543394877,2,6.0,0.0142445668274339
3168.0,9,80.0,2.0,6.977312191905417,40,284.0,7.1,78.0,1.95,8,95.0,24.0,4.367853126886008,5.277777777777778,5.277777777777778,18,0,0.0,1.0,2,15.0,0.0456620001381057,0,0.0,0.7029393979592943,1,16.0,0.467765817808293,0,0.0,0.7808336766223978,5,63.0,0.122566700274903,0,1.0,0.3548068208434506
3176.0,10,80.0,1.7777777777777777,7.673853921876119,45,263.0,5.844444444444444,0.0,0.0,7,85.0,0.0,4.530950966369924,5.666666666666667,5.666666666666667,15,0,0.0,0.0943706324461705,4,43.0,6.321593668782809e-06,1,1.0,0.4624589143973902,1,21.0,0.0,0,3.0,0.91315369177598,1,14.0,0.3933398095447674,0,3.0,0.8370819540680352
3184.0,7,59.0,1.0925925925925926,8.142978305729676,54,314.0,5.814814814814815,51.0,0.9444444444444444,7,103.0,18.0,6.521341348507144,3.678571428571429,3.678571428571429,28,0,0.0,1.0,0,25.0,0.4311469011528208,0,0.0,0.5292241059628041,2,30.0,0.3888851111352381,0,3.0,0.8925447157937265,5,35.0,0.2279216792705349,0,10.0,0.7517791141910167
3192.0,14,96.0,1.6551724137931034,6.978547903650164,58,353.0,6.086206896551724,39.0,0.6724137931034483,10,128.0,25.0,6.105324746150145,5.333333333333333,5.333333333333333,24,0,0.0,1.0,4,41.0,0.2686433594306792,0,3.0,0.970442668634512,3,44.0,0.1596239553791901,2,8.0,0.5138140669392779,1,32.0,0.518654608895931,0,0.0,0.8812694843748703
3200.0,10,71.0,1.2241379310344829,7.090319910565297,58,337.0,5.810344827586207,0.0,0.0,6,104.0,0.0,6.291825205536554,4.0,4.0,26,0,0.0,1.0,2,32.0,0.1219409783938317,1,1.0,0.0012892343242673,0,0.0,0.5458675723869709,1,30.0,0.8136243739140814,1,40.0,0.431945404475348,1,1.0,0.3244985077192146
3208.0,8,59.0,0.9833333333333332,7.316039540385245,60,368.0,6.133333333333334,31.0,0.5166666666666667,7,98.0,0.0,6.244375272663116,3.5,3.5,28,0,0.0,1.0,3,22.0,0.006774853359092,0,0.0,0.981096541690378,0,0.0,1.0,2,25.0,0.5059211246240872,1,49.0,0.6984380254833331,1,2.0,0.1550843098568915
3216.0,8,73.0,1.2166666666666666,6.969855094155266,60,337.0,5.616666666666666,0.0,0.0,6,103.0,5.0,4.420952002040346,4.681818181818182,4.681818181818182,22,0,0.0,1.0,0,15.0,0.2550545261810394,0,0.0,1.0,1,5.0,0.4818386525560797,2,13.0,0.305819021709973,2,60.0,0.3137291679698683,1,10.0,0.4061157884664401
3224.0,5,85.0,1.3492063492063493,9.276496248275482,63,353.0,5.603174603174603,16.0,0.2539682539682539,5,104.0,1.0,7.714925004556732,4.727272727272728,4.727272727272728,22,1,1.0,0.5928909402992865,0,3.0,0.9498653496399084,0,5.0,0.9753077296614524,1,8.0,0.3513284952180485,1,9.0,0.5769811248153439,1,60.0,0.5563580817742518,1,18.0,0.3520820118157293
3232.0,8,120.0,1.9672131147540983,8.82857937356881,61,327.0,5.360655737704918,0.0,0.0,8,137.0,33.0,7.459467805167114,4.724137931034483,4.724137931034483,29,1,8.0,0.6456681582790108,0,0.0,1.0,2,6.0,0.3261694250493406,0,0.0,0.6503163644670855,3,26.0,0.6309997531086422,1,67.0,0.3610102453856437,1,30.0,0.6026453733076502
3240.0,5,97.0,1.4923076923076923,8.767097567081054,65,347.0,5.338461538461538,20.0,0.3076923076923077,3,95.0,0.0,7.942647381401687,4.523809523809524,4.523809523809524,21,1,12.0,0.0,0,0.0,0.946121366682807,0,0.0,1.0,1,5.0,0.0880420801512361,0,0.0,0.6892803067186927,1,78.0,0.6335028997699744,0,0.0,0.4228870809297406
3248.0,7,132.0,2.4444444444444446,9.258640820852126,54,266.0,4.925925925925926,0.0,0.0,6,122.0,27.0,8.31727281722167,5.083333333333333,5.083333333333333,24,0,0.0,1.0,0,0.0,0.9901356887283002,0,0.0,0.9680416405445244,2,21.0,0.4259339305997262,3,15.0,0.5011560312923862,1,86.0,0.7203975330451993,0,0.0,0.9635706119006064
3256.0,12,141.0,2.764705882352941,7.667187129814911,51,302.0,5.921568627450981,36.0,0.7058823529411765,10,140.0,18.0,6.125223053466927,5.384615384615385,5.384615384615385,26,0,0.0,1.0,3,6.0,0.1927440037422709,1,2.0,0.4634008483324658,4,24.0,0.2480137322222646,1,14.0,0.6480331004261695,1,94.0,0.4149824601949597,0,0.0,0.8895265396624314
3264.0,7,175.0,3.431372549019608,7.839338016820944,51,332.0,6.509803921568627,30.0,0.5882352941176471,4,169.0,29.0,7.069779266929809,7.041666666666667,7.041666666666667,24,0,0.0,1.0,1,8.0,0.0,0,3.0,0.8982438036436855,1,30.0,0.2337067098681638,1,22.0,0.7238690923505164,1,106.0,0.654879792420776,0,0.0,0.3837390930693876
3272.0,11,122.0,2.067796610169492,7.984260635322399,59,398.0,6.745762711864407,66.0,1.11864406779661,9,91.0,0.0,5.922264790742231,3.64,3.64,25,0,0.0,0.990154451347243,0,0.0,0.940882436792308,0,0.0,1.0,8,59.0,0.154578477630757,1,30.0,0.736685976617052,0,0.0,0.4015279733291635,0,2.0,0.7394266370349891
3280.0,6,61.0,1.0338983050847457,8.676762083222924,59,423.0,7.169491525423729,25.0,0.423728813559322,5,97.0,6.0,6.458246237404119,4.217391304347826,4.217391304347826,23,0,0.0,1.0,1,3.0,0.4609813182337991,0,10.0,0.9327162409136832,2,74.0,0.2695594734160051,1,5.0,0.6292522056292459,1,5.0,0.2718982282861317,0,0.0,0.0234438383872776
3288.0,14,73.0,1.351851851851852,6.8365013504417576,54,357.0,6.611111111111111,0.0,0.0,14,123.0,26.0,2.777171565410681,5.125,5.125,24,0,0.0,1.0,0,0.0,0.5956876022241664,0,0.0,1.0,6,75.0,0.2206539884768937,5,27.0,0.2141297235472715,2,17.0,0.0,1,4.0,1.0360112096441478e-05
3296.0,5,39.0,0.75,8.057942295020215,52,399.0,7.673076923076923,42.0,0.8076923076923077,3,64.0,0.0,6.036568298294672,4.266666666666667,4.266666666666667,15,0,0.0,1.0,1,2.0,0.4560079677590987,0,0.0,1.0,0,4.0,0.4464323652390941,0,20.0,0.3410414025432157,2,38.0,0.5037127894008288,0,0.0,0.7752394844608811
3304.0,3,14.0,0.2592592592592592,9.248573506274116,54,410.0,7.592592592592593,11.0,0.2037037037037037,3,52.0,0.0,6.714929689005876,2.6,2.6,20,0,0.0,1.0,1,13.0,0.4554283358915121,0,0.0,0.9811860302776992,1,6.0,0.0057295033384986,1,24.0,0.397328083169676,0,9.0,0.7309717957320708,0,0.0,1.0
3312.0,8,19.0,0.38,7.839953840495698,50,366.0,7.32,0.0,0.0,5,47.0,0.0,5.915401686752726,2.0434782608695654,2.0434782608695654,23,0,0.0,0.9668871384946592,1,5.0,0.2854414574059638,0,3.0,0.8819222745563454,0,0.0,0.3215159758733692,1,16.0,0.2548451690892916,3,20.0,0.4722352965083892,0,3.0,0.5408883136801291
3320.0,7,23.0,0.4791666666666667,9.11505109139678,48,363.0,7.5625,0.0,0.0,2,24.0,0.0,10.004881219295966,1.411764705882353,1.411764705882353,17,0,0.0,1.0,1,5.0,0.4601590910006722,0,0.0,0.99225904222557,0,0.0,1.0,1,8.0,0.4772999033534463,0,8.0,0.9173467572365052,0,3.0,0.8074631636246441
3328.0,7,17.0,0.3541666666666667,8.402721822657968,48,348.0,7.25,0.0,0.0,7,36.0,12.0,6.83947734134653,1.5,1.5,24,2,3.0,0.2445716217928661,0,0.0,0.3466452657514193,0,0.0,1.0,0,0.0,1.0,2,20.0,0.5039526879177398,3,10.0,0.3537186959506727,0,3.0,0.9187568826295756
3336.0,7,32.0,0.8,7.452862265382078,40,333.0,8.325,0.0,0.0,7,50.0,14.0,5.705780677293464,2.9411764705882355,2.9411764705882355,17,1,1.0,0.0029550573548584,1,4.0,0.6054240403989325,0,3.0,0.9131243794529372,0,0.0,0.975129391004705,5,38.0,0.1605862099700511,0,4.0,0.4069699019222856,0,0.0,0.7542490342396201
3344.0,7,18.0,0.4390243902439024,8.328644431876924,41,344.0,8.390243902439025,11.0,0.2682926829268293,4,57.0,7.0,8.535697201988766,2.85,2.85,20,0,0.0,1.0,2,13.0,2.7863134406857667e-05,1,8.0,0.336388168119216,1,2.0,0.0007028556474956,0,18.0,0.6048781102826363,0,3.0,0.8943578044491701,0,13.0,0.8384018034392269
3352.0,4,15.0,0.3488372093023256,8.285551689864407,43,351.0,8.162790697674419,7.0,0.1627906976744186,4,43.0,0.0,5.72922730522223,3.071428571428572,3.071428571428572,14,0,0.0,1.0,0,3.0,0.0114212642547758,1,0.0,0.4666385751172579,0,0.0,0.3260855841429894,2,27.0,0.3233465961815555,1,13.0,0.6067430220430452,0,0.0,0.3764387643679119
3360.0,4,11.0,0.2444444444444444,9.25999354189122,45,217.0,4.822222222222222,0.0,0.0,3,20.0,0.0,8.539662918518042,1.6666666666666667,1.6666666666666667,12,0,0.0,1.0,2,16.0,0.0003277653176323,0,0.0,0.8483515063456808,1,1.0,0.4625299961188717,0,3.0,0.8426654946259187,0,0.0,0.6126375975997573,0,0.0,0.9816986427076376
3368.0,5,24.0,0.5106382978723404,9.033429027859343,47,210.0,4.468085106382978,0.0,0.0,5,37.0,17.0,6.904464907377238,1.681818181818182,1.681818181818182,22,0,4.0,0.8108073097513181,0,3.0,0.6822215284697966,0,0.0,0.1958675200875625,2,13.0,7.524200491712152e-05,1,9.0,0.5621692071703824,2,8.0,0.4119575890265805,0,0.0,0.8954805319596277
3376.0,4,14.0,0.3181818181818182,8.140217087764244,44,181.0,4.113636363636363,0.0,0.0,3,27.0,0.0,7.6614552924816355,1.35,1.35,20,0,0.0,1.0,2,12.0,0.3184581400219431,0,1.0,0.8790462083580247,1,2.0,0.0757368528012331,0,1.0,0.7322593978189745,0,11.0,0.4829133260443538,0,0.0,1.0
3384.0,8,28.0,0.6363636363636364,8.918723062951583,44,154.0,3.5,0.0,0.0,5,37.0,10.0,8.552898252273168,1.761904761904762,1.761904761904762,21,0,0.0,1.0,0,0.0,0.9004468164548478,0,5.0,0.7501997753187686,2,8.0,0.0012577303350925,2,17.0,0.5896074611216313,1,7.0,0.6396908425612706,0,0.0,0.7194119524015146
3392.0,3,20.0,0.4,9.18329123453885,50,167.0,3.34,13.0,0.26,1,31.0,0.0,8.512288439159999,1.4761904761904765,1.4761904761904765,21,0,0.0,0.084697563738422,0,0.0,1.0,0,0.0,0.9446595295724204,1,14.0,0.6094887329990532,0,7.0,0.6575945209485551,0,10.0,0.5531627244818172,0,0.0,0.936998107066306
3400.0,7,43.0,0.8113207547169812,9.225575170650146,53,208.0,3.924528301886793,41.0,0.7735849056603774,3,30.0,0.0,8.270901941038558,1.3636363636363635,1.3636363636363635,22,0,4.0,0.7248801609099519,0,0.0,0.9241385130039378,0,3.0,0.9832562315431456,1,2.0,0.3534011748469071,0,0.0,0.5898130685020943,2,21.0,0.5166094136874924,0,0.0,0.9524839732069642
3408.0,11,35.0,0.6862745098039216,7.62799209199794,51,217.0,4.254901960784314,9.0,0.1764705882352941,11,45.0,15.0,4.216965958344242,1.6666666666666667,1.6666666666666667,27,0,0.0,0.2296555348018599,1,1.0,0.7225439220612299,0,0.0,1.0,2,12.0,4.232698991027614e-06,4,17.0,0.1906970054064843,3,13.0,0.1560458816500614,1,2.0,0.5635747196750439
3416.0,6,33.0,0.7857142857142857,7.1490250861465965,42,198.0,4.714285714285714,0.0,0.0,6,56.0,11.0,4.328613668659788,3.294117647058824,3.294117647058824,17,0,0.0,0.732867601282271,2,3.0,0.3982218507166172,0,0.0,1.0,0,0.0,1.0,1,23.0,0.1616393927055153,1,16.0,0.3467246866001953,2,14.0,0.0
3424.0,5,55.0,1.3095238095238095,8.91312036871636,42,225.0,5.357142857142857,27.0,0.6428571428571429,4,82.0,26.0,6.549970654991705,4.823529411764706,4.823529411764706,17,1,4.0,0.4583404989396314,0,0.0,1.0,0,0.0,1.0,0,0.0,0.9279528416985494,0,19.0,0.3888650452097423,1,27.0,0.6080362079245049,2,32.0,0.4148385246488176
3432.0,4,34.0,0.7727272727272727,9.281091060797136,44,226.0,5.136363636363637,1.0,0.0227272727272727,4,51.0,0.0,7.082448809078834,2.6842105263157894,2.6842105263157894,19,0,0.0,0.539579989936098,1,4.0,0.4252824742933164,0,3.0,0.6460402577346599,0,0.0,1.0,2,15.0,0.4226670742194721,1,29.0,0.0,0,0.0,0.9201511800709504
3440.0,5,49.0,1.3243243243243243,7.372572345476052,37,166.0,4.486486486486487,0.0,0.0,4,59.0,8.0,5.15017164764281,4.214285714285714,4.214285714285714,14,0,0.0,1.0,1,7.0,0.116826622643416,1,9.0,0.5863899856737538,0,0.0,0.7076462124017091,1,2.0,0.0008597592121213,1,41.0,0.3775484922372122,0,0.0,1.0
3448.0,10,83.0,1.8863636363636365,7.430864333947411,44,186.0,4.227272727272728,20.0,0.4545454545454545,8,95.0,36.0,4.733153141283685,5.588235294117647,5.588235294117647,17,0,0.0,1.0,4,21.0,0.0001179563017549,1,8.0,0.3892618064251427,1,4.0,0.0,1,10.0,0.276097498569491,1,52.0,0.5623159503986186,0,0.0,0.9054300717884246
3456.0,12,78.0,1.471698113207547,7.254935955059535,53,201.0,3.792452830188679,15.0,0.2830188679245283,10,99.0,4.0,6.293711382533857,4.125,4.125,24,0,0.0,1.0,3,34.0,0.1943760259630454,1,17.0,0.8121274988616732,1,12.0,0.0,1,21.0,0.6178107450457551,4,15.0,0.2985855514443758,0,0.0,1.0
3464.0,12,68.0,1.0625,7.967973020624615,64,276.0,4.3125,75.0,1.171875,10,79.0,0.0,4.797819570694805,3.4347826086956523,3.4347826086956523,23,0,0.0,0.6969409510417633,1,1.0,0.1901645109752966,1,7.0,0.4608802467956385,0,0.0,0.96667755138117,1,5.0,0.5070998833592135,7,63.0,0.1014193940694622,0,3.0,0.9567407549066238
3472.0,8,23.0,0.3066666666666666,8.728210360814733,75,345.0,4.6,69.0,0.92,2,36.0,0.0,9.09983829505166,2.0,2.0,18,2,9.0,9.74914486674972e-05,0,1.0,0.8234616351862682,0,0.0,0.8185415298530216,0,0.0,1.0,0,0.0,0.6829087088963587,0,23.0,0.6184794870576602,0,3.0,0.7914830033467015
3480.0,10,23.0,0.2875,8.593129646083442,80,331.0,4.1375,0.0,0.0,8,58.0,22.0,7.250886922645253,1.6571428571428573,1.6571428571428573,35,1,2.0,0.2246762290582808,1,7.0,0.7615409013494174,1,11.0,0.5539047971139294,0,3.0,0.7128041139945895,4,20.0,0.390714626418671,1,5.0,0.6457967543669715,0,10.0,0.4845719484976321
3488.0,13,42.0,0.5060240963855421,7.6115562097442515,83,396.0,4.771084337349397,65.0,0.7831325301204819,12,108.0,50.0,6.129723705692875,2.7,2.7,40,0,1.0,0.6757325155126415,2,7.0,0.484381828382405,0,7.0,0.6842333068229007,2,13.0,0.2985814657188515,0,22.0,0.6679952299067728,5,32.0,0.2942917729030451,3,26.0,0.1068441543074676
3496.0,9,39.0,0.4814814814814814,8.039999296765595,81,444.0,5.481481481481482,48.0,0.5925925925925926,8,110.0,2.0,4.859725643679801,3.235294117647059,3.235294117647059,34,0,0.0,0.735736320864607,3,25.0,0.2201103827566516,2,9.0,0.3195509092233304,1,21.0,0.1944875580056199,2,24.0,0.2525822996466795,0,25.0,0.6558014203222349,0,6.0,0.4892639786817518
3504.0,16,60.0,0.8823529411764706,6.70731819170486,68,398.0,5.852941176470588,0.0,0.0,15,141.0,31.0,4.195212547418122,3.810810810810811,3.810810810810811,37,2,10.0,0.3144161101325001,7,55.0,0.2818794117048483,0,0.0,0.8129575585160509,1,2.0,0.203302252444222,0,28.0,0.3904242729080524,5,46.0,0.1094168318635789,0,0.0,1.0
3512.0,18,102.0,1.5454545454545454,6.190027938034501,66,452.0,6.848484848484849,54.0,0.8181818181818182,16,155.0,14.0,3.734940093864399,4.696969696969697,4.696969696969697,33,1,7.0,0.2051243378091511,12,100.0,0.1147539132187087,0,0.0,0.9081205931924716,2,10.0,0.3210589588837546,1,15.0,0.0704917406760042,0,18.0,0.7677098326307114,0,5.0,0.8968742801085046
3520.0,7,49.0,0.7424242424242424,8.001681860236378,66,488.0,7.393939393939394,36.0,0.5454545454545454,7,141.0,0.0,5.522187975336008,4.862068965517241,4.862068965517241,29,1,5.0,0.0,1,62.0,0.2363132443862368,0,0.0,0.5919728876774041,3,28.0,0.0002916801201681,2,41.0,0.4221740437855594,0,0.0,0.7190662857215102,0,5.0,0.9469356975229238
3528.0,11,39.0,0.5909090909090909,7.675547271739278,66,480.0,7.272727272727272,0.0,0.0,6,68.0,0.0,4.700058203176977,2.9565217391304346,2.9565217391304346,23,1,13.0,0.1165607121343244,0,8.0,0.4542931622679682,0,0.0,0.2504240511363944,1,13.0,0.388729443280886,0,19.0,0.3499777941666359,0,3.0,0.8905702838160307,4,12.0,0.020235821513143
3536.0,11,53.0,0.7066666666666667,8.467490023052068,75,546.0,7.28,66.0,0.88,7,87.0,19.0,8.636848304566444,3.107142857142857,3.107142857142857,28,2,28.0,0.3177418351040892,0,0.0,1.0,1,23.0,0.8330172233643854,2,11.0,0.0001586655168826,2,18.0,0.585367944644151,0,7.0,0.7889287459494119,0,0.0,0.3032686871409329
3544.0,10,63.0,0.7682926829268293,8.349170122767745,82,528.0,6.439024390243903,0.0,0.0,9,89.0,2.0,6.593991437623385,2.617647058823529,2.617647058823529,34,3,46.0,0.0080964842144397,0,0.0,1.0,2,6.0,0.5766168944665632,0,0.0,0.1252357490738523,4,35.0,0.1715044365769663,0,2.0,0.7480033100008945,0,0.0,0.7327438942927879
3552.0,12,101.0,1.188235294117647,8.020638959903549,85,442.0,5.2,0.0,0.0,8,108.0,19.0,7.452980827923572,3.176470588235294,3.176470588235294,34,4,77.0,0.0,0,0.0,0.942182660406256,0,3.0,0.55515106206905,0,2.0,0.1478085131382664,1,19.0,0.7712052163745643,2,6.0,0.5666404098632695,1,1.0,0.6378366733312164
3560.0,16,170.0,1.976744186046512,6.892381029942028,86,459.0,5.337209302325581,17.0,0.1976744186046511,14,187.0,79.0,4.011465010397046,4.4523809523809526,4.4523809523809526,42,4,109.0,0.2417566417571004,1,6.0,0.3954446973936026,1,5.0,0.3652840031006032,0,0.0,0.3019551070103896,4,47.0,0.3115319701439226,4,20.0,0.0783968207689623,0,0.0,0.4156354007425518
3568.0,19,215.0,2.654320987654321,6.029326392701959,81,493.0,6.08641975308642,34.0,0.419753086419753,15,244.0,57.0,3.20057535374072,6.1,6.1,40,5,147.0,0.2162204836958083,1,10.0,0.2186564238783718,3,18.0,0.1529331787338547,2,6.0,0.0716715039638841,2,34.0,0.2939676601934431,2,27.0,0.2890117143296991,0,2.0,0.1508900908545467
3576.0,16,246.0,3.28,7.817287831946039,75,570.0,7.6,77.0,1.0266666666666666,14,313.0,69.0,5.621727680967678,8.236842105263158,8.236842105263158,38,5,187.0,0.0,4,23.0,0.0377418855771238,1,15.0,0.2890528342334273,2,22.0,0.3045322254748056,0,26.0,0.7953882537921036,2,40.0,0.5651314770323267,0,0.0,1.0
3584.0,6,31.0,0.3974358974358974,7.982203657830651,78,605.0,7.756410256410256,35.0,0.4487179487179487,6,108.0,0.0,6.755112177687369,2.8421052631578947,2.8421052631578947,38,0,53.0,0.4386558265780403,2,27.0,0.2239765509630326,0,1.0,0.3075073390512067,2,4.0,0.4091248985088619,0,12.0,0.7457385280937218,2,11.0,0.5600756286895995,0,0.0,0.6407958945108678
3592.0,11,54.0,0.6585365853658537,8.056691105865193,82,631.0,7.695121951219512,26.0,0.3170731707317073,11,85.0,0.0,5.651579151304858,2.1794871794871797,2.1794871794871797,39,0,3.0,0.453645357791035,1,19.0,0.3474097201530451,0,0.0,1.0,10,49.0,0.0837667287592064,0,6.0,0.7714947483570397,0,0.0,0.5749869183433811,0,8.0,0.6974933519187857
3600.0,12,100.0,1.36986301369863,8.135094581757091,73,650.0,8.904109589041095,19.0,0.2602739726027397,10,143.0,58.0,6.843175353985232,4.085714285714285,4.085714285714285,35,1,12.0,0.0312236104254395,1,25.0,0.4634007968016225,0,0.0,0.9894691086184816,8,97.0,0.0881637706534236,0,3.0,0.91238648133643,0,0.0,0.8904500175175719,0,6.0,0.8312035057238417
