step,system_total_stopped,system_total_waiting_time,system_mean_waiting_time,system_mean_speed,system_cars_present,system_accumulated_waiting_time (100),system_accumulated_mean_waiting_time (100),system_accumulated_waiting_time (delta),system_accumulated_mean_waiting_time (delta),agents_total_stopped,agents_total_accumulated_waiting_time (100),agents_total_accumulated_waiting_time (delta),agents_mean_speed,agents_mean_waiting_time (100),agents_mean_waiting_time (delta),agents_cars_present,Ing7_1_stopped,Ing7_1_accumulated_waiting_time,Ing7_1_average_speed,Ing7_2_stopped,Ing7_2_accumulated_waiting_time,Ing7_2_average_speed,Ing7_3_stopped,Ing7_3_accumulated_waiting_time,Ing7_3_average_speed,Ing7_4_stopped,Ing7_4_accumulated_waiting_time,Ing7_4_average_speed,Ing7_5_stopped,Ing7_5_accumulated_waiting_time,Ing7_5_average_speed,Ing7_6_stopped,Ing7_6_accumulated_waiting_time,Ing7_6_average_speed,Ing7_7_stopped,Ing7_7_accumulated_waiting_time,Ing7_7_average_speed
8.0,0,0.0,0.0,8.042485662739033,6,0.0,0.0,0.0,0.0,0.0,0.0,0.0,8.132467425531834,0.0,0.0,4.0,0,0.0,1.0,0,0.0,1.0,0.0,0.0,0.6309148491908247,0.0,0.0,1.0,0.0,0.0,1.0,0.0,0.0,0.1670007465315767,0.0,0.0,0.9360406981683712
16.0,3,1.0,0.0666666666666666,5.039073473429564,15,1.0,0.0666666666666666,1.0,0.0666666666666666,2.0,1.0,1.0,2.39875554946457,0.1666666666666666,0.1666666666666666,6.0,0,0.0,1.0,0,0.0,1.0,2.0,1.0,0.0812978718790313,0.0,0.0,1.0,0.0,0.0,1.0,0.0,0.0,0.3371972851523251,0.0,0.0,1.0
24.0,3,8.0,0.3478260869565217,7.797788035549031,23,14.0,0.6086956521739131,13.0,0.5652173913043478,1.0,8.0,7.0,8.989091429167031,1.1428571428571428,1.1428571428571428,7.0,0,0.0,1.0,0,0.0,1.0,0.0,0.0,0.5674767134933502,0.0,0.0,1.0,0.0,0.0,0.9518270625355664,1.0,8.0,0.4685832183877312,0.0,0.0,1.0
32.0,2,3.0,0.09375,8.792721931406419,32,20.0,0.625,6.0,0.1875,2.0,6.0,0.0,7.53195220049642,0.5,0.5,12.0,0,0.0,1.0,0,0.0,1.0,0.0,0.0,0.9585358786483286,0.0,0.0,1.0,0.0,3.0,0.7367923328900354,2.0,3.0,0.4141994491377123,0.0,0.0,1.0
40.0,3,4.0,0.0952380952380952,9.13986942690774,42,34.0,0.8095238095238095,14.0,0.3333333333333333,2.0,13.0,7.0,8.846583999044693,0.6842105263157895,0.6842105263157895,19.0,0,0.0,1.0,1,6.0,0.7337263091386267,1.0,3.0,0.0001008441665427,0.0,0.0,0.9558742675185272,0.0,3.0,0.7836112668451798,0.0,1.0,0.5641607917124436,0.0,0.0,0.8027666024918516
48.0,8,23.0,0.4791666666666667,8.456973649319604,48,63.0,1.3125,29.0,0.6041666666666666,4.0,29.0,16.0,8.67044525804646,1.16,1.16,25.0,0,0.0,1.0,2,9.0,0.2805459523673481,0.0,0.0,1.0,0.0,1.0,0.753052132622884,0.0,8.0,0.8957852957731003,2.0,11.0,0.5083809727903171,0.0,0.0,0.8784131286509256
56.0,7,26.0,0.52,8.26486785459026,50,96.0,1.92,33.0,0.66,6.0,34.0,5.0,6.601096753025192,1.4166666666666667,1.4166666666666667,24.0,0,0.0,1.0,0,0.0,0.349383496647758,0.0,0.0,1.0,1.0,7.0,0.6049915038618224,0.0,7.0,0.7586828878302452,5.0,20.0,0.3172953861056898,0.0,0.0,1.0
64.0,13,91.0,1.625,7.452016137040753,56,161.0,2.875,65.0,1.1607142857142858,13.0,104.0,70.0,5.061233870820165,3.851851851851852,3.851851851851852,27.0,0,0.0,1.0,0,3.0,0.9155689781712576,0.0,3.0,0.9412374050865095,0.0,0.0,0.5105988363025228,1.0,11.0,0.4898215493296681,11.0,87.0,0.1178948955118002,1.0,0.0,0.4416351323927168
72.0,12,38.0,0.6440677966101694,5.920806948696769,59,243.0,4.11864406779661,82.0,1.3898305084745763,9.0,110.0,6.0,4.540922013998086,3.6666666666666665,3.6666666666666665,30.0,3,16.0,0.0068497716799979,0,0.0,1.0,1.0,5.0,0.3145409578535598,2.0,9.0,0.3082867879505898,0.0,2.0,0.6217316535060742,1.0,72.0,0.2578451438671131,2.0,6.0,0.4823287100691854
80.0,13,67.0,1.0634920634920637,7.2583016880719455,63,332.0,5.26984126984127,89.0,1.4126984126984128,8.0,117.0,7.0,6.148265572130074,4.0344827586206895,4.0344827586206895,29.0,4,47.0,0.0037582371137014,0,0.0,1.0,0.0,0.0,0.6365918162774092,1.0,6.0,0.2677795113707463,0.0,10.0,0.9520669843765772,2.0,51.0,0.4589855958232836,1.0,3.0,0.4753886357466247
88.0,15,109.0,1.676923076923077,6.885140840029315,65,422.0,6.492307692307692,90.0,1.3846153846153846,12.0,124.0,7.0,5.138824414254262,3.875,3.875,32.0,0,0.0,0.4751430112950933,0,0.0,0.9313579866051592,1.0,1.0,0.5006437891924665,2.0,19.0,0.3317228821531665,1.0,9.0,0.631764477820155,7.0,90.0,0.1130929996117386,1.0,5.0,0.0
96.0,15,83.0,1.3174603174603174,6.438631720104354,63,485.0,7.698412698412699,63.0,1.0,13.0,196.0,72.0,3.729232043723656,6.125,6.125,32.0,0,0.0,1.0,1,4.0,0.6358940267627623,3.0,17.0,0.2976874931180472,2.0,15.0,0.0002987500908637,0.0,9.0,0.5571929293928273,7.0,151.0,0.0633767672749883,0.0,0.0,0.9363471222772988
104.0,3,5.0,0.0892857142857142,5.96244083379088,56,436.0,7.785714285714286,0.0,0.0,1.0,152.0,0.0,2.894294148635229,6.08,6.08,25.0,0,0.0,1.0,1,5.0,0.3151757661630045,0.0,11.0,0.3775485242907912,0.0,6.0,0.0737237167782163,0.0,9.0,0.3144856457633037,0.0,121.0,0.1702451467691908,0.0,0.0,1.0
112.0,8,25.0,0.4545454545454545,7.145731187644672,55,389.0,7.072727272727272,0.0,0.0,5.0,148.0,0.0,5.247738091727097,5.6923076923076925,5.6923076923076925,26.0,0,0.0,0.1602187905385223,0,0.0,0.9659434630271042,3.0,18.0,0.0016469782689406,0.0,0.0,1.0,0.0,10.0,0.8495577970375872,2.0,120.0,0.1873678731756721,0.0,0.0,1.0
120.0,12,76.0,1.3333333333333333,6.654217618084535,57,411.0,7.2105263157894735,22.0,0.3859649122807017,9.0,186.0,38.0,5.452766031621989,6.642857142857143,6.642857142857143,28.0,0,3.0,0.7709712547387688,1,8.0,0.5997149788078583,0.0,6.0,0.3631099111566824,0.0,0.0,1.0,1.0,14.0,0.7387939522203655,7.0,155.0,0.0346195912928335,0.0,0.0,1.0
128.0,11,56.0,0.9032258064516128,6.809848850059618,62,465.0,7.5,54.0,0.8709677419354839,10.0,208.0,22.0,4.654983061391956,6.709677419354839,6.709677419354839,31.0,1,6.0,0.458187528615567,0,0.0,0.9328054103250656,1.0,14.0,0.4532549079054511,1.0,2.0,0.2238118851895381,0.0,9.0,0.554890084208744,7.0,177.0,0.1613760125973024,0.0,0.0,1.0
136.0,10,43.0,0.7049180327868853,6.624322869488898,61,395.0,6.475409836065574,0.0,0.0,8.0,141.0,0.0,3.8449768705248593,4.40625,4.40625,32.0,0,0.0,0.0441715648447716,2,13.0,0.3941985356934956,0.0,2.0,0.7672381917899629,0.0,1.0,0.3089672247742728,4.0,19.0,0.162916267840876,2.0,106.0,0.2376311183670476,0.0,0.0,1.0
144.0,9,19.0,0.2835820895522388,7.952242173680452,67,361.0,5.388059701492537,0.0,0.0,5.0,94.0,0.0,5.423020643341141,3.615384615384616,3.615384615384616,26.0,0,0.0,0.9512061736271484,2,14.0,0.285427150967111,2.0,5.0,5.653322785290855e-06,0.0,0.0,1.0,1.0,30.0,0.3371079219640369,0.0,45.0,0.454147615848261,0.0,0.0,1.0
152.0,6,33.0,0.5,9.589960627025828,66,238.0,3.606060606060606,0.0,0.0,5.0,45.0,0.0,8.132652804379962,1.7307692307692308,1.7307692307692308,26.0,1,2.0,3.695382189529279e-05,1,13.0,0.7127048511999111,0.0,0.0,0.938460200074106,0.0,0.0,0.0126137727971953,2.0,22.0,0.6056585605660068,1.0,8.0,0.5721508893613987,0.0,0.0,0.701732614442299
160.0,11,65.0,0.9558823529411764,7.812005499840173,68,220.0,3.235294117647059,0.0,0.0,8.0,65.0,20.0,6.108390699921845,2.6,2.6,25.0,1,14.0,0.1812731338267333,4,17.0,0.0284159641432201,1.0,6.0,0.6424660312612439,0.0,0.0,0.4812602893953838,1.0,23.0,0.6305989692276165,0.0,3.0,0.6922889399800283,1.0,2.0,0.0
168.0,14,116.0,1.901639344262295,7.537829428697159,61,263.0,4.311475409836065,43.0,0.7049180327868853,12.0,106.0,41.0,6.081454625037465,3.655172413793104,3.655172413793104,29.0,2,6.0,0.3900448458105023,5,59.0,0.2664658780764972,2.0,4.0,0.3986091390121499,1.0,1.0,0.2653737503062555,2.0,33.0,0.4732219954082059,0.0,3.0,0.8822104244823965,0.0,0.0,1.0
176.0,6,83.0,1.4821428571428572,8.72730064287371,56,299.0,5.339285714285714,36.0,0.6428571428571429,5.0,52.0,0.0,5.680557895203597,3.7142857142857135,3.7142857142857135,14.0,1,4.0,0.6417154781478603,3,9.0,0.0008682091798762,0.0,0.0,0.3229869651418534,0.0,0.0,0.7137940108526196,1.0,39.0,0.0,0.0,0.0,0.6769558302578932,0.0,0.0,0.1483184715727737
184.0,3,13.0,0.2888888888888888,10.366924084682635,45,296.0,6.5777777777777775,0.0,0.0,3.0,15.0,0.0,7.098846898728578,1.6666666666666667,1.6666666666666667,9.0,2,9.0,0.139834822597008,0,0.0,1.0,0.0,2.0,0.9670238341535196,1.0,4.0,5.035860238424557e-05,0.0,0.0,1.0,0.0,0.0,0.7470135039968223,0.0,0.0,0.8618138007815176
192.0,0,0.0,0.0,11.529160521547096,44,289.0,6.568181818181818,0.0,0.0,0.0,24.0,9.0,11.506212620313118,1.5,1.5,16.0,0,0.0,1.0,0,11.0,0.947706712320379,0.0,10.0,0.7611202904104584,0.0,3.0,0.2026923124997741,0.0,0.0,0.9123412574264712,0.0,0.0,0.9676455291541236,0.0,0.0,0.9606200703643046
200.0,5,9.0,0.2195121951219512,9.107756611141028,41,262.0,6.390243902439025,0.0,0.0,4.0,33.0,9.0,6.943245095232449,1.736842105263158,1.736842105263158,19.0,0,7.0,0.6378161541993839,3,19.0,0.3243213291760961,1.0,7.0,0.5435816307485442,0.0,0.0,1.0,0.0,0.0,0.9540453346822466,0.0,0.0,0.6095594203933272,0.0,0.0,1.0
208.0,5,5.0,0.1111111111111111,8.806140806093197,45,242.0,5.377777777777778,0.0,0.0,3.0,12.0,0.0,7.651917317373072,0.8571428571428571,0.8571428571428571,14.0,1,1.0,0.0009548423500091,0,0.0,0.2810679215317936,2.0,11.0,0.5442698118163857,0.0,0.0,0.9505975960992914,0.0,0.0,0.931555901779596,0.0,0.0,1.0,0.0,0.0,1.0
216.0,5,15.0,0.3191489361702128,9.361081601728936,47,263.0,5.595744680851064,21.0,0.4468085106382978,3.0,54.0,42.0,7.6481228734465345,3.857142857142857,3.857142857142857,14.0,0,0.0,1.0,0,0.0,0.40122425296725,1.0,46.0,0.5716338163514387,2.0,6.0,0.3105048754833661,0.0,0.0,0.9673958091814748,0.0,2.0,0.5449711794268696,0.0,0.0,1.0
224.0,8,44.0,0.8979591836734694,7.63032344482297,49,295.0,6.020408163265306,32.0,0.6530612244897959,6.0,61.0,7.0,4.701609229946359,2.652173913043478,2.652173913043478,23.0,2,18.0,0.0455098515224044,2,15.0,0.3904538861722902,2.0,26.0,0.4825229774925944,0.0,0.0,0.2800302736083752,0.0,0.0,0.471093642889605,0.0,2.0,0.5154230321417437,0.0,0.0,1.0
232.0,9,71.0,1.42,8.81052522242152,50,362.0,7.24,67.0,1.34,8.0,81.0,20.0,6.482272418962412,3.5217391304347827,3.5217391304347827,23.0,0,4.0,0.3396876152041457,3,41.0,0.4141640737310776,1.0,19.0,0.4755587801610823,1.0,6.0,0.0,0.0,0.0,0.7043458107872963,3.0,11.0,0.4199191630832004,0.0,0.0,0.9989068913471
240.0,4,26.0,0.5306122448979592,8.949817431957387,49,346.0,7.061224489795919,0.0,0.0,3.0,45.0,0.0,7.234250256429025,2.5,2.5,18.0,0,0.0,1.0,1,14.0,0.3754694958462006,0.0,0.0,1.0,0.0,3.0,0.3075578732921531,0.0,3.0,0.709774414367447,2.0,25.0,0.5589447662380502,0.0,0.0,0.9334426489599492
248.0,8,58.0,1.16,9.043818417475222,50,347.0,6.94,1.0,0.02,6.0,66.0,21.0,5.87153655043583,4.714285714285714,4.714285714285714,14.0,0,0.0,1.0,1,9.0,0.36061550338468,0.0,0.0,1.0,0.0,0.0,1.0,1.0,8.0,0.666522656245907,4.0,49.0,0.2654336420251943,0.0,0.0,1.0
256.0,1,1.0,0.0222222222222222,9.792569635851256,45,316.0,7.022222222222222,0.0,0.0,0.0,12.0,0.0,7.972809715834894,1.0,1.0,12.0,0,0.0,0.9699239564393984,0,3.0,0.9212866702998956,0.0,0.0,0.6376592042597755,0.0,0.0,1.0,0.0,4.0,0.4094136290290353,0.0,5.0,0.4917031044022092,0.0,0.0,1.0
264.0,6,9.0,0.1875,9.094002075522456,48,290.0,6.041666666666667,0.0,0.0,6.0,30.0,18.0,7.779467492028642,1.4285714285714286,1.4285714285714286,21.0,4,13.0,0.3095335795723617,0,0.0,1.0,0.0,0.0,0.7643396803303808,2.0,2.0,0.0014139937763804,0.0,4.0,0.96572496923508,0.0,4.0,0.9295261495518892,0.0,7.0,0.7592176585878039
272.0,6,47.0,1.119047619047619,8.14962081244375,42,240.0,5.714285714285714,0.0,0.0,6.0,55.0,25.0,6.968962265951229,2.75,2.75,20.0,4,41.0,0.0866011801246126,0,0.0,0.8578455210514065,1.0,5.0,0.4548678343234772,1.0,9.0,0.6340551232708195,0.0,0.0,0.981266879021396,0.0,0.0,0.3215042215224809,0.0,0.0,0.8713261673991182
280.0,12,92.0,2.3,6.768832555947249,40,270.0,6.75,30.0,0.75,11.0,103.0,48.0,3.7907831720732834,4.904761904761905,4.904761904761905,21.0,6,77.0,0.0574346241582566,1,5.0,0.3446035658044031,1.0,5.0,0.4207165710823202,2.0,6.0,0.0967947430420878,0.0,5.0,0.7651998998011883,0.0,0.0,0.5711105579331113,1.0,5.0,0.0849276103553954
288.0,3,12.0,0.2790697674418604,9.17954640460814,43,324.0,7.534883720930233,54.0,1.255813953488372,2.0,29.0,0.0,9.047290456360978,1.7058823529411764,1.7058823529411764,17.0,1,13.0,0.1804623176951237,0,7.0,0.6615811141392886,0.0,1.0,0.7649851009129734,0.0,0.0,1.0,0.0,2.0,0.9907528718148566,0.0,0.0,0.9168848338493268,1.0,6.0,0.0236285087467691
296.0,4,22.0,0.4489795918367347,8.857675032249603,49,354.0,7.224489795918367,30.0,0.6122448979591837,3.0,23.0,0.0,6.399701456500551,2.090909090909091,2.090909090909091,11.0,1,14.0,0.482831659166569,0,2.0,0.4483916306731775,1.0,3.0,0.4822341061056866,0.0,0.0,1.0,0.0,0.0,0.5830850177390017,1.0,4.0,0.0,0.0,0.0,0.4969760740125111
304.0,3,8.0,0.1739130434782608,9.382233908997648,46,326.0,7.086956521739131,0.0,0.0,2.0,18.0,0.0,6.031422282166964,1.6363636363636365,1.6363636363636365,11.0,0,1.0,0.5559422393255434,0,0.0,0.691452694728846,0.0,0.0,1.0,1.0,4.0,0.1779172678306899,1.0,13.0,0.6223589409685435,0.0,0.0,1.0,0.0,0.0,0.1546612338893648
312.0,4,30.0,0.8108108108108109,9.581501899989885,37,148.0,4.0,0.0,0.0,4.0,42.0,24.0,9.03040705709274,2.333333333333333,2.333333333333333,18.0,2,9.0,0.5307361430047179,0,0.0,0.928078830013268,0.0,3.0,0.8995268408221704,1.0,12.0,0.6132269493745627,1.0,18.0,0.4633463843735299,0.0,0.0,0.7399084723892551,0.0,0.0,1.0
320.0,7,51.0,1.4166666666666667,7.425001946185517,36,164.0,4.555555555555555,16.0,0.4444444444444444,7.0,61.0,19.0,4.570721092811039,3.388888888888889,3.388888888888889,18.0,1,4.0,0.1855617370037916,0,0.0,1.0,0.0,4.0,0.7478779865050053,3.0,25.0,0.0020810334629568,2.0,26.0,0.2100840420702943,1.0,2.0,0.6249194901709713,0.0,0.0,0.5681835527940827
328.0,8,61.0,1.6944444444444444,8.266576487409939,36,194.0,5.388888888888889,30.0,0.8333333333333334,6.0,62.0,1.0,5.41618480740298,4.769230769230769,4.769230769230769,13.0,1,12.0,0.4544566656110234,0,0.0,1.0,1.0,0.0,0.4829857930773357,0.0,0.0,1.0,1.0,31.0,0.0,2.0,17.0,0.2482489266370919,1.0,2.0,0.4833734868694336
336.0,1,20.0,0.5405405405405406,11.071224712533072,37,186.0,5.027027027027027,0.0,0.0,1.0,35.0,0.0,11.29103158692392,3.888888888888889,3.888888888888889,9.0,1,20.0,0.0,0,6.0,0.9526614631551032,0.0,3.0,0.8598069962113617,0.0,0.0,1.0,0.0,3.0,0.9438675184585916,0.0,3.0,0.9525945978420456,0.0,0.0,1.0
344.0,3,7.0,0.1944444444444444,9.54716233387665,36,166.0,4.611111111111111,0.0,0.0,3.0,22.0,0.0,7.722188376247979,1.6923076923076923,1.6923076923076923,13.0,0,0.0,0.5748590564690782,1,4.0,0.4686171749711244,1.0,4.0,0.4182670353952305,0.0,0.0,0.9694837496048704,0.0,3.0,0.9794777535453912,1.0,8.0,0.4343367611945659,0.0,3.0,0.9500144825174832
352.0,5,24.0,0.5714285714285714,8.702462735870089,42,183.0,4.357142857142857,17.0,0.4047619047619047,4.0,27.0,5.0,7.001384091812023,1.8,1.8,15.0,2,4.0,0.3784926569488568,0,0.0,1.0,0.0,0.0,0.8190139847931242,0.0,0.0,1.0,0.0,0.0,0.9062583858329698,2.0,23.0,0.3470393762681307,0.0,0.0,0.9704672085108724
360.0,7,52.0,1.2093023255813953,8.608841538035424,43,197.0,4.5813953488372094,14.0,0.3255813953488372,7.0,58.0,31.0,6.561938171046765,3.0526315789473686,3.0526315789473686,19.0,3,12.0,0.3786465279278885,0,3.0,0.0137693912291311,1.0,1.0,0.6379721523248318,0.0,0.0,1.0,0.0,0.0,0.7714425569961237,3.0,42.0,0.0,0.0,0.0,0.7776934726669706
368.0,5,19.0,0.4042553191489361,8.438531411416768,47,243.0,5.170212765957447,46.0,0.9787234042553192,3.0,18.0,0.0,8.013167218788615,1.125,1.125,16.0,2,11.0,0.05691722601908,0,6.0,0.919350981727672,0.0,0.0,1.0,0.0,0.0,1.0,1.0,1.0,0.5262306812383174,0.0,0.0,0.8664334276064366,0.0,0.0,1.0
376.0,5,26.0,0.5531914893617021,9.173042214663637,47,242.0,5.148936170212766,0.0,0.0,4.0,34.0,16.0,7.701435945362556,1.7,1.7,20.0,1,13.0,0.0,1,5.0,0.0048632811721564,0.0,0.0,1.0,0.0,0.0,1.0,1.0,2.0,0.569615253125152,1.0,4.0,0.5661350544257683,0.0,10.0,0.923997699882438
384.0,7,25.0,0.5208333333333334,7.672956357685771,48,225.0,4.6875,0.0,0.0,5.0,45.0,11.0,7.753797412651424,2.142857142857143,2.142857142857143,21.0,0,0.0,1.0,2,18.0,0.4600761472556948,0.0,6.0,0.9341621950697644,0.0,0.0,1.0,1.0,11.0,0.4157285521041967,2.0,10.0,0.455434460475265,0.0,0.0,1.0
392.0,9,55.0,1.1224489795918366,7.370610925247733,49,209.0,4.26530612244898,0.0,0.0,6.0,66.0,21.0,7.524767888693622,2.64,2.64,25.0,0,0.0,0.3478461979373667,0,2.0,0.5279848190927953,0.0,5.0,0.6738330155585255,1.0,6.0,0.3818015186616998,1.0,19.0,0.6522110234142131,4.0,34.0,0.4794383051064264,0.0,0.0,1.0
400.0,7,38.0,0.7450980392156863,8.40134336937607,51,238.0,4.666666666666667,29.0,0.5686274509803921,6.0,52.0,0.0,6.26908651211344,3.466666666666667,3.466666666666667,15.0,0,0.0,1.0,0,9.0,0.9490613177608208,0.0,0.0,1.0,1.0,14.0,0.0,2.0,12.0,0.4648066907636035,3.0,14.0,0.2536151627709768,0.0,3.0,0.7151406038257401
408.0,8,27.0,0.6,8.359391469343864,45,267.0,5.933333333333334,29.0,0.6444444444444445,8.0,62.0,10.0,5.642478107795776,2.3846153846153846,2.3846153846153846,26.0,0,0.0,0.7297402833179203,2,6.0,0.111677959065759,0.0,5.0,0.9049107920548112,0.0,0.0,1.0,3.0,24.0,0.2140687908711502,3.0,21.0,0.0706779260770873,0.0,6.0,0.6974158261330984
416.0,10,51.0,1.1590909090909092,7.838439680156722,44,280.0,6.363636363636363,13.0,0.2954545454545454,9.0,74.0,12.0,5.508376062465548,4.352941176470588,4.352941176470588,17.0,1,2.0,0.0003464904252803,2,21.0,0.2684128219936605,1.0,4.0,0.659342505592978,0.0,0.0,1.0,4.0,36.0,0.421495805497488,1.0,11.0,0.0,0.0,0.0,1.0
424.0,6,28.0,0.6363636363636364,7.273172462041402,44,277.0,6.295454545454546,0.0,0.0,3.0,54.0,0.0,5.324669265669351,3.375,3.375,16.0,0,0.0,1.0,2,11.0,0.158000014685945,1.0,12.0,0.3528420302593543,0.0,4.0,0.3345115857274292,0.0,20.0,0.402809707590954,0.0,3.0,0.687494967222278,0.0,4.0,0.9797383238612778
432.0,5,16.0,0.3555555555555555,9.186906754812972,45,282.0,6.266666666666667,5.0,0.1111111111111111,4.0,50.0,0.0,7.39293702239249,3.571428571428572,3.571428571428572,14.0,0,0.0,0.9225963155561062,0,0.0,1.0,0.0,16.0,0.9235979027738508,1.0,9.0,0.398684965530228,2.0,15.0,0.2349761177608874,0.0,7.0,0.807698016079903,1.0,3.0,0.0009760410797797
440.0,5,39.0,0.8666666666666667,9.299378023618246,45,272.0,6.044444444444444,0.0,0.0,5.0,43.0,0.0,5.987535909443598,3.071428571428572,3.071428571428572,14.0,1,4.0,0.351086025671403,0,0.0,1.0,0.0,0.0,1.0,1.0,3.0,0.0002094021141809,3.0,36.0,0.1068112441699585,0.0,0.0,0.9813624172359904,0.0,0.0,0.9633245314404668
448.0,3,1.0,0.0232558139534883,8.29535398470354,43,214.0,4.976744186046512,0.0,0.0,2.0,41.0,0.0,7.181786977149476,2.05,2.05,20.0,0,3.0,0.3373929434862592,0,0.0,0.9429104944832688,0.0,14.0,0.7384886599985244,0.0,0.0,1.0,1.0,21.0,0.0753340651921728,1.0,3.0,0.5235126877132195,0.0,0.0,0.6748196858309017
456.0,3,4.0,0.0952380952380952,8.686334208977785,42,183.0,4.357142857142857,0.0,0.0,3.0,24.0,0.0,7.662319419104075,1.2,1.2,20.0,1,3.0,0.38395292784864,1,2.0,0.1756563240380217,0.0,3.0,0.9483605377393204,0.0,0.0,1.0,0.0,8.0,0.511898585131549,0.0,7.0,0.7526615844690469,1.0,1.0,0.415206964162256
464.0,5,11.0,0.22,9.092351457277733,50,205.0,4.1,22.0,0.44,3.0,9.0,0.0,8.634963914916428,0.4285714285714285,0.4285714285714285,21.0,0,0.0,0.3889654765689377,0,0.0,0.9888024075107668,0.0,0.0,0.975855912692166,1.0,2.0,0.0003109916446686,0.0,0.0,0.8937292614841903,2.0,7.0,0.5928054937610129,0.0,0.0,0.9262425911415796
472.0,9,27.0,0.4655172413793103,7.045687884893448,58,232.0,4.0,27.0,0.4655172413793103,7.0,41.0,32.0,5.458796102861071,1.5185185185185186,1.5185185185185186,27.0,2,12.0,1.386719413420453e-05,0,3.0,0.7205176107737262,1.0,3.0,0.0003469133742886,0.0,0.0,1.0,0.0,3.0,0.5147282027806418,4.0,20.0,0.2968830752052679,0.0,0.0,0.8208963215421782
480.0,17,95.0,1.637931034482759,6.816910433258923,58,236.0,4.068965517241379,4.0,0.0689655172413793,12.0,110.0,69.0,6.669436747152927,3.6666666666666665,3.6666666666666665,30.0,0,0.0,0.7681793457295226,0,0.0,0.9583591279269864,0.0,11.0,0.7663017413110126,0.0,0.0,0.946123146403532,2.0,22.0,0.6206839692090163,10.0,77.0,0.0830974147650324,0.0,0.0,0.9707724068480976
488.0,15,67.0,1.0151515151515151,6.813378196083852,66,334.0,5.0606060606060606,98.0,1.4848484848484849,9.0,101.0,0.0,5.352218426856576,4.208333333333333,4.208333333333333,24.0,2,9.0,7.577964792640249e-05,2,4.0,0.0947712223034413,2.0,15.0,0.2472848502710238,1.0,4.0,0.0,2.0,29.0,0.552164806621824,0.0,37.0,0.4415629332828463,0.0,3.0,0.869416102144644
496.0,6,66.0,0.9041095890410958,8.885842069645625,73,354.0,4.849315068493151,20.0,0.273972602739726,4.0,88.0,0.0,9.34050250913335,2.933333333333333,2.933333333333333,30.0,0,0.0,0.84945963413924,0,14.0,0.7245291482430041,1.0,2.0,0.6021987321377299,0.0,0.0,1.0,2.0,62.0,0.6749643127038554,1.0,2.0,0.5382887454807179,0.0,8.0,0.9249435185054872
504.0,12,31.0,0.4025974025974026,7.676136973256767,77,333.0,4.324675324675325,0.0,0.0,11.0,69.0,0.0,4.602193739723882,2.0294117647058822,2.0294117647058822,34.0,2,8.0,0.0489652009902644,2,17.0,0.2260989256269985,1.0,2.0,0.3014938699552313,0.0,0.0,0.133634903067709,2.0,29.0,0.5005267309188421,4.0,13.0,0.301970397646713,0.0,0.0,0.9389039074594672
512.0,11,32.0,0.4324324324324324,7.7513560567432815,74,373.0,5.04054054054054,40.0,0.5405405405405406,8.0,106.0,37.0,5.7586140897493285,3.117647058823529,3.117647058823529,34.0,0,2.0,0.6588121085507611,0,5.0,0.695185589103146,1.0,10.0,0.6910384612200482,0.0,7.0,0.563665128757817,5.0,71.0,0.1663348383970505,2.0,10.0,0.2390034175893794,0.0,1.0,0.8615474497711502
520.0,11,40.0,0.5263157894736842,7.508305645313587,76,451.0,5.934210526315789,78.0,1.0263157894736843,9.0,127.0,21.0,4.973197631270454,3.5277777777777777,3.5277777777777777,36.0,1,7.0,0.1916280248254442,0,3.0,0.9825449829871474,4.0,14.0,0.2147626773252294,0.0,6.0,0.1089498749483215,2.0,75.0,0.5071841470800252,2.0,22.0,0.2591384934915325,0.0,0.0,0.2227671825675241
528.0,14,46.0,0.6216216216216216,7.487337449679484,74,437.0,5.905405405405405,0.0,0.0,12.0,135.0,8.0,4.749861036167909,3.857142857142857,3.857142857142857,35.0,1,1.0,0.5909130494321481,0,6.0,0.8359675991754301,0.0,14.0,0.5003238874474975,0.0,0.0,1.0,9.0,78.0,0.2240994991343582,2.0,36.0,0.4704605987526528,0.0,0.0,1.0
536.0,6,23.0,0.3108108108108108,7.831871860622486,74,505.0,6.824324324324325,68.0,0.918918918918919,6.0,105.0,0.0,4.804816005454046,3.1818181818181817,3.1818181818181817,33.0,0,0.0,0.4049216876582606,0,5.0,0.9167792237385688,2.0,23.0,0.198036454483194,2.0,11.0,0.0047823070936492,2.0,63.0,0.1877176290761264,0.0,3.0,0.6858175336098182,0.0,0.0,0.9245603207577258
544.0,11,51.0,0.75,8.085774083054115,68,522.0,7.676470588235294,17.0,0.25,11.0,117.0,12.0,4.812825172878339,3.5454545454545454,3.5454545454545454,33.0,3,14.0,0.05337546821833,0,0.0,0.0694649895325577,1.0,9.0,0.5253790663132814,2.0,18.0,0.2640459472001404,5.0,69.0,0.2274648171876504,0.0,7.0,0.8948937219398976,0.0,0.0,0.9590656865607308
552.0,6,71.0,1.126984126984127,8.66933018023478,63,523.0,8.301587301587302,1.0,0.0158730158730158,6.0,124.0,7.0,7.124578439572661,4.0,4.0,31.0,2,13.0,0.211871631659553,0,3.0,0.905722640691654,1.0,22.0,0.7458236800979824,2.0,43.0,0.3156535024132073,1.0,40.0,0.312073918072843,0.0,3.0,0.7430900618833878,0.0,0.0,0.917720954955184
560.0,13,44.0,0.7333333333333333,7.398478346161617,60,540.0,9.0,17.0,0.2833333333333333,12.0,101.0,0.0,4.167307175964493,3.607142857142857,3.607142857142857,28.0,0,1.0,0.056173856682799,2,7.0,0.3166211003554563,1.0,5.0,0.3136914934986184,5.0,37.0,0.1418541716351196,4.0,44.0,0.1092087775761952,0.0,7.0,0.9664517410262644,0.0,0.0,0.7464919969685644
568.0,8,31.0,0.5,7.7066623746495795,62,566.0,9.129032258064516,26.0,0.4193548387096774,6.0,75.0,0.0,5.106230969931663,3.409090909090909,3.409090909090909,22.0,0,0.0,0.9987899079316832,3,32.0,0.2757808549880974,1.0,7.0,0.4936035301384126,0.0,1.0,0.3842094891096602,0.0,26.0,0.4074633029081418,2.0,9.0,0.255244589122831,0.0,0.0,0.4054460029737387
576.0,7,21.0,0.3181818181818182,8.235257608608453,66,525.0,7.954545454545454,0.0,0.0,6.0,72.0,0.0,6.404526419351849,3.0,3.0,24.0,1,2.0,0.0020640231001911,0,8.0,0.7244898157740294,2.0,19.0,0.2597079030108756,0.0,0.0,0.9620393500059152,2.0,30.0,0.31791956985514,0.0,7.0,0.8194481518746887,1.0,6.0,0.3352635867782424
584.0,7,19.0,0.2676056338028169,7.750036398380971,71,541.0,7.619718309859155,16.0,0.2253521126760563,4.0,62.0,0.0,5.95775969263865,2.8181818181818183,2.8181818181818183,22.0,0,0.0,1.0,2,9.0,0.0105440729752946,0.0,11.0,0.4766635430351592,0.0,3.0,0.0178864810801168,0.0,23.0,0.5559406713761571,2.0,16.0,0.3831361010938315,0.0,0.0,0.7471348902333214
592.0,1,4.0,0.0579710144927536,9.659219273306354,69,459.0,6.652173913043479,0.0,0.0,1.0,25.0,0.0,10.657444787478036,1.0869565217391304,1.0869565217391304,23.0,0,0.0,0.951048877856436,0,0.0,0.967245438167734,0.0,5.0,0.923348429037248,1.0,4.0,0.5720114107318,0.0,4.0,0.7444410501383518,0.0,9.0,0.8385019902654419,0.0,3.0,0.7019368837928351
600.0,7,24.0,0.3529411764705882,9.159226237508468,68,449.0,6.602941176470588,0.0,0.0,6.0,56.0,31.0,8.84187095307946,1.4736842105263157,1.4736842105263157,38.0,1,4.0,0.3342235918263803,0,6.0,0.4665210302059037,0.0,6.0,0.7420865759689657,5.0,19.0,0.0087962625429218,0.0,12.0,0.9080512159616762,0.0,3.0,0.8393000453454825,0.0,6.0,0.7762157118900497
608.0,5,17.0,0.2463768115942029,9.277188691490412,69,458.0,6.63768115942029,9.0,0.1304347826086956,3.0,35.0,0.0,9.939126199601189,1.2962962962962965,1.2962962962962965,27.0,1,1.0,0.000667705838778,0,0.0,0.9226751018435788,0.0,6.0,0.7135809903847272,1.0,18.0,0.3226960294629864,0.0,5.0,0.8703387087468,1.0,5.0,0.6916223578785287,0.0,0.0,0.870116182840316
616.0,5,7.0,0.1147540983606557,10.234431024701916,61,289.0,4.737704918032787,0.0,0.0,5.0,20.0,0.0,8.800200656985167,0.8,0.8,25.0,0,0.0,0.927208657695544,1,4.0,0.547245585931893,1.0,5.0,0.287185156852887,1.0,1.0,0.5907436021585812,0.0,3.0,0.7243568771906707,2.0,7.0,0.532320475388689,0.0,0.0,0.886787076037051
624.0,4,12.0,0.2264150943396226,10.321419886023278,53,235.0,4.433962264150943,0.0,0.0,3.0,26.0,6.0,9.036698740807342,1.368421052631579,1.368421052631579,19.0,2,8.0,0.2856782215178839,1,8.0,0.5024960952574523,0.0,0.0,0.4030163596498882,0.0,0.0,0.4711800562973643,0.0,6.0,0.9545916833554174,0.0,1.0,0.810087802739598,0.0,3.0,0.6279178445464245
632.0,5,20.0,0.392156862745098,10.345172164368734,51,263.0,5.15686274509804,28.0,0.5490196078431373,5.0,31.0,5.0,8.569335402046914,1.55,1.55,20.0,0,0.0,1.0,2,9.0,0.3222078750104176,0.0,0.0,0.384199633307662,2.0,12.0,0.2995854416499242,1.0,10.0,0.6159903952633888,0.0,0.0,0.9567506857529668,0.0,0.0,0.9253330533350492
640.0,1,1.0,0.0238095238095238,10.273183826120286,42,174.0,4.142857142857143,0.0,0.0,1.0,11.0,0.0,10.136800351839836,1.0,1.0,11.0,0,0.0,1.0,0,0.0,1.0,1.0,9.0,0.7411664161262846,0.0,0.0,0.0244400072308261,0.0,0.0,0.9663017629145584,0.0,2.0,0.6228204750409155,0.0,0.0,0.931187565269736
648.0,2,3.0,0.073170731707317,8.50596290438913,41,167.0,4.073170731707317,0.0,0.0,1.0,9.0,0.0,5.691900994824714,0.5294117647058824,0.5294117647058824,17.0,0,0.0,1.0,0,4.0,0.9409938652458532,0.0,0.0,0.2152649655950035,1.0,3.0,0.1855269392605597,0.0,0.0,0.3583642374933632,0.0,2.0,0.7520149679331655,0.0,0.0,0.6681692010890063
656.0,2,1.0,0.0232558139534883,8.775669462214484,43,119.0,2.7674418604651163,0.0,0.0,1.0,9.0,0.0,8.005306073442357,0.5625,0.5625,16.0,0,0.0,0.9532537313563924,0,2.0,0.96471142311848,0.0,6.0,0.5200073681086373,0.0,0.0,0.16852456221291,0.0,0.0,1.0,1.0,1.0,0.545724704637146,0.0,0.0,0.9268805500214964
664.0,3,10.0,0.2272727272727272,9.571424547928196,44,110.0,2.5,0.0,0.0,2.0,19.0,10.0,7.870487587170492,1.3571428571428572,1.3571428571428572,14.0,0,0.0,1.0,0,0.0,0.8283376232244216,0.0,0.0,0.2374465066355078,1.0,8.0,0.1879532144349679,0.0,3.0,0.7983998313562857,1.0,8.0,0.7218508166596502,0.0,0.0,0.993552303905588
672.0,8,17.0,0.3777777777777777,9.19397071181579,45,112.0,2.488888888888889,2.0,0.0444444444444444,6.0,30.0,11.0,7.548061147907204,1.7647058823529411,1.7647058823529411,17.0,1,3.0,0.0001019125519961,0,0.0,0.9976338477819098,0.0,1.0,0.962858774414764,1.0,4.0,0.4440480760206448,0.0,5.0,0.9496964980368048,4.0,17.0,0.338665517374436,0.0,0.0,0.7003508725944515
680.0,3,19.0,0.4042553191489361,8.534572647461363,47,145.0,3.0851063829787235,33.0,0.7021276595744681,3.0,30.0,0.0,6.712509348187416,2.0,2.0,15.0,1,11.0,0.0,0,0.0,0.4601591560135985,0.0,1.0,0.8883296251579116,1.0,6.0,0.5413494628714522,1.0,6.0,0.4391781481249696,0.0,0.0,0.3179557757422838,0.0,6.0,0.6321103524049771
688.0,7,34.0,0.6938775510204082,8.637462883454733,49,156.0,3.183673469387755,11.0,0.2244897959183673,7.0,49.0,19.0,7.254864988255921,1.8148148148148149,1.8148148148148149,27.0,0,0.0,0.6735628482792434,0,0.0,1.0,0.0,0.0,0.9693926611606692,3.0,9.0,0.0036978200390492,2.0,30.0,0.6672524299444687,0.0,0.0,0.6766827841032118,2.0,10.0,0.369501181660846
696.0,7,28.0,0.56,8.1526338960534,50,183.0,3.66,27.0,0.54,6.0,39.0,0.0,5.452075826536447,2.4375,2.4375,16.0,0,0.0,1.0,1,4.0,0.4768440065735225,0.0,0.0,1.0,1.0,11.0,0.0,2.0,15.0,0.354862665747842,2.0,9.0,0.4441110986246732,0.0,0.0,0.4198736785823241
704.0,0,0.0,0.0,9.177727653527564,51,171.0,3.3529411764705883,0.0,0.0,0.0,15.0,0.0,7.691046623712161,0.8823529411764706,0.8823529411764706,17.0,0,0.0,0.9117858395915054,0,2.0,0.7686201177910337,0.0,0.0,0.598476041379405,0.0,0.0,0.0088376094718666,0.0,10.0,0.2414638222178277,0.0,3.0,0.7068305838315547,0.0,0.0,0.6768314958722874
712.0,6,18.0,0.3461538461538461,8.438061919719452,52,164.0,3.1538461538461537,0.0,0.0,6.0,42.0,27.0,6.618497389740071,1.5555555555555556,1.5555555555555556,27.0,1,3.0,6.323501626489361e-05,0,1.0,0.928286030938918,0.0,0.0,0.655647233890652,0.0,8.0,0.3414523126240231,0.0,11.0,0.7744935792223435,5.0,19.0,0.0943050287351663,0.0,0.0,0.9440114601710394
720.0,5,10.0,0.1785714285714285,8.43216749143237,56,209.0,3.732142857142857,45.0,0.8035714285714286,4.0,35.0,0.0,7.661931336920916,1.5217391304347827,1.5217391304347827,23.0,0,0.0,0.984731453672299,0,0.0,0.98367702528828,1.0,0.0,0.4427137668917831,1.0,8.0,0.4031810935926524,0.0,4.0,0.8913897204064197,2.0,23.0,0.3857741284926707,0.0,0.0,0.9783046275327176
728.0,5,30.0,0.5172413793103449,9.115028163401254,58,197.0,3.396551724137931,0.0,0.0,4.0,50.0,15.0,8.883585476772494,1.9230769230769231,1.9230769230769231,26.0,0,0.0,1.0,1,1.0,0.0022446358591785,0.0,2.0,0.6082093171637525,1.0,16.0,0.1118656433216714,0.0,15.0,0.8544348078315093,2.0,16.0,0.5740850902789887,0.0,0.0,0.9877057406212418
736.0,6,35.0,0.6481481481481481,8.940827615704872,54,188.0,3.4814814814814814,0.0,0.0,4.0,48.0,0.0,8.521259361765473,1.6551724137931034,1.6551724137931034,29.0,0,0.0,1.0,0,3.0,0.6701967952460454,0.0,0.0,0.3060094568047001,1.0,24.0,0.4791852339332141,0.0,12.0,0.7444102076154133,3.0,9.0,0.5030279526587019,0.0,0.0,0.8595213500114176
744.0,11,64.0,1.0847457627118644,8.042210241418955,59,227.0,3.847457627118644,39.0,0.6610169491525424,10.0,73.0,25.0,5.649131186706691,2.92,2.92,25.0,0,0.0,1.0,1,11.0,0.0,3.0,12.0,0.2429453537767383,0.0,0.0,0.6339411902435894,0.0,3.0,0.7763646344261543,6.0,47.0,0.3112887306968472,0.0,0.0,1.0
752.0,4,23.0,0.359375,8.362021319365912,64,249.0,3.890625,22.0,0.34375,3.0,41.0,0.0,7.104715157101201,1.4642857142857142,1.4642857142857142,28.0,0,3.0,0.8060476183346755,0,4.0,0.9785131602204492,1.0,11.0,0.3974183227791314,0.0,0.0,0.4734143372645372,1.0,9.0,0.6138172814161839,1.0,14.0,0.396188025337398,0.0,0.0,0.6411866959575375
760.0,12,55.0,0.7236842105263158,8.225908878734218,76,306.0,4.026315789473684,57.0,0.75,9.0,84.0,43.0,6.474287912323204,2.4705882352941178,2.4705882352941178,34.0,1,4.0,0.3683576340804081,0,4.0,0.9054638397054672,1.0,12.0,0.3120774906558744,1.0,7.0,0.0,1.0,25.0,0.6953404347732669,5.0,21.0,0.3192027455448956,0.0,11.0,0.8066165670414203
768.0,11,79.0,1.144927536231884,8.179478918316509,69,311.0,4.507246376811594,5.0,0.072463768115942,10.0,90.0,6.0,6.662406857011157,3.103448275862069,3.103448275862069,29.0,1,1.0,0.3881649415957959,2,12.0,0.444852013350626,4.0,40.0,0.3287093915566625,0.0,0.0,0.9773245824395485,1.0,25.0,0.6573177210449485,2.0,9.0,0.5493831960903669,0.0,3.0,0.7284019713800302
776.0,13,69.0,1.078125,7.888309093118552,64,320.0,5.0,9.0,0.140625,10.0,102.0,12.0,6.811061888951909,3.0,3.0,34.0,0,0.0,1.0,0,11.0,0.5055151548938316,5.0,37.0,0.3011435908495281,1.0,4.0,0.6396169333880575,1.0,40.0,0.7165786817575276,3.0,7.0,0.3354068099685149,0.0,3.0,0.9672410044041434
784.0,13,57.0,0.9827586206896552,8.06017802575167,58,380.0,6.551724137931035,60.0,1.0344827586206895,13.0,87.0,0.0,4.809228771821182,3.107142857142857,3.107142857142857,28.0,1,1.0,0.0032143168773625,2,13.0,0.3090377978629756,5.0,41.0,0.2889715079618674,2.0,3.0,0.0005710931205971,3.0,26.0,0.3869190218727736,0.0,0.0,0.7361284581764476,0.0,3.0,0.7172747137449204
792.0,8,48.0,0.8275862068965517,8.10302783348236,58,410.0,7.068965517241379,30.0,0.5172413793103449,7.0,120.0,33.0,6.70867170911319,4.137931034482759,4.137931034482759,29.0,0,4.0,0.7591814345552189,4,49.0,0.4153399015191956,2.0,27.0,0.2250673461927715,0.0,27.0,0.6340006293528256,0.0,4.0,0.2391012518240431,1.0,2.0,0.4358945259129376,0.0,7.0,0.9369536743921288
800.0,7,44.0,0.7857142857142857,8.879299322964673,56,428.0,7.642857142857143,18.0,0.3214285714285714,6.0,58.0,0.0,5.252740969964608,2.9,2.9,20.0,1,3.0,2.32615588456628e-05,0,3.0,0.47688028890371,4.0,44.0,0.1873071462447471,0.0,0.0,0.9326794091543656,0.0,3.0,0.571232268791874,1.0,5.0,0.2883224641696187,0.0,0.0,1.0
808.0,6,31.0,0.5961538461538461,9.201860167022296,52,411.0,7.903846153846154,0.0,0.0,6.0,70.0,12.0,6.905908019192276,3.1818181818181817,3.1818181818181817,22.0,0,0.0,1.0,0,7.0,0.9562201990253012,1.0,29.0,0.1485099264842437,2.0,6.0,0.0396418402173668,0.0,6.0,0.8170639429586364,3.0,22.0,0.3417148878309113,0.0,0.0,0.3395944867359091
816.0,5,21.0,0.4117647058823529,9.692226883958938,51,414.0,8.117647058823529,3.0,0.0588235294117647,5.0,45.0,0.0,7.83205166092475,1.9565217391304348,1.9565217391304348,23.0,0,9.0,0.5201234063801141,0,0.0,1.0,1.0,23.0,0.5826791686429066,2.0,8.0,0.4310072708566633,0.0,0.0,0.9409757326779926,2.0,2.0,0.5593862750330362,0.0,3.0,0.6944905347792512
824.0,3,9.0,0.1764705882352941,9.19903307022616,51,411.0,8.058823529411764,0.0,0.0,3.0,41.0,0.0,8.076288837029692,1.7083333333333333,1.7083333333333333,24.0,0,0.0,0.3261668581670747,0,7.0,0.9389370329878372,0.0,12.0,0.6371115009626301,1.0,2.0,0.4681952344712854,0.0,3.0,0.8444796005130919,2.0,7.0,0.4801156157662817,0.0,10.0,0.5882287491048136
832.0,4,11.0,0.2037037037037037,9.30591058221056,54,405.0,7.5,0.0,0.0,4.0,15.0,0.0,6.404579440618952,1.1538461538461535,1.1538461538461535,13.0,0,0.0,1.0,0,0.0,0.977248289892584,1.0,2.0,0.0004546121387231,0.0,0.0,1.0,1.0,6.0,0.7532152062537527,2.0,7.0,0.1445345502632468,0.0,0.0,1.0
840.0,7,26.0,0.5098039215686274,8.588919986561597,51,385.0,7.549019607843137,0.0,0.0,4.0,45.0,30.0,7.619926242394921,2.142857142857143,2.142857142857143,21.0,0,0.0,1.0,3,12.0,0.5718988425681782,0.0,3.0,0.9408937343420948,0.0,0.0,1.0,1.0,13.0,0.5001300554032229,0.0,11.0,0.4881875818455435,0.0,6.0,0.8233501575480127
848.0,4,36.0,0.6666666666666666,9.599520182360854,54,356.0,6.592592592592593,0.0,0.0,3.0,31.0,0.0,8.587203574891408,1.55,1.55,20.0,1,1.0,8.523991164865797e-05,0,0.0,0.8600673198173809,0.0,0.0,0.9191771914949468,1.0,2.0,0.3076559322028004,1.0,25.0,0.6168958832793617,0.0,3.0,0.8496613184372712,0.0,0.0,1.0
856.0,4,16.0,0.3555555555555555,9.308927716872264,45,298.0,6.622222222222222,0.0,0.0,4.0,45.0,14.0,6.892917987320127,2.3684210526315788,2.3684210526315788,19.0,2,11.0,0.0001261137777101,1,6.0,0.493961692329613,1.0,2.0,6.426411380780875e-05,0.0,0.0,0.3189294202919133,0.0,26.0,0.4751578105433973,0.0,0.0,0.8485442011011864,0.0,0.0,0.932248645888302
864.0,7,20.0,0.4,8.709227461942756,50,308.0,6.16,10.0,0.2,5.0,30.0,0.0,6.879956311768979,1.4285714285714286,1.4285714285714286,21.0,0,0.0,0.9014409017151088,1,10.0,0.4625109778680339,2.0,14.0,0.4711250892250831,2.0,6.0,0.32180932553247,0.0,0.0,0.2927798201538681,0.0,0.0,0.5975592948232878,0.0,0.0,0.8960017621569379
872.0,3,16.0,0.3636363636363636,9.467833063857285,44,281.0,6.386363636363637,0.0,0.0,3.0,19.0,0.0,6.686818559977242,1.3571428571428572,1.3571428571428572,14.0,0,0.0,1.0,0,0.0,0.9693385565140128,1.0,8.0,0.4682014326317959,0.0,0.0,0.59748017869345,1.0,7.0,0.4997874911156164,1.0,4.0,0.4244261821514782,0.0,0.0,1.0
880.0,8,33.0,0.6875,8.781714420344292,48,290.0,6.041666666666667,9.0,0.1875,8.0,36.0,17.0,4.836620789121468,1.894736842105263,1.894736842105263,19.0,0,0.0,1.0,0,0.0,1.0,1.0,1.0,0.1694072425966259,2.0,7.0,0.160367929178678,1.0,4.0,0.6835480594862263,4.0,24.0,0.2806892537867383,0.0,0.0,1.0
888.0,2,15.0,0.3409090909090909,9.443090456552357,44,217.0,4.931818181818182,0.0,0.0,2.0,30.0,0.0,7.757184044947028,1.7647058823529411,1.7647058823529411,17.0,0,0.0,1.0,0,3.0,0.979697580240387,0.0,3.0,0.7464024503194384,0.0,3.0,0.3784858319601972,1.0,12.0,0.6496321535776217,1.0,6.0,0.2608470794486395,0.0,3.0,0.7184867551012183
896.0,5,34.0,0.7083333333333334,7.896831230449426,48,210.0,4.375,0.0,0.0,4.0,46.0,16.0,6.112091223920032,2.7058823529411766,2.7058823529411766,17.0,0,0.0,1.0,0,0.0,0.031613516347014,2.0,10.0,0.364482869244596,0.0,0.0,1.0,1.0,23.0,0.2958009642602393,1.0,4.0,0.3186618526844176,0.0,9.0,0.888763114336452
904.0,2,14.0,0.2916666666666667,9.056823041954653,48,200.0,4.166666666666667,0.0,0.0,2.0,28.0,0.0,8.090680465836366,1.8666666666666667,1.8666666666666667,15.0,0,0.0,1.0,0,0.0,1.0,0.0,0.0,1.0,1.0,8.0,0.4507126543021689,0.0,6.0,0.8697255947897476,1.0,12.0,0.4536734071685284,0.0,2.0,0.5889675699924535
912.0,2,22.0,0.4583333333333333,9.546340400574532,48,194.0,4.041666666666667,0.0,0.0,2.0,30.0,2.0,8.756441100972195,1.25,1.25,24.0,0,0.0,0.7286556062980535,0,0.0,0.9915390397611924,0.0,0.0,1.0,0.0,7.0,0.8053337847867437,0.0,0.0,0.7062760267649971,2.0,23.0,0.4962375897772529,0.0,0.0,0.685170896792982
920.0,5,15.0,0.3125,8.36796662195717,48,199.0,4.145833333333333,5.0,0.1041666666666666,4.0,23.0,0.0,6.3970493225453255,1.2105263157894737,1.2105263157894737,19.0,0,0.0,0.9284600160040644,1,11.0,0.4772829658862025,0.0,2.0,0.9566530113268404,1.0,3.0,0.0002323865053556,0.0,0.0,0.7171355456047303,1.0,3.0,0.3861495258365999,1.0,4.0,0.0069118231706718
928.0,6,32.0,0.64,7.879987246994393,50,207.0,4.14,8.0,0.16,4.0,38.0,15.0,7.632266415577509,2.0,2.0,19.0,0,0.0,0.9162192298580746,0,0.0,0.946089663658506,0.0,0.0,1.0,0.0,0.0,1.0,0.0,0.0,0.6996235545381652,4.0,28.0,0.1492133776500464,0.0,10.0,0.8208668480224556
936.0,8,28.0,0.5185185185185185,7.627017409565707,54,250.0,4.62962962962963,43.0,0.7962962962962963,8.0,72.0,34.0,4.71582758502398,3.130434782608696,3.130434782608696,23.0,0,0.0,0.9456628472877824,2,4.0,0.3334470499203019,0.0,0.0,1.0,0.0,0.0,0.8972474697933559,0.0,4.0,0.6240787763019531,1.0,36.0,0.4146046946000719,5.0,28.0,0.0237855483389356
944.0,14,83.0,1.360655737704918,7.632940935334864,61,312.0,5.114754098360656,62.0,1.0163934426229508,12.0,117.0,45.0,4.989333912877543,4.178571428571429,4.178571428571429,28.0,2,5.0,0.0011077754846797,0,0.0,0.6064993052082298,0.0,3.0,0.921838321328441,1.0,5.0,0.4994013575354519,1.0,11.0,0.5967904918971797,2.0,18.0,0.3971877836433798,6.0,75.0,0.0
952.0,6,43.0,0.7049180327868853,8.72115797020441,61,377.0,6.180327868852459,65.0,1.0655737704918034,5.0,77.0,0.0,7.438920071831268,2.655172413793104,2.655172413793104,29.0,0,0.0,0.9280869664647272,0,0.0,0.5204300247475788,0.0,0.0,0.1329948902922554,0.0,0.0,0.8792483274901493,1.0,6.0,0.649456972314399,4.0,44.0,0.4708511924120639,0.0,27.0,0.2869904026083191
960.0,7,32.0,0.5423728813559322,8.839682915159793,59,290.0,4.915254237288136,0.0,0.0,6.0,40.0,0.0,8.029385286520432,1.3793103448275863,1.3793103448275863,29.0,0,0.0,1.0,1,5.0,0.6231440539277951,0.0,6.0,0.9602253119977592,1.0,6.0,0.0,3.0,15.0,0.3804229288659118,1.0,5.0,0.593090995262761,0.0,3.0,0.905998403460948
968.0,10,64.0,1.032258064516129,7.788852013381807,62,319.0,5.145161290322581,29.0,0.4677419354838709,7.0,69.0,29.0,6.38637241513671,2.3,2.3,30.0,0,0.0,0.9784641856635592,2,16.0,0.3291256256537598,1.0,5.0,0.4610878683811442,0.0,0.0,1.0,1.0,28.0,0.518176568510851,3.0,13.0,0.2952661078507728,0.0,7.0,0.8536806035023525
976.0,10,93.0,1.631578947368421,7.854507694553734,57,285.0,5.0,0.0,0.0,9.0,89.0,20.0,6.539221206563508,2.696969696969697,2.696969696969697,33.0,2,6.0,0.319040863482425,1,4.0,0.4593586208101498,1.0,4.0,0.149602416239326,0.0,0.0,0.9325559829058432,1.0,35.0,0.5432864531846305,4.0,40.0,0.4505203547967437,0.0,0.0,0.7372489985622694
984.0,7,26.0,0.4814814814814814,7.278376931292526,54,331.0,6.12962962962963,46.0,0.8518518518518519,7.0,47.0,0.0,3.8956041452830696,1.88,1.88,25.0,0,3.0,0.2307713621907906,0,2.0,0.4308550826469395,0.0,0.0,0.6463501949270966,0.0,0.0,1.0,4.0,28.0,0.1668183990951925,2.0,9.0,0.3525858800899095,1.0,5.0,1.8505999849176e-05
992.0,8,30.0,0.5357142857142857,7.688414629202891,56,379.0,6.767857142857143,48.0,0.8571428571428571,8.0,119.0,72.0,5.023033086479793,4.407407407407407,4.407407407407407,27.0,0,0.0,1.0,1,6.0,0.3033657703305201,1.0,9.0,0.6399846460183144,0.0,27.0,0.954107740041993,2.0,46.0,0.2622672075180907,4.0,25.0,0.2552537846407399,0.0,6.0,0.7165825766229355
1000.0,6,50.0,0.8771929824561403,8.317218890746515,57,416.0,7.298245614035087,37.0,0.6491228070175439,6.0,89.0,0.0,4.890564787988786,4.684210526315789,4.684210526315789,19.0,0,4.0,0.4553077096440154,0,3.0,0.9993087454291872,1.0,13.0,0.0,0.0,0.0,1.0,1.0,28.0,0.4424892762631275,3.0,41.0,0.3115710385249275,1.0,0.0,0.0
1008.0,6,11.0,0.1896551724137931,8.268121893706589,58,357.0,6.155172413793103,0.0,0.0,4.0,29.0,0.0,6.398465744836724,1.45,1.45,20.0,2,8.0,0.0011718594507658,0,0.0,1.0,0.0,0.0,0.9097390129179544,0.0,0.0,1.0,0.0,7.0,0.6045815837403371,1.0,9.0,0.4449995114093037,1.0,5.0,0.4741727527748356
1016.0,7,10.0,0.175438596491228,7.716501509472079,57,326.0,5.719298245614035,0.0,0.0,5.0,36.0,7.0,5.730556518097007,1.7142857142857142,1.7142857142857142,21.0,0,0.0,0.4114772810712941,0,0.0,1.0,0.0,3.0,0.9620826197489628,1.0,6.0,0.4765786327309003,3.0,14.0,0.2469336197471884,1.0,9.0,0.4744165880467236,0.0,4.0,0.4863358679421647
1024.0,8,26.0,0.4193548387096774,8.183062539533664,62,298.0,4.806451612903226,0.0,0.0,6.0,49.0,13.0,6.150485766724639,2.130434782608696,2.130434782608696,23.0,0,0.0,0.0745050980223097,0,3.0,0.564876672215222,0.0,0.0,1.0,2.0,2.0,0.1104546900557688,1.0,19.0,0.3668086998644689,3.0,25.0,0.5865087017238525,0.0,0.0,0.8104784290706333
1032.0,7,34.0,0.5396825396825397,8.164391293843403,63,247.0,3.920634920634921,0.0,0.0,6.0,58.0,9.0,6.051523769445831,2.5217391304347827,2.5217391304347827,23.0,0,0.0,1.0,1,6.0,0.4100523490009973,0.0,0.0,1.0,0.0,0.0,0.2132771694695563,1.0,30.0,0.7087413107074898,4.0,22.0,0.2879958542878913,0.0,0.0,0.9291971253625692
1040.0,5,39.0,0.639344262295082,8.017746785442132,61,238.0,3.901639344262295,0.0,0.0,4.0,63.0,5.0,6.976370697309261,2.863636363636364,2.863636363636364,22.0,0,0.0,1.0,1,5.0,0.3789234393312695,0.0,0.0,0.635744219514055,0.0,0.0,0.5113709542116274,1.0,42.0,0.6855673773649734,2.0,16.0,0.3715848892465112,0.0,0.0,1.0
1048.0,12,64.0,0.9411764705882352,6.204958596676088,68,258.0,3.794117647058824,20.0,0.2941176470588235,9.0,84.0,21.0,4.931412467972816,2.333333333333333,2.333333333333333,36.0,0,0.0,0.989839461712317,0,6.0,0.1586573407149659,0.0,2.0,0.4511651522982319,1.0,1.0,0.2669866513944227,3.0,57.0,0.4300505015256844,4.0,12.0,0.2296529551463483,1.0,6.0,0.3764262905704604
1056.0,18,159.0,2.373134328358209,6.700411323015368,67,349.0,5.208955223880597,91.0,1.3582089552238803,12.0,152.0,68.0,5.081250544140264,5.066666666666666,5.066666666666666,30.0,0,0.0,1.0,1,11.0,0.3861797731480365,1.0,7.0,0.4318985303943559,3.0,16.0,0.3764512664102432,2.0,65.0,0.4562597805873928,5.0,53.0,0.2140876499909585,0.0,0.0,0.4698498519283922
1064.0,15,106.0,1.4929577464788732,6.440937113681172,71,428.0,6.028169014084507,79.0,1.1126760563380282,10.0,147.0,0.0,4.646099311889591,4.9,4.9,30.0,0,0.0,0.8656774166259604,1,19.0,0.4172342353940445,0.0,0.0,1.0,1.0,21.0,0.1257277022278541,4.0,46.0,0.237967293778124,3.0,54.0,0.3960352862138427,1.0,7.0,0.0
1072.0,15,153.0,2.095890410958904,7.503122764125801,73,547.0,7.493150684931507,119.0,1.63013698630137,12.0,191.0,44.0,5.9234007129353525,5.162162162162162,5.162162162162162,37.0,1,3.0,0.4960122902055192,1,27.0,0.0,0.0,0.0,1.0,1.0,20.0,0.5753276241447035,1.0,70.0,0.5420497691954721,6.0,68.0,0.2834961117189569,2.0,3.0,0.4173620706633217
1080.0,12,71.0,0.9726027397260274,7.374087406953548,73,608.0,8.32876712328767,61.0,0.8356164383561644,9.0,211.0,20.0,5.56570497201344,5.410256410256411,5.410256410256411,39.0,1,3.0,0.2604691407775911,1,4.0,0.3377486379585137,0.0,0.0,1.0,0.0,0.0,0.890788146506452,2.0,98.0,0.3974513138341751,5.0,103.0,0.4056266537886556,0.0,3.0,0.3891163238055527
1088.0,13,75.0,1.0714285714285714,7.09630254868789,70,672.0,9.6,64.0,0.9142857142857144,10.0,234.0,23.0,3.954622698785688,6.882352941176471,6.882352941176471,34.0,0,0.0,0.858186317948678,1,1.0,0.0009033603141697,0.0,0.0,0.8504233309665277,1.0,6.0,0.3413868855601711,4.0,128.0,0.1147230945668238,4.0,99.0,0.3565725312015699,0.0,0.0,0.9468679942720362
1096.0,11,81.0,1.125,7.044579517992082,72,712.0,9.88888888888889,40.0,0.5555555555555556,8.0,203.0,0.0,4.388357492900303,5.8,5.8,35.0,0,0.0,1.0,0,0.0,1.0,0.0,0.0,1.0,1.0,3.0,0.0416804071088954,0.0,81.0,0.2834777581075209,7.0,119.0,0.2194024472389916,0.0,0.0,0.9149739337575392
1104.0,16,81.0,1.1408450704225352,7.151745378534173,71,716.0,10.084507042253522,4.0,0.056338028169014,14.0,179.0,0.0,4.7728472599840455,4.475,4.475,40.0,0,0.0,0.1110282134683236,0,0.0,0.9204251203030556,1.0,1.0,0.7274847005565619,0.0,0.0,0.9345929674331398,4.0,84.0,0.2593749215814938,9.0,94.0,0.2389617602675006,0.0,0.0,0.4296506986399567
1112.0,15,50.0,0.6410256410256411,5.3848669716344455,78,708.0,9.076923076923077,0.0,0.0,11.0,109.0,0.0,3.205292696017436,2.7948717948717947,2.7948717948717947,39.0,1,5.0,0.0005821512214352,0,0.0,0.0079718862501264,4.0,19.0,0.2948579355645876,1.0,4.0,0.0670699598886917,2.0,56.0,0.1971597212432217,2.0,21.0,0.3448738957047602,1.0,4.0,0.2623997910652839
1120.0,15,92.0,1.0823529411764703,5.8070610839840615,85,698.0,8.211764705882352,0.0,0.0,13.0,167.0,58.0,3.887695643749459,3.7111111111111112,3.7111111111111112,45.0,0,0.0,1.0,1,2.0,0.089755656935466,1.0,5.0,0.1346914382894136,0.0,0.0,0.3994369485470662,6.0,101.0,0.2929645000527357,3.0,29.0,0.292158428711187,2.0,30.0,0.44109661567071
1128.0,19,110.0,1.2790697674418603,6.339313932523296,86,747.0,8.686046511627907,49.0,0.5697674418604651,19.0,203.0,36.0,3.6183166808895706,4.319148936170213,4.319148936170213,47.0,0,0.0,0.8844502811816962,0,0.0,0.5457381382192629,2.0,8.0,0.0012099185499348,0.0,1.0,0.8195052921762827,4.0,106.0,0.2351126765327924,9.0,60.0,0.2365205043696661,4.0,28.0,0.1227971642329519
1136.0,18,83.0,0.9540229885057472,6.713391592109463,87,755.0,8.67816091954023,8.0,0.0919540229885057,15.0,220.0,17.0,4.245126395456529,5.116279069767442,5.116279069767442,43.0,1,2.0,0.4809535324632705,1,12.0,0.738416445173663,0.0,0.0,1.0,2.0,4.0,0.1617796231607007,6.0,121.0,0.2394634876960516,2.0,30.0,0.1827291031368268,3.0,51.0,0.335397483935161
1144.0,16,119.0,1.4,7.555569507927338,85,846.0,9.952941176470588,91.0,1.0705882352941176,14.0,234.0,14.0,4.859468539155755,5.571428571428571,5.571428571428571,42.0,1,4.0,1.2414009367127726e-05,4,36.0,0.3569521145661354,0.0,0.0,1.0,0.0,0.0,1.0,6.0,151.0,0.296309142979452,3.0,37.0,0.3531972579053911,0.0,6.0,0.7778791415543173
1152.0,4,10.0,0.1176470588235294,7.889044353077084,85,744.0,8.75294117647059,0.0,0.0,4.0,112.0,0.0,5.784113609057418,2.8,2.8,40.0,1,3.0,0.4041216166448704,1,9.0,0.4382528214976031,1.0,0.0,0.5362035891590758,0.0,0.0,1.0,1.0,82.0,0.3721274367549397,0.0,18.0,0.3808441985121216,0.0,0.0,1.0
1160.0,13,53.0,0.6883116883116883,7.839374345954597,77,627.0,8.142857142857142,0.0,0.0,11.0,133.0,21.0,6.207539464452459,2.891304347826087,2.891304347826087,46.0,1,1.0,0.4114416448499139,2,13.0,0.0001148977540717,3.0,8.0,0.5240164071982079,1.0,1.0,0.4012643878703044,3.0,89.0,0.3052771519755689,1.0,21.0,0.7836463978247705,0.0,0.0,1.0
1168.0,10,45.0,0.6164383561643836,6.553827306763352,73,676.0,9.26027397260274,49.0,0.6712328767123288,9.0,145.0,12.0,4.3590578647983,3.717948717948718,3.717948717948718,39.0,2,17.0,0.1775446264265302,0,0.0,0.9604606598327994,2.0,10.0,0.5246839198754017,0.0,0.0,0.2859225320477892,5.0,118.0,0.1047156770462547,0.0,0.0,0.6536633929457045,0.0,0.0,0.8265638175555414
1176.0,6,39.0,0.5416666666666666,7.954170068876326,72,658.0,9.13888888888889,0.0,0.0,6.0,134.0,0.0,3.7367942024715433,4.785714285714286,4.785714285714286,28.0,1,8.0,0.1316617991490258,0,0.0,0.9235671591812714,1.0,5.0,0.2706486598222999,0.0,0.0,1.0,4.0,121.0,0.1113166974049,0.0,0.0,1.0,0.0,0.0,0.9691417833676192
1184.0,9,66.0,1.1578947368421053,7.762908051310292,57,537.0,9.421052631578949,0.0,0.0,7.0,161.0,27.0,4.119464182238887,7.318181818181818,7.318181818181818,22.0,2,17.0,0.0034957466631544,0,15.0,0.8127379587881781,2.0,21.0,0.3858374783878731,0.0,0.0,1.0,3.0,108.0,0.0827773640719092,0.0,0.0,1.0,0.0,0.0,0.7132115149115661
1192.0,4,62.0,1.169811320754717,9.22743436437766,53,472.0,8.90566037735849,0.0,0.0,3.0,96.0,0.0,6.72567601963534,5.333333333333333,5.333333333333333,18.0,0,0.0,1.0,0,7.0,0.9695131664950476,1.0,4.0,0.3518885816595292,0.0,0.0,0.0232348221077949,2.0,85.0,0.3986263327618799,0.0,0.0,0.6694680229608821,0.0,0.0,1.0
1200.0,12,106.0,2.0,7.510015515227621,53,307.0,5.79245283018868,0.0,0.0,9.0,103.0,7.0,5.6410579641726,4.12,4.12,25.0,2,5.0,0.2485596410767627,0,7.0,0.6911960640438262,2.0,4.0,0.0977548084611648,1.0,8.0,0.0,2.0,72.0,0.3557105067160698,2.0,7.0,0.497602675108213,0.0,0.0,0.9068349039893208
1208.0,13,147.0,2.333333333333333,7.811582739629612,63,334.0,5.301587301587301,27.0,0.4285714285714285,10.0,130.0,27.0,5.72737470557396,5.0,5.0,26.0,3,19.0,0.2418834804167899,2,23.0,0.45950022967655,0.0,0.0,0.5545660050797124,0.0,0.0,0.9440548366198546,2.0,79.0,0.2491704101671832,0.0,0.0,0.6975620209197628,3.0,9.0,0.0155454653313886
1216.0,6,113.0,1.7384615384615385,7.596978245381131,65,321.0,4.938461538461539,0.0,0.0,3.0,90.0,0.0,7.100475306184597,3.4615384615384617,3.4615384615384617,26.0,0,1.0,0.5795218840203674,1,10.0,0.653375714110387,1.0,3.0,0.1862002749145249,0.0,0.0,0.9201398062642526,1.0,73.0,0.6470421262809718,0.0,3.0,0.6245462811454682,0.0,0.0,0.3319568867121713
1224.0,11,144.0,1.9726027397260275,8.407228146525314,73,328.0,4.493150684931507,7.0,0.0958904109589041,7.0,113.0,23.0,7.420357754151574,3.323529411764706,3.323529411764706,34.0,1,2.0,0.4543762885832972,2,4.0,0.0155063927504893,2.0,16.0,0.3808503476986316,1.0,6.0,0.5870782856336334,1.0,77.0,0.6659931243066678,0.0,8.0,0.685099565882294,0.0,0.0,0.7754328676727279
1232.0,13,49.0,0.5833333333333334,7.056356632051164,84,378.0,4.5,50.0,0.5952380952380952,10.0,50.0,0.0,4.153073718364991,1.6129032258064515,1.6129032258064515,31.0,0,0.0,0.924525825709364,0,9.0,0.1943452188662519,1.0,4.0,0.2722087804406303,2.0,16.0,0.1424153188001506,3.0,8.0,0.2018939603350011,0.0,0.0,0.4218264070809061,4.0,13.0,0.2925745147300995
1240.0,11,39.0,0.4698795180722891,8.043262461395667,83,386.0,4.650602409638554,8.0,0.0963855421686747,9.0,85.0,35.0,6.607461433589859,2.2972972972972974,2.2972972972972974,37.0,0,0.0,1.0,0,7.0,0.8569580757492185,3.0,20.0,0.1996720056106041,3.0,17.0,0.0852124085761651,0.0,26.0,0.6454401228863862,1.0,5.0,0.37862607698211,2.0,10.0,0.6093510931946674
1248.0,15,47.0,0.5595238095238095,7.95419754101647,84,440.0,5.238095238095238,54.0,0.6428571428571429,13.0,121.0,36.0,7.38379674410396,2.2830188679245285,2.2830188679245285,53.0,0,7.0,0.9024291489565864,0,13.0,0.7223295843691842,3.0,28.0,0.0695626495689925,0.0,6.0,0.422224031349988,0.0,6.0,0.8908557266648203,1.0,22.0,0.822584586097315,9.0,39.0,0.1567680503714819
1256.0,14,74.0,0.8222222222222222,8.268827592758022,90,546.0,6.066666666666666,106.0,1.1777777777777778,11.0,91.0,0.0,7.164722671761533,2.275,2.275,40.0,2,8.0,0.3226442157120956,0,0.0,0.6901810889599136,1.0,16.0,0.6326344709202454,1.0,2.0,0.603393687131159,0.0,6.0,0.8021462444722444,2.0,11.0,0.5745607827398301,5.0,48.0,0.1307086447830358
1264.0,12,107.0,1.289156626506024,7.681932433001459,83,573.0,6.903614457831325,27.0,0.3253012048192771,12.0,201.0,110.0,6.343366572517129,5.289473684210527,5.289473684210527,38.0,0,0.0,0.3746383495484455,0,4.0,0.954046779742166,2.0,73.0,0.5218026294208036,2.0,15.0,0.2689756087172889,1.0,7.0,8.388245976729526e-06,0.0,9.0,0.7060257829979247,7.0,93.0,0.1538537011808234
1272.0,7,42.0,0.5060240963855421,8.9801206767278,83,633.0,7.626506024096385,60.0,0.7228915662650602,5.0,75.0,0.0,8.868884240627764,2.6785714285714284,2.6785714285714284,28.0,0,0.0,0.9187166495766156,0,0.0,0.9362431438147746,0.0,0.0,0.5241170945334106,2.0,31.0,0.0,0.0,11.0,0.9310039505131182,1.0,5.0,0.6598609325372194,2.0,28.0,0.6169008415722906
1280.0,9,52.0,0.6753246753246753,10.067374523567509,77,546.0,7.090909090909091,0.0,0.0,4.0,58.0,0.0,8.658320260565322,3.0526315789473686,3.0526315789473686,19.0,0,0.0,1.0,0,0.0,0.9368170864558676,0.0,0.0,0.8576160687177736,0.0,0.0,1.0,1.0,15.0,0.649730674545527,0.0,4.0,0.6700331340275854,3.0,39.0,0.494154853723888
1288.0,14,130.0,1.8571428571428568,8.666452122687282,70,570.0,8.142857142857142,24.0,0.3428571428571428,8.0,102.0,44.0,6.801713073921654,4.08,4.08,25.0,1,1.0,0.2634862075988026,0,6.0,0.9769400758849782,2.0,6.0,0.0850127637337101,0.0,0.0,1.0,1.0,20.0,0.659489545903465,0.0,0.0,0.7201010893267737,4.0,69.0,0.1965234696181091
1296.0,10,115.0,1.4743589743589745,7.744853220361258,78,624.0,8.0,54.0,0.6923076923076923,7.0,108.0,6.0,6.54513822127304,3.085714285714286,3.085714285714286,35.0,0,0.0,1.0,2,12.0,0.4747816693858807,0.0,3.0,0.7287060018189825,1.0,7.0,0.2264027679842568,1.0,14.0,0.5295591127452762,1.0,2.0,0.663835577346282,2.0,70.0,0.1654996983510384
1304.0,17,63.0,0.8181818181818182,6.723788937690566,77,531.0,6.896103896103896,0.0,0.0,15.0,107.0,0.0,4.167949356864502,2.8157894736842106,2.8157894736842106,38.0,0,0.0,0.8954446415324202,3,7.0,0.0025589131814453,2.0,6.0,0.1589829765580892,5.0,40.0,0.1621527824569024,4.0,24.0,0.2581589308381172,1.0,12.0,0.590145647369161,0.0,18.0,0.6387933097649935
1312.0,22,135.0,1.7088607594936709,6.502992600611965,79,587.0,7.430379746835443,56.0,0.7088607594936709,21.0,196.0,89.0,3.0016385431784887,5.0256410256410255,5.0256410256410255,39.0,3,9.0,0.2803215517830062,0,13.0,0.6062307506209,0.0,4.0,0.3263024744528441,2.0,27.0,0.0,9.0,85.0,0.055752033292448,5.0,29.0,0.2552237856454944,2.0,29.0,0.2954758022237942
1320.0,10,59.0,0.7564102564102564,7.251408186824841,78,606.0,7.769230769230769,19.0,0.2435897435897435,10.0,144.0,0.0,4.59449411162141,4.0,4.0,36.0,2,18.0,0.2390716345029702,2,7.0,0.2436052924706261,0.0,0.0,0.7241031758162586,1.0,27.0,0.0,1.0,65.0,0.3305389204033686,0.0,1.0,0.657926257459222,4.0,26.0,0.2086538840587385
1328.0,15,53.0,0.6708860759493671,7.804210224302303,79,669.0,8.468354430379748,63.0,0.7974683544303798,11.0,118.0,0.0,6.886700385192196,2.6818181818181817,2.6818181818181817,44.0,4,41.0,0.1510465960373539,2,12.0,0.547800571915898,3.0,10.0,0.246528417190164,1.0,15.0,0.4511256123629567,1.0,30.0,0.5519470978942762,0.0,3.0,0.6936664983963862,0.0,7.0,0.8961445004821833
1336.0,4,15.0,0.1923076923076923,9.310709588738408,78,639.0,8.192307692307692,0.0,0.0,4.0,56.0,0.0,7.434569630249581,1.9310344827586208,1.9310344827586208,29.0,1,8.0,0.4677359496621075,2,18.0,0.3053706340963222,0.0,3.0,0.9338525459464876,0.0,0.0,0.3829957925927164,0.0,13.0,0.517310904532135,1.0,14.0,0.6066019958545582,0.0,0.0,1.0
1344.0,17,103.0,1.4507042253521127,7.60669469413321,71,685.0,9.647887323943662,46.0,0.647887323943662,16.0,137.0,81.0,3.049184811726766,4.419354838709677,4.419354838709677,31.0,2,25.0,0.2476127927974192,3,39.0,0.1054063836496099,0.0,0.0,1.0,3.0,12.0,0.281375991196401,0.0,2.0,0.6805966583806132,8.0,59.0,0.0150165207875461,0.0,0.0,1.0
1352.0,4,36.0,0.5625,8.510114190482033,64,693.0,10.828125,8.0,0.125,4.0,92.0,0.0,6.333032500480688,3.8333333333333335,3.8333333333333335,24.0,1,24.0,0.0073630738376946,0,10.0,0.8924280677477765,0.0,3.0,0.9367874326110556,3.0,24.0,0.1460807897709022,0.0,3.0,0.754271204441145,0.0,25.0,0.4373699323175768,0.0,3.0,0.7502327106511009
1360.0,9,32.0,0.5614035087719298,9.529474457525517,57,565.0,9.912280701754383,0.0,0.0,8.0,61.0,0.0,6.4720759297573816,3.210526315789474,3.210526315789474,19.0,1,2.0,0.0024006179679709,0,0.0,0.8209028160569961,0.0,0.0,1.0,7.0,41.0,0.0027635271052186,0.0,7.0,0.8864107541116382,0.0,3.0,0.9239643321580192,0.0,8.0,0.9564177354063425
1368.0,5,27.0,0.5294117647058824,8.324619633995383,51,511.0,10.019607843137257,0.0,0.0,4.0,57.0,0.0,5.275756811088252,3.0,3.0,19.0,0,0.0,0.953403789574034,0,0.0,1.0,0.0,1.0,0.8753119399165851,2.0,38.0,0.1955280350678305,0.0,0.0,0.3058464543748972,0.0,3.0,0.9270446884572464,2.0,15.0,0.1909216722044704
1376.0,7,27.0,0.5625,8.671978567434795,48,463.0,9.645833333333334,0.0,0.0,6.0,53.0,0.0,5.204682315893459,3.533333333333333,3.533333333333333,15.0,0,0.0,1.0,0,5.0,0.8633702083510378,1.0,5.0,0.4694846478988837,3.0,30.0,0.1034764644593937,2.0,13.0,0.1563951570314744,0.0,0.0,1.0,0.0,0.0,0.7572472980042665
1384.0,7,38.0,0.926829268292683,8.305190547777487,41,332.0,8.097560975609756,0.0,0.0,5.0,49.0,0.0,7.370749172180268,3.0625,3.0625,16.0,1,1.0,0.2326615863770694,0,3.0,0.8564468648530585,1.0,11.0,0.6352613372314185,1.0,5.0,0.3387008040802189,2.0,29.0,0.0,0.0,0.0,0.9199014424688176,0.0,0.0,1.0
1392.0,3,7.0,0.1666666666666666,8.758490997241896,42,252.0,6.0,0.0,0.0,2.0,13.0,0.0,6.466993414653175,0.9285714285714286,0.9285714285714286,14.0,0,0.0,0.7259606023228969,1,4.0,0.533364161792113,0.0,0.0,0.1372183143830541,1.0,3.0,0.0002621585146118,0.0,6.0,0.2610273224200883,0.0,0.0,0.6541409445272048,0.0,0.0,1.0
1400.0,8,41.0,0.82,8.391183589974782,50,229.0,4.58,0.0,0.0,8.0,55.0,42.0,5.492407023526688,2.75,2.75,20.0,2,8.0,0.0003026154408127,4,29.0,0.330623506897364,1.0,0.0,0.553050004367089,0.0,7.0,0.3444696131381125,0.0,2.0,0.4533809603090296,1.0,9.0,0.4632387741840854,0.0,0.0,0.9206621350222226
1408.0,7,16.0,0.3018867924528302,7.842277047983519,53,244.0,4.60377358490566,15.0,0.2830188679245283,7.0,43.0,0.0,5.57921704141915,1.6538461538461535,1.6538461538461535,26.0,2,4.0,0.1818753268705722,1,17.0,0.5679325687679794,1.0,2.0,0.461067428556465,0.0,0.0,1.0,3.0,18.0,0.1645133724949178,0.0,2.0,0.8293270473343911,0.0,0.0,1.0
1416.0,13,45.0,0.8035714285714286,7.2316356285463375,56,285.0,5.089285714285714,41.0,0.7321428571428571,11.0,68.0,25.0,4.097787959029186,3.238095238095238,3.238095238095238,21.0,5,31.0,2.657003346486757e-05,5,22.0,0.1279019230173484,1.0,1.0,0.0048309855571993,0.0,0.0,1.0,0.0,11.0,0.5950777588739803,0.0,3.0,0.8039987198793004,0.0,0.0,0.687769758254589
1424.0,3,6.0,0.0967741935483871,9.249661185987408,62,344.0,5.548387096774194,59.0,0.9516129032258064,0.0,61.0,0.0,9.185824677256392,2.772727272727273,2.772727272727273,22.0,0,23.0,0.5110658711206377,0,21.0,0.3692543902970482,0.0,10.0,0.928420406829706,0.0,0.0,0.3912243338749556,0.0,0.0,1.0,0.0,7.0,0.9392596711100476,0.0,0.0,0.998731870375732
1432.0,9,25.0,0.373134328358209,8.203166660770323,67,365.0,5.447761194029851,21.0,0.3134328358208955,8.0,66.0,5.0,6.278489058925528,2.64,2.64,25.0,6,48.0,0.1397610283670809,1,14.0,0.5354614768932475,0.0,0.0,0.991502549783774,0.0,0.0,1.0,0.0,0.0,0.672898515800096,0.0,0.0,0.7487074283484388,1.0,4.0,0.5134531860726572
1440.0,11,36.0,0.5217391304347826,7.989041398829709,69,417.0,6.043478260869565,52.0,0.7536231884057971,4.0,52.0,0.0,7.431805218500042,2.363636363636364,2.363636363636364,22.0,3,40.0,0.3524472435488132,1,12.0,0.4002984208777277,0.0,0.0,1.0,0.0,0.0,1.0,0.0,0.0,0.9407472002845596,0.0,0.0,0.7608049227267504,0.0,0.0,0.7293043977274133
1448.0,7,21.0,0.3333333333333333,8.015233147077746,63,410.0,6.507936507936508,0.0,0.0,7.0,70.0,18.0,5.523520593391216,2.592592592592593,2.592592592592593,27.0,5,63.0,0.0700262503296294,0,3.0,0.6313895422456234,0.0,0.0,1.0,1.0,1.0,0.1486739503306949,0.0,0.0,0.834941406174604,1.0,3.0,0.4875154473599983,0.0,0.0,0.980232752275421
1456.0,14,80.0,1.3114754098360657,6.913913833275052,61,429.0,7.032786885245901,19.0,0.3114754098360656,10.0,106.0,36.0,5.287430027170374,4.076923076923077,4.076923076923077,26.0,2,48.0,0.1632182846847851,0,6.0,0.9371692740742869,0.0,0.0,1.0,3.0,20.0,0.0941545730993042,0.0,0.0,0.8330637742065647,5.0,32.0,0.3176747909462009,0.0,0.0,1.0
1464.0,8,17.0,0.2833333333333333,7.560222479537685,60,405.0,6.75,0.0,0.0,7.0,89.0,0.0,6.259514263920775,3.869565217391304,3.869565217391304,23.0,6,71.0,0.0296283281895424,0,5.0,0.5369971072344457,0.0,0.0,1.0,0.0,0.0,0.8433094373798397,0.0,0.0,0.9014221543150344,1.0,10.0,0.544668016158293,0.0,3.0,0.6941643623327874
1472.0,8,40.0,0.6153846153846154,8.627168564434953,65,430.0,6.615384615384615,25.0,0.3846153846153846,5.0,90.0,1.0,8.144339079976818,3.333333333333333,3.333333333333333,27.0,1,41.0,0.2435585984398059,2,11.0,0.0193147963982088,0.0,0.0,0.9582931224436756,0.0,0.0,1.0,1.0,11.0,0.5785574124205667,1.0,13.0,0.6513722938559223,0.0,14.0,0.8619400314330459
1480.0,11,18.0,0.2686567164179104,6.741562432346508,67,416.0,6.208955223880597,0.0,0.0,7.0,99.0,9.0,4.686355109999313,3.5357142857142856,3.5357142857142856,28.0,3,69.0,0.0006074576097827,0,8.0,0.5923899457958537,0.0,0.0,1.0,1.0,2.0,0.4405548410193694,2.0,19.0,0.2155463090334309,1.0,1.0,0.5056759434217093,0.0,0.0,0.288452435264534
1488.0,5,20.0,0.3225806451612903,9.026224037089252,62,411.0,6.629032258064516,0.0,0.0,4.0,64.0,0.0,6.998287190708047,3.0476190476190474,3.0476190476190474,21.0,0,27.0,0.5620166964373865,2,13.0,0.4187813019013811,0.0,0.0,1.0,0.0,0.0,1.0,0.0,4.0,0.5667245982444353,2.0,17.0,0.4758474798461608,0.0,3.0,0.9412553845486044
1496.0,7,41.0,0.7735849056603774,9.996323794629417,53,366.0,6.90566037735849,0.0,0.0,7.0,59.0,0.0,7.416482428084372,2.95,2.95,20.0,0,0.0,0.9872772061038114,4,30.0,0.326701129553527,0.0,3.0,0.9334996094393546,0.0,0.0,1.0,3.0,13.0,0.3637490847607987,0.0,13.0,0.7457585654889926,0.0,0.0,1.0
1504.0,9,35.0,0.6730769230769231,7.580043568231734,52,349.0,6.711538461538462,0.0,0.0,7.0,109.0,50.0,6.050615296826668,4.037037037037037,4.037037037037037,27.0,1,3.0,0.3179821253122836,1,62.0,0.3778431609777712,1.0,0.0,0.0,0.0,0.0,1.0,4.0,31.0,0.0003417921767869,0.0,7.0,0.7340439233962598,0.0,6.0,0.7697364645752991
1512.0,3,8.0,0.1739130434782608,9.73904785808833,46,303.0,6.586956521739131,0.0,0.0,2.0,22.0,0.0,9.127353879830634,2.0,2.0,11.0,0,1.0,0.7427650950559532,1,12.0,0.2373691240903097,0.0,2.0,0.9685539216009442,0.0,0.0,1.0,0.0,0.0,1.0,1.0,7.0,0.5690135116928697,0.0,0.0,0.9386184775500012
1520.0,6,15.0,0.3658536585365853,9.131538980009424,41,202.0,4.926829268292683,0.0,0.0,5.0,35.0,13.0,5.857183735826765,2.5,2.5,14.0,2,12.0,0.2874124208266265,1,5.0,0.0,1.0,7.0,0.4566655537343078,0.0,0.0,0.2936153552625102,0.0,3.0,0.6974025646402786,0.0,7.0,0.8664460552225947,1.0,1.0,0.0051441873616593
1528.0,3,15.0,0.3260869565217391,8.64409029887965,46,197.0,4.282608695652174,0.0,0.0,3.0,34.0,0.0,7.4368845227344655,1.7894736842105263,1.7894736842105263,19.0,1,7.0,0.1958218777540953,0,4.0,0.7452622336508997,1.0,20.0,0.704336156776274,0.0,0.0,1.0,0.0,3.0,0.9343275958851244,1.0,0.0,0.5236032968394393,0.0,0.0,1.0
1536.0,7,21.0,0.4285714285714285,7.822325648706166,49,145.0,2.959183673469388,0.0,0.0,6.0,30.0,0.0,5.617159041298972,1.875,1.875,16.0,3,18.0,9.922289180311368e-05,1,6.0,0.6211138224500895,0.0,3.0,0.3749149201887112,0.0,0.0,0.1511508809488446,1.0,3.0,0.5815427510186703,1.0,0.0,0.441988054807463,0.0,0.0,1.0
1544.0,5,12.0,0.2448979591836734,8.570462781540195,49,166.0,3.3877551020408165,21.0,0.4285714285714285,5.0,38.0,8.0,7.337981289434122,1.5833333333333333,1.5833333333333333,24.0,0,8.0,0.2655351727380293,3,19.0,0.2332499779055893,0.0,3.0,0.8896677204394431,0.0,0.0,0.9259660910334664,0.0,3.0,0.6700368973346923,2.0,5.0,0.3363832474116913,0.0,0.0,1.0
1552.0,3,9.0,0.173076923076923,7.626526504547505,52,155.0,2.980769230769231,0.0,0.0,2.0,21.0,0.0,7.143131982487955,0.9130434782608696,0.9130434782608696,23.0,0,0.0,1.0,0,3.0,0.4201292297825628,0.0,0.0,0.6354786103981853,1.0,8.0,0.1867801818751562,0.0,1.0,0.4868652223000824,1.0,6.0,0.5895410786145809,0.0,3.0,0.7908057963352277
1560.0,8,46.0,0.8070175438596491,8.719234136046863,57,196.0,3.43859649122807,41.0,0.7192982456140351,6.0,45.0,24.0,7.738488332319815,1.9565217391304348,1.9565217391304348,23.0,0,0.0,0.9059422068300188,0,3.0,0.963487387106306,0.0,0.0,0.6639076989577701,0.0,0.0,0.3300825650320872,3.0,17.0,0.3622427837459686,3.0,22.0,0.5721955910087717,0.0,3.0,0.951725515792874
1568.0,14,80.0,1.3559322033898304,7.34339875776183,59,248.0,4.203389830508475,52.0,0.8813559322033898,9.0,63.0,18.0,5.236552108330994,2.863636363636364,2.863636363636364,22.0,1,3.0,0.0002055086757141,0,0.0,0.2124156231606933,1.0,10.0,0.6851768561636604,0.0,0.0,0.945819827508887,1.0,22.0,0.4782525646793898,6.0,28.0,0.1974123062533653,0.0,0.0,1.0
1576.0,4,46.0,0.7931034482758621,8.944886407492918,58,301.0,5.189655172413793,53.0,0.913793103448276,1.0,54.0,0.0,9.603304335637231,2.16,2.16,25.0,0,0.0,0.7596807751587211,0,0.0,0.3747764021898979,0.0,10.0,0.839392641121945,0.0,0.0,1.0,1.0,23.0,0.4471382365644352,0.0,14.0,0.7190392682106375,0.0,7.0,0.8430864499669388
1584.0,8,73.0,1.2372881355932204,8.240853139698082,59,268.0,4.5423728813559325,0.0,0.0,5.0,59.0,5.0,5.734016630522293,3.1052631578947367,3.1052631578947367,19.0,1,2.0,0.001217651592717,0,0.0,1.0,0.0,5.0,0.3435038620663919,0.0,0.0,1.0,3.0,38.0,0.1835987046258556,1.0,7.0,0.6044215309765606,0.0,7.0,0.733845623528687
1592.0,6,103.0,2.1020408163265305,8.427092616942613,49,242.0,4.938775510204081,0.0,0.0,2.0,54.0,0.0,7.957681311699882,3.0,3.0,18.0,0,4.0,0.776247536655617,0,3.0,0.9569252136472608,0.0,0.0,0.9775093139959216,0.0,0.0,0.9521090708541544,1.0,43.0,0.399252166965808,1.0,4.0,0.5366520566436075,0.0,0.0,0.4608213986137081
1600.0,8,23.0,0.4893617021276595,7.186132371827643,47,246.0,5.23404255319149,4.0,0.0851063829787234,8.0,90.0,36.0,5.57917984508647,3.9130434782608696,3.9130434782608696,23.0,0,0.0,0.6690584480719078,1,2.0,0.19245591376218,1.0,2.0,0.146019816383253,0.0,0.0,1.0,4.0,69.0,0.3186017719508979,1.0,11.0,0.7089664629699832,1.0,6.0,0.0
1608.0,11,31.0,0.7045454545454546,6.530629668040291,44,279.0,6.340909090909091,33.0,0.75,8.0,131.0,41.0,4.3871350435600975,6.55,6.55,20.0,0,0.0,0.4316225979746053,0,3.0,0.8514872725582553,0.0,0.0,0.8202805812520899,0.0,0.0,1.0,4.0,103.0,0.1652341007150277,4.0,22.0,0.2419882374575419,0.0,3.0,0.6313489918193499
1616.0,8,51.0,1.108695652173913,7.686454783483914,46,315.0,6.8478260869565215,36.0,0.782608695652174,5.0,122.0,0.0,7.503038409914446,5.304347826086956,5.304347826086956,23.0,1,1.0,0.3497269738073527,0,0.0,1.0,1.0,3.0,7.536901635816579e-06,0.0,0.0,1.0,2.0,85.0,0.4780868146406926,0.0,23.0,0.8176416316868512,1.0,10.0,0.4405143443141825
1624.0,6,57.0,1.2127659574468086,8.56147928765189,47,333.0,7.085106382978723,18.0,0.3829787234042553,5.0,123.0,1.0,7.915641311762153,4.730769230769231,4.730769230769231,26.0,0,0.0,0.7035113317470854,0,0.0,1.0,0.0,7.0,0.8928348255801699,0.0,0.0,1.0,2.0,96.0,0.0437057266586043,1.0,11.0,0.5844491580321147,2.0,9.0,0.5515968745423748
1632.0,10,95.0,2.021276595744681,6.283663269582569,47,335.0,7.127659574468085,2.0,0.0425531914893617,9.0,150.0,27.0,3.88543107044849,6.818181818181818,6.818181818181818,22.0,1,1.0,0.0032545204074993,0,0.0,0.973579031744568,0.0,2.0,0.4603145782781639,1.0,5.0,0.0012796481173705,2.0,109.0,0.3023421352995716,3.0,24.0,0.2070550899101832,2.0,9.0,0.2950008691357352
1640.0,6,100.0,1.96078431372549,7.537378239081101,51,348.0,6.823529411764706,13.0,0.2549019607843137,3.0,172.0,22.0,6.278091879961557,7.818181818181818,7.818181818181818,22.0,0,0.0,1.0,0,6.0,0.9338520085799096,0.0,3.0,0.0367491954692708,0.0,0.0,1.0,2.0,128.0,0.4847152286368308,1.0,35.0,0.3865127359053106,0.0,0.0,0.4254071030212981
1648.0,8,51.0,1.02,8.401865362040034,50,329.0,6.58,0.0,0.0,6.0,68.0,0.0,8.043505815475086,3.238095238095238,3.238095238095238,21.0,0,0.0,1.0,1,6.0,0.5034488958271753,0.0,6.0,0.9472913940214251,0.0,0.0,0.925224105201564,1.0,11.0,0.7330672605206888,4.0,45.0,0.3040193490785579,0.0,0.0,0.277872945769541
1656.0,8,62.0,1.0333333333333334,7.224632875006453,60,350.0,5.833333333333333,21.0,0.35,6.0,73.0,5.0,5.108100320449752,4.5625,4.5625,16.0,0,0.0,1.0,2,7.0,0.0043931709652068,0.0,0.0,1.0,0.0,0.0,0.8411869421528726,2.0,13.0,0.4209139304650867,2.0,51.0,0.2903677752362268,0.0,2.0,0.3369974466002627
1664.0,9,42.0,0.65625,8.174201920128684,64,371.0,5.796875,21.0,0.328125,5.0,48.0,0.0,6.777201864289192,2.4,2.4,20.0,0,0.0,1.0,2,7.0,0.3636188891137582,0.0,2.0,0.7723400375933002,1.0,8.0,0.4346699579075336,2.0,29.0,0.6212673137213993,0.0,2.0,0.5743565958626672,0.0,0.0,0.1041645278648799
1672.0,12,30.0,0.4761904761904761,6.6201055427550255,63,414.0,6.571428571428571,43.0,0.6825396825396826,11.0,57.0,9.0,4.518666694405542,2.111111111111111,2.111111111111111,27.0,1,5.0,0.0009665135719357,1,8.0,0.1422282435597529,0.0,5.0,0.7320025688543187,3.0,12.0,0.1971379728553697,3.0,13.0,0.1869975529562854,3.0,7.0,0.3320330784506727,0.0,7.0,0.7991599117925631
1680.0,12,53.0,0.803030303030303,6.994902119023786,66,481.0,7.287878787878788,67.0,1.0151515151515151,10.0,89.0,32.0,3.2066538053350078,4.684210526315789,4.684210526315789,19.0,0,0.0,1.0,1,13.0,0.0,0.0,4.0,0.9370055653719628,1.0,8.0,0.2495467744405134,1.0,21.0,0.1953684336264251,5.0,37.0,0.1992000950134171,2.0,6.0,0.0987108085135844
1688.0,7,75.0,1.0714285714285714,7.895248613394321,70,485.0,6.928571428571429,4.0,0.0571428571428571,5.0,103.0,14.0,6.672517748702438,4.478260869565218,4.478260869565218,23.0,0,0.0,0.4610703772995734,0,0.0,1.0,0.0,4.0,0.7694152084991673,0.0,3.0,0.01462390661124,1.0,29.0,0.6127197972909908,4.0,62.0,0.4437243136380598,0.0,5.0,0.4247684620809928
1696.0,7,42.0,0.6086956521739131,8.34883950558823,69,484.0,7.0144927536231885,0.0,0.0,4.0,56.0,0.0,6.895400067427746,1.9310344827586208,1.9310344827586208,29.0,0,0.0,0.6070202634371072,0,0.0,1.0,1.0,2.0,0.3765320670103349,0.0,0.0,1.0,1.0,40.0,0.4410560950998131,1.0,5.0,0.5873956353855694,1.0,9.0,0.4834218501003883
1704.0,9,48.0,0.676056338028169,7.305817279782037,71,518.0,7.295774647887324,34.0,0.4788732394366197,7.0,82.0,26.0,6.603141753890919,2.411764705882353,2.411764705882353,34.0,0,3.0,0.4156251408469251,0,4.0,0.919466479572798,0.0,0.0,0.22481153261468,0.0,0.0,1.0,1.0,52.0,0.7509374282978859,4.0,18.0,0.4588028894482657,2.0,5.0,0.2726783682637119
1712.0,14,35.0,0.5072463768115942,6.456708063840009,69,559.0,8.101449275362318,41.0,0.5942028985507246,12.0,84.0,2.0,4.525302430339007,2.625,2.625,32.0,2,10.0,0.3138840641712425,1,8.0,0.0144462576213226,0.0,3.0,0.5079508032927973,0.0,0.0,1.0,4.0,19.0,0.2603698960463158,4.0,37.0,0.2991897688870725,1.0,7.0,0.5462575670934705
1720.0,3,5.0,0.078125,7.566714839649777,64,567.0,8.859375,8.0,0.125,2.0,45.0,0.0,4.750469385523299,2.0454545454545454,2.0454545454545454,22.0,0,0.0,0.0209698342090462,0,3.0,0.7253757475594549,0.0,4.0,0.9260528669368372,0.0,0.0,1.0,0.0,5.0,0.2882053559675722,2.0,28.0,0.1703359815906536,0.0,5.0,0.3627690206540779
1728.0,10,55.0,1.0,7.582246980744073,55,545.0,9.909090909090908,0.0,0.0,9.0,86.0,41.0,4.094566083873158,4.777777777777778,4.777777777777778,18.0,0,0.0,1.0,1,8.0,0.6940035140736049,1.0,10.0,0.0,0.0,0.0,1.0,1.0,10.0,0.4789624693644767,5.0,54.0,0.1428919081363655,1.0,4.0,7.427731471654911e-05
1736.0,7,43.0,0.8958333333333334,6.619787966407486,48,466.0,9.708333333333334,0.0,0.0,6.0,72.0,0.0,4.954911608210036,4.5,4.5,16.0,0,0.0,1.0,2,11.0,0.3975595541297984,0.0,3.0,0.9443354883227268,0.0,0.0,1.0,1.0,15.0,0.0,3.0,40.0,0.1863031726920344,0.0,3.0,0.7926811525097658
1744.0,6,34.0,0.68,8.49532878874519,50,486.0,9.72,20.0,0.4,5.0,91.0,19.0,6.356823261635116,4.789473684210527,4.789473684210527,19.0,0,0.0,1.0,4,37.0,0.1942186730748043,0.0,6.0,0.7883164092984157,0.0,0.0,1.0,0.0,3.0,0.7392681536573718,1.0,39.0,0.1214166106337229,0.0,6.0,0.9367171520812636
1752.0,5,33.0,0.6875,8.383644157732498,48,325.0,6.770833333333333,0.0,0.0,3.0,35.0,0.0,6.504970659248039,2.333333333333333,2.333333333333333,15.0,0,3.0,0.5950354948176719,0,0.0,0.5948956730021143,1.0,6.0,0.4400971657217492,0.0,0.0,0.4872441174627717,0.0,0.0,0.9240319515477532,1.0,26.0,0.428780946609334,1.0,0.0,0.0
1760.0,4,31.0,0.5849056603773585,8.68180581704623,53,268.0,5.056603773584905,0.0,0.0,2.0,33.0,0.0,7.818577865908444,1.5714285714285714,1.5714285714285714,21.0,0,0.0,0.4649011844327155,0,0.0,0.6927792860952722,0.0,0.0,0.448100581330384,1.0,3.0,0.0386113665439876,0.0,1.0,0.8046672150183439,1.0,29.0,0.6556329596692316,0.0,0.0,0.9973336619996956
1768.0,4,12.0,0.2307692307692307,9.422636922433702,52,251.0,4.826923076923077,0.0,0.0,4.0,30.0,0.0,7.869878275524131,1.4285714285714286,1.4285714285714286,21.0,1,10.0,0.3800821006419487,2,8.0,0.2494564736134152,0.0,3.0,0.6760434438170174,0.0,0.0,1.0,0.0,6.0,0.8489706820790537,1.0,3.0,0.6408051095158961,0.0,0.0,0.6834484836798754
1776.0,4,9.0,0.18,8.842348748906234,50,263.0,5.26,12.0,0.24,4.0,25.0,0.0,8.01316424273947,1.25,1.25,20.0,1,2.0,0.647271568908438,1,12.0,0.4773877177380754,1.0,4.0,0.4729180023159627,0.0,0.0,0.0078576002767554,0.0,3.0,0.8848582816717,0.0,0.0,0.7655164061517238,1.0,4.0,0.4917195103589631
1784.0,9,45.0,0.9574468085106383,9.043554303574572,47,259.0,5.51063829787234,0.0,0.0,5.0,32.0,7.0,7.883668342285588,1.6,1.6,20.0,1,10.0,0.3751850734033564,3,17.0,0.367873211823414,1.0,1.0,0.0036006787251117,0.0,0.0,1.0,0.0,0.0,0.9314148918841848,0.0,0.0,0.5965085578931564,0.0,4.0,0.5598130614745285
1792.0,5,5.0,0.108695652173913,7.824358448001861,46,270.0,5.869565217391305,11.0,0.2391304347826087,2.0,16.0,0.0,6.442258026585141,1.1428571428571428,1.1428571428571428,14.0,0,0.0,0.7745930068508025,0,3.0,0.5170146720730907,0.0,3.0,0.9659259786578084,0.0,0.0,1.0,2.0,4.0,0.2699630409765124,0.0,6.0,0.0692783576860598,0.0,0.0,0.6224599647569624
1800.0,1,2.0,0.0526315789473684,10.486238642066596,38,145.0,3.8157894736842106,0.0,0.0,1.0,10.0,0.0,8.016340772749718,1.4285714285714286,1.4285714285714286,7.0,0,0.0,0.9091769787122234,0,0.0,0.9951100715387622,0.0,3.0,0.9744437110957904,0.0,0.0,1.0,0.0,5.0,0.5127289486174811,0.0,0.0,1.0,1.0,2.0,0.0001275745329611
1808.0,3,8.0,0.2285714285714285,9.05612101397992,35,121.0,3.4571428571428573,0.0,0.0,3.0,27.0,17.0,8.301161490964608,1.9285714285714288,1.9285714285714288,14.0,1,2.0,0.0274468833888863,2,9.0,0.4257272774398674,0.0,10.0,0.9494937095743152,0.0,3.0,0.8600777005225347,0.0,0.0,1.0,0.0,3.0,0.5352870944135817,0.0,0.0,1.0
1816.0,5,26.0,0.7878787878787878,8.527865455228154,33,131.0,3.9696969696969697,10.0,0.303030303030303,4.0,32.0,5.0,5.972082666605265,3.2,3.2,10.0,0,0.0,1.0,3,24.0,0.3784953414852853,0.0,0.0,0.9837449288809476,1.0,8.0,0.010058190522065,0.0,0.0,0.909125786275532,0.0,0.0,1.0,0.0,0.0,0.9688012200165464
1824.0,4,21.0,0.6,9.621735584664362,35,146.0,4.171428571428572,15.0,0.4285714285714285,2.0,24.0,0.0,8.620943451066168,3.0,3.0,8.0,0,0.0,1.0,0,0.0,0.9093389283516649,0.0,0.0,0.94328792073024,2.0,24.0,0.3124234658559912,0.0,0.0,0.988119263595469,0.0,0.0,1.0,0.0,0.0,0.8069624562412239
1832.0,2,3.0,0.0697674418604651,8.491002041958128,43,135.0,3.13953488372093,0.0,0.0,2.0,11.0,0.0,5.514903411733688,1.0,1.0,11.0,0,0.0,1.0,0,8.0,0.214377441294716,1.0,2.0,0.1198934955814493,0.0,0.0,0.9487324660245808,0.0,0.0,0.9372071899642688,1.0,1.0,0.2097671406415856,0.0,0.0,1.0
1840.0,6,15.0,0.3,8.965029372075357,50,158.0,3.16,23.0,0.46,5.0,19.0,8.0,6.417265968497977,1.2666666666666666,1.2666666666666666,15.0,0,0.0,0.9368965012621364,0,0.0,0.9606688360530796,1.0,3.0,0.4828686187295556,1.0,1.0,0.4620423381856824,0.0,0.0,0.723395025867735,3.0,15.0,0.0485673972971358,0.0,0.0,0.7794538674475529
1848.0,6,18.0,0.3673469387755102,8.047269790182115,49,121.0,2.4693877551020407,0.0,0.0,5.0,27.0,8.0,4.911673033399,1.8,1.8,15.0,1,1.0,0.0040960245224697,2,6.0,0.0050111799313425,0.0,0.0,0.8095386796697994,2.0,11.0,0.1464205317177669,0.0,6.0,0.9156311443070758,0.0,3.0,0.2599342664300248,0.0,0.0,1.0
1856.0,5,41.0,0.7454545454545455,8.014763209841142,55,120.0,2.1818181818181817,0.0,0.0,5.0,68.0,41.0,7.601684022327574,2.6153846153846154,2.6153846153846154,26.0,0,0.0,0.0116909862958888,0,11.0,0.6069713670577996,1.0,2.0,0.0060175166643369,4.0,39.0,0.0,0.0,16.0,0.842926612577557,0.0,0.0,0.8353140382292312,0.0,0.0,0.5419813140928575
1864.0,13,56.0,0.875,7.297376557385396,64,165.0,2.578125,45.0,0.703125,10.0,62.0,0.0,5.211067536331684,2.8181818181818183,2.8181818181818183,22.0,0,0.0,1.0,3,13.0,0.1431671145144039,0.0,0.0,1.0,2.0,36.0,0.3302686655173563,0.0,4.0,0.809595689822897,3.0,6.0,0.0971770598818049,2.0,3.0,0.2262022003131602
1872.0,3,6.0,0.0895522388059701,8.727363069019031,67,196.0,2.925373134328358,31.0,0.4626865671641791,2.0,18.0,0.0,7.079818609323096,1.0,1.0,18.0,0,7.0,0.6294793731832903,2,6.0,0.0534471326909476,0.0,0.0,1.0,0.0,0.0,0.8449163182020312,0.0,3.0,0.6693677202627908,0.0,2.0,0.3250774576301771,0.0,0.0,0.2449047718746174
1880.0,4,13.0,0.1940298507462686,9.60352572680378,67,221.0,3.298507462686567,25.0,0.373134328358209,2.0,33.0,15.0,8.513684263150099,1.5,1.5,22.0,2,7.0,0.2777649724460155,0,10.0,0.6526661537553881,0.0,0.0,0.9273495903964952,0.0,0.0,0.4980639309458503,0.0,6.0,0.7156019075540069,0.0,7.0,0.8414670923175217,0.0,3.0,0.6876350707626188
1888.0,3,11.0,0.1692307692307692,10.14842490864316,65,182.0,2.8,0.0,0.0,3.0,29.0,0.0,10.718556094842954,1.380952380952381,1.380952380952381,21.0,0,0.0,0.9460379738517176,1,1.0,0.0021004004232422,0.0,12.0,0.9429198457772796,1.0,7.0,0.4447322861831544,0.0,3.0,0.9303878112559552,1.0,6.0,0.6272358397111024,0.0,0.0,1.0
1896.0,4,13.0,0.2063492063492063,8.986501910873159,63,158.0,2.507936507936508,0.0,0.0,3.0,17.0,0.0,7.765392763842644,0.68,0.68,25.0,1,2.0,0.4197209346457826,1,2.0,0.2755436707395003,0.0,6.0,0.956853859694268,1.0,4.0,0.3080187225369035,0.0,3.0,0.8148853327490422,0.0,0.0,0.7846792256071151,0.0,0.0,0.8288771965333827
1904.0,2,9.0,0.1525423728813559,10.270925816256891,59,166.0,2.8135593220338984,8.0,0.135593220338983,2.0,21.0,4.0,9.85799957018008,0.875,0.875,24.0,0,0.0,1.0,2,9.0,0.4902846903071126,0.0,3.0,0.5580407736029864,0.0,0.0,0.4308812694913493,0.0,9.0,0.9195964981583414,0.0,0.0,0.93958387069065,0.0,0.0,0.7889803029544767
1912.0,10,24.0,0.4,7.844405766019066,60,189.0,3.15,23.0,0.3833333333333333,10.0,33.0,12.0,5.7574799504743,1.1,1.1,30.0,1,5.0,0.4052049180152295,2,7.0,0.2218638423874456,1.0,4.0,0.3543933235154907,2.0,7.0,0.5172611686973008,0.0,0.0,0.5079727689290804,0.0,0.0,0.8010683368053083,4.0,10.0,0.3250241609198203
1920.0,11,35.0,0.5645161290322581,7.526326866591495,62,234.0,3.774193548387097,45.0,0.7258064516129032,7.0,53.0,20.0,6.205678652692542,2.0384615384615383,2.0384615384615383,26.0,0,0.0,0.8615067119286774,4,26.0,0.0092465878320888,1.0,16.0,0.7431743777362995,2.0,8.0,0.2303482495088731,0.0,0.0,0.6752276161766956,0.0,0.0,0.6705060654775963,0.0,3.0,0.2832551037451074
1928.0,12,84.0,1.3333333333333333,8.436979651134092,63,278.0,4.412698412698413,44.0,0.6984126984126984,12.0,101.0,48.0,5.55637376155455,3.740740740740741,3.740740740740741,27.0,2,15.0,0.2744527091297704,1,16.0,0.4574984134846551,1.0,13.0,0.2855594195465893,4.0,32.0,0.2749987321659681,0.0,3.0,0.8177996993546195,0.0,0.0,0.9339298906602148,4.0,22.0,0.2379572647945318
1936.0,13,48.0,0.7164179104477612,7.275449964923231,67,337.0,5.029850746268656,59.0,0.8805970149253731,13.0,68.0,0.0,2.3545197366057247,2.6153846153846154,2.6153846153846154,26.0,2,13.0,7.324761989668024e-05,1,5.0,0.2094144854809266,2.0,21.0,0.0,2.0,8.0,0.1111544907726114,3.0,16.0,0.0100448232686115,3.0,4.0,0.1819837996683687,0.0,1.0,0.9519328280937196
1944.0,9,57.0,0.95,8.379506960023962,60,330.0,5.5,0.0,0.0,8.0,78.0,10.0,5.97076295231702,3.12,3.12,25.0,0,0.0,1.0,2,6.0,0.0008700264353007,0.0,4.0,0.9568823852492968,0.0,3.0,0.763491546706363,1.0,25.0,0.3643996664489125,5.0,40.0,0.1706056952694512,0.0,0.0,0.656632840867979
1952.0,12,27.0,0.4153846153846154,8.287342351571356,65,336.0,5.1692307692307695,6.0,0.0923076923076923,8.0,65.0,0.0,5.750899017232936,2.5,2.5,26.0,0,0.0,1.0,0,5.0,0.5909406207310433,1.0,5.0,0.7162349792542774,3.0,13.0,0.3184829802041194,2.0,29.0,0.3398966492263988,2.0,7.0,0.249017113403919,0.0,6.0,0.7783309004925157
1960.0,11,78.0,1.181818181818182,8.698268398042247,66,394.0,5.96969696969697,58.0,0.8787878787878788,8.0,121.0,56.0,6.896039289665344,4.033333333333333,4.033333333333333,30.0,0,0.0,0.0080120668490292,0,3.0,0.7135908815787133,1.0,22.0,0.7884311749760032,6.0,49.0,0.1175940533210135,1.0,36.0,0.5240641192598594,0.0,8.0,0.4917004498608797,0.0,3.0,0.956046533647334
1968.0,10,66.0,1.0476190476190477,8.555935282332472,63,366.0,5.809523809523809,0.0,0.0,7.0,116.0,0.0,7.702356620293428,4.64,4.64,25.0,1,5.0,0.5736982485743175,1,7.0,0.0003804354679714,1.0,23.0,0.4683481496372851,4.0,47.0,0.1869327880204274,0.0,27.0,0.9156196409775272,0.0,7.0,0.7970298365213723,0.0,0.0,1.0
1976.0,10,37.0,0.5362318840579711,6.931713484523652,69,422.0,6.115942028985507,56.0,0.8115942028985508,10.0,65.0,0.0,4.856449508335533,2.1666666666666665,2.1666666666666665,30.0,2,2.0,0.3234628162904339,0,6.0,0.7808415390067562,1.0,5.0,0.000182908345328,5.0,43.0,0.07927084292361,0.0,0.0,1.0,2.0,9.0,0.4718177883624641,0.0,0.0,1.0
1984.0,9,38.0,0.5846153846153846,7.319707957164599,65,468.0,7.2,46.0,0.7076923076923077,9.0,63.0,0.0,3.996487156745851,2.52,2.52,25.0,4,21.0,9.830459948254192e-05,3,10.0,0.1106842864345126,0.0,0.0,0.9736467518542452,2.0,26.0,0.2967182448324667,0.0,1.0,0.6757872766280184,0.0,2.0,0.3312153004271878,0.0,3.0,0.7150726868893694
1992.0,14,113.0,1.8225806451612905,7.397069214250112,62,520.0,8.387096774193548,52.0,0.8387096774193549,14.0,147.0,84.0,4.924697001587854,4.59375,4.59375,32.0,5,59.0,6.847589376918173e-06,4,44.0,0.1089431817020801,1.0,4.0,0.3400300424316043,4.0,26.0,0.0674499493931703,0.0,7.0,0.2553996265127685,0.0,0.0,0.849255501264669,0.0,7.0,0.9550025281029229
2000.0,2,17.0,0.288135593220339,8.386612407434413,59,452.0,7.661016949152542,0.0,0.0,1.0,50.0,0.0,7.761880502855216,2.5,2.5,20.0,1,35.0,0.39673246433486,0,7.0,0.6165605686851402,0.0,0.0,1.0,0.0,8.0,0.2987248069605742,0.0,0.0,0.7211253588139951,0.0,0.0,0.7564542984989525,0.0,0.0,0.9097544184899016
2008.0,6,23.0,0.3898305084745763,8.637720519726125,59,360.0,6.101694915254237,0.0,0.0,4.0,44.0,0.0,6.364041756958986,2.0,2.0,22.0,1,25.0,0.4308648130530506,0,0.0,1.0,0.0,0.0,1.0,0.0,0.0,0.8852942097344964,0.0,3.0,0.4735841348078539,1.0,4.0,0.5557641028587019,2.0,12.0,0.128064148958227
2016.0,15,57.0,0.9047619047619048,7.361024459335893,63,414.0,6.571428571428571,54.0,0.8571428571428571,13.0,94.0,50.0,6.426308252237184,2.611111111111111,2.611111111111111,36.0,1,7.0,0.3098331703921335,1,11.0,0.6668653481405082,0.0,11.0,0.9325040851760722,0.0,0.0,0.3479845752437698,2.0,14.0,0.5033115285459607,8.0,37.0,0.2628526747909474,1.0,14.0,0.0
2024.0,11,26.0,0.3611111111111111,7.627549441312507,72,504.0,7.0,90.0,1.25,7.0,76.0,0.0,5.790051086054985,2.303030303030303,2.303030303030303,33.0,0,0.0,0.9386720666016878,1,6.0,0.5295148644241775,0.0,0.0,0.9666358511502084,3.0,8.0,0.3498191810805616,1.0,21.0,0.5524197023749808,2.0,41.0,0.1973725812140349,0.0,0.0,1.0
2032.0,10,37.0,0.4805194805194805,8.619082633959136,77,501.0,6.5064935064935066,0.0,0.0,7.0,74.0,0.0,8.030831646766245,1.8974358974358971,1.8974358974358971,39.0,1,4.0,0.387113666212143,1,2.0,0.2065819653519825,0.0,0.0,0.4858920586753116,2.0,14.0,0.4036399188226077,0.0,11.0,0.8383675145058118,3.0,29.0,0.517280390531908,0.0,14.0,0.8972773466589538
2040.0,13,58.0,0.6904761904761905,8.377785791464744,84,502.0,5.976190476190476,1.0,0.0119047619047619,10.0,90.0,16.0,6.253008944422339,2.4324324324324325,2.4324324324324325,37.0,2,5.0,0.1717093387259322,1,10.0,0.0,0.0,3.0,0.8684686548170371,6.0,40.0,0.1403091650209812,0.0,7.0,0.8570124351869436,1.0,25.0,0.4385557241978794,0.0,0.0,0.7518858452237446
2048.0,16,78.0,0.896551724137931,7.003029955546417,87,456.0,5.241379310344827,0.0,0.0,15.0,119.0,29.0,5.597351493667908,2.833333333333333,2.833333333333333,42.0,0,2.0,0.0571471225918828,0,0.0,0.8942885931843636,0.0,5.0,0.7577567504589684,6.0,53.0,0.1592506949308312,0.0,10.0,0.9054681601343616,6.0,39.0,0.3125654515310604,3.0,10.0,0.0001778734053807
2056.0,18,126.0,1.4482758620689655,7.612775259262071,87,511.0,5.873563218390805,55.0,0.632183908045977,15.0,131.0,12.0,5.8717429090760405,3.358974358974359,3.358974358974359,39.0,1,1.0,0.3371972961699412,0,0.0,1.0,1.0,8.0,0.3100540302737968,4.0,23.0,0.3155998184870239,0.0,6.0,0.8880953664943368,9.0,93.0,0.2722441582941899,0.0,0.0,1.0
2064.0,16,72.0,0.8571428571428571,7.225975027754763,84,578.0,6.880952380952381,67.0,0.7976190476190477,11.0,112.0,0.0,5.739641020722937,3.2,3.2,35.0,2,5.0,0.286429334816923,0,7.0,0.8737635929581894,2.0,24.0,0.3208517182136962,5.0,14.0,0.081762886733001,2.0,7.0,0.4839434968377933,0.0,52.0,0.4598155541521844,0.0,3.0,0.8514705082836345
2072.0,8,23.0,0.2839506172839506,8.213566028141159,81,628.0,7.753086419753086,50.0,0.6172839506172839,7.0,72.0,0.0,6.739240296507487,1.945945945945946,1.945945945945946,37.0,1,5.0,0.2514887079597064,1,4.0,0.3701823679785667,0.0,6.0,0.9343445616813764,3.0,29.0,0.2250000391785899,2.0,20.0,0.4367050647089868,0.0,0.0,0.7162487230683859,0.0,8.0,0.8449575366883989
2080.0,13,59.0,0.8309859154929577,8.299541674216956,71,522.0,7.352112676056338,0.0,0.0,11.0,107.0,35.0,5.20161335233983,3.4516129032258065,3.4516129032258065,31.0,5,30.0,0.101740164294541,0,6.0,0.2791949758788638,0.0,0.0,1.0,5.0,48.0,0.2336801906259556,0.0,20.0,0.4365420764366308,1.0,3.0,0.3703959494664166,0.0,0.0,0.8602687002738079
2088.0,9,53.0,0.9814814814814816,7.9357483886413265,54,370.0,6.851851851851852,0.0,0.0,8.0,102.0,0.0,5.582767205271647,3.923076923076923,3.923076923076923,26.0,1,29.0,0.158326304030383,1,4.0,0.0053091311492082,0.0,0.0,1.0,5.0,51.0,0.0948660410887981,0.0,11.0,0.7474991241479051,1.0,7.0,0.6080595709698642,0.0,0.0,0.88842088160107
2096.0,10,118.0,2.185185185185185,7.854177072013297,54,389.0,7.203703703703703,19.0,0.3518518518518518,9.0,140.0,38.0,6.506098698327708,4.827586206896552,4.827586206896552,29.0,2,19.0,0.0,2,19.0,0.1052321429914207,0.0,0.0,0.984896390068568,4.0,83.0,0.1190700526395438,0.0,12.0,0.814936779335384,1.0,7.0,0.6371334115158758,0.0,0.0,0.6163388443160465
2104.0,9,107.0,1.8135593220338984,7.958464057933022,59,448.0,7.593220338983051,59.0,1.0,6.0,103.0,0.0,7.402285659208814,3.678571428571429,3.678571428571429,28.0,0,0.0,0.041374684596716,0,5.0,0.7597448646724083,0.0,0.0,0.9423936006202004,5.0,87.0,0.3576077449297574,0.0,2.0,0.7869798069746312,1.0,9.0,0.5770224454862801,0.0,0.0,0.8098373399315453
2112.0,7,30.0,0.46875,9.465923609644603,64,500.0,7.8125,52.0,0.8125,5.0,80.0,0.0,8.083865790331226,2.857142857142857,2.857142857142857,28.0,0,0.0,0.9569646802007856,2,16.0,0.2543875720776884,0.0,0.0,1.0,2.0,48.0,0.1705348626653021,0.0,0.0,0.9487796927024325,1.0,14.0,0.6150857342722306,0.0,2.0,0.9214109917145776
2120.0,17,60.0,1.0344827586206895,7.287738028558324,58,476.0,8.206896551724139,0.0,0.0,17.0,125.0,45.0,4.680537221841598,4.032258064516129,4.032258064516129,31.0,1,2.0,0.0125855159515721,5,41.0,2.639915132764593e-05,0.0,5.0,0.9494575566776832,5.0,61.0,0.0007440279957369,0.0,3.0,0.960214915856578,6.0,13.0,0.2746717536792994,0.0,0.0,0.9568453766095588
2128.0,12,67.0,1.1754385964912282,6.986354298569573,57,512.0,8.982456140350877,36.0,0.631578947368421,10.0,142.0,17.0,6.429808699529019,4.733333333333333,4.733333333333333,30.0,2,4.0,0.0007465916425387,2,13.0,0.3059711131948366,1.0,3.0,0.4747040115035101,3.0,79.0,0.0,0.0,23.0,0.8744151414918243,2.0,11.0,0.4276434408691524,0.0,9.0,0.7114245570247464
2136.0,9,41.0,0.7068965517241379,8.498479682716011,58,525.0,9.051724137931034,13.0,0.2241379310344827,5.0,47.0,0.0,7.335158828360692,2.238095238095238,2.238095238095238,21.0,0,0.0,1.0,1,9.0,0.0840121958082342,1.0,8.0,0.4725150304200984,0.0,0.0,1.0,1.0,11.0,0.6749062166768239,2.0,11.0,0.518183769149216,0.0,8.0,0.951028690717373
2144.0,6,41.0,0.7192982456140351,8.461328345687148,57,485.0,8.508771929824562,0.0,0.0,5.0,79.0,32.0,8.20805575798005,2.7241379310344827,2.7241379310344827,29.0,0,0.0,0.9554932238085012,2,23.0,0.2555058518650054,0.0,10.0,0.971688214111722,0.0,0.0,0.3333674086629343,0.0,15.0,0.732244926042279,3.0,30.0,0.4917384068158189,0.0,1.0,0.97621591494942
2152.0,13,105.0,2.019230769230769,6.280788190010449,52,463.0,8.903846153846153,0.0,0.0,12.0,133.0,54.0,3.6791669487049257,4.925925925925926,4.925925925925926,27.0,2,6.0,0.437972282516108,3,50.0,0.0831825497047823,0.0,4.0,0.6112980765258742,0.0,0.0,1.0,1.0,12.0,0.1939771537692421,6.0,61.0,0.3247936020141806,0.0,0.0,1.0
2160.0,6,39.0,0.7358490566037735,7.676111579568136,53,504.0,9.50943396226415,41.0,0.7735849056603774,5.0,83.0,0.0,5.668299168724973,3.608695652173913,3.608695652173913,23.0,1,5.0,0.0093175801577533,0,14.0,0.66818321982941,0.0,0.0,1.0,0.0,0.0,1.0,4.0,38.0,0.1401491364229173,0.0,23.0,0.4493179565568475,0.0,3.0,0.7692101453429112
2168.0,4,43.0,0.9148936170212766,10.055377636663374,47,475.0,10.106382978723405,0.0,0.0,3.0,57.0,0.0,9.760716907698598,2.28,2.28,25.0,1,9.0,0.3452982566077311,0,4.0,0.7287811971370929,0.0,0.0,0.9520612360019712,0.0,0.0,1.0,1.0,29.0,0.4270385881571374,1.0,7.0,0.699058622140059,0.0,8.0,0.8806321334333111
2176.0,3,52.0,1.181818181818182,9.556489303675791,44,411.0,9.340909090909092,0.0,0.0,2.0,56.0,0.0,9.409874684407637,2.4347826086956523,2.4347826086956523,23.0,0,0.0,0.3298812294901566,0,8.0,0.9648786073499416,0.0,13.0,0.9140025744220668,0.0,0.0,1.0,1.0,27.0,0.5339221966969683,1.0,8.0,0.6193347557418188,0.0,0.0,0.8705827537281584
2184.0,3,4.0,0.0952380952380952,8.338851723781653,42,319.0,7.595238095238095,0.0,0.0,2.0,19.0,0.0,6.882640375113279,1.3571428571428572,1.3571428571428572,14.0,0,0.0,1.0,0,0.0,1.0,0.0,7.0,0.6272009525680129,0.0,0.0,1.0,1.0,8.0,0.5800286777431577,0.0,0.0,0.4450587426923554,1.0,4.0,0.4755982519356461
2192.0,6,20.0,0.4444444444444444,8.36003243629318,45,284.0,6.311111111111111,0.0,0.0,6.0,32.0,13.0,7.19041388816188,1.391304347826087,1.391304347826087,23.0,0,0.0,0.1026134047546118,0,5.0,0.958220367699862,0.0,0.0,0.3488997565355264,0.0,0.0,1.0,0.0,2.0,0.8495117228598276,4.0,15.0,0.3497293270571303,2.0,10.0,0.5595178233542629
2200.0,7,60.0,1.3953488372093024,7.440649726741542,43,276.0,6.418604651162791,0.0,0.0,7.0,71.0,39.0,6.08903649565734,3.0869565217391304,3.0869565217391304,23.0,0,0.0,1.0,2,14.0,0.1082461383837104,0.0,3.0,0.978533174238863,0.0,0.0,1.0,0.0,0.0,0.8872548819443982,5.0,54.0,0.3622980261331552,0.0,0.0,1.0
2208.0,6,26.0,0.5909090909090909,7.804134664814998,44,249.0,5.659090909090909,0.0,0.0,5.0,42.0,0.0,6.364075144155345,2.4705882352941178,2.4705882352941178,17.0,0,0.0,1.0,2,26.0,0.2383345690715284,0.0,3.0,0.9998789121386772,0.0,0.0,1.0,1.0,2.0,0.633211657700676,2.0,11.0,0.4415513950226594,0.0,0.0,0.7066897348187102
2216.0,6,52.0,1.181818181818182,8.67637804070882,44,287.0,6.5227272727272725,38.0,0.8636363636363636,5.0,87.0,45.0,7.474412989297669,4.142857142857143,4.142857142857143,21.0,0,0.0,0.5020618721469652,2,39.0,0.3211166054377442,0.0,0.0,1.0,0.0,0.0,1.0,1.0,22.0,0.7349234425696308,2.0,16.0,0.3462893607464551,0.0,10.0,0.775848680531052
2224.0,5,55.0,1.3414634146341464,8.22411063716846,41,327.0,7.975609756097561,40.0,0.975609756097561,5.0,92.0,5.0,7.412179617228008,5.75,5.75,16.0,0,0.0,0.5790951739471669,1,3.0,0.0003999930566812,0.0,27.0,0.5224675458934116,0.0,0.0,0.994218274048466,1.0,25.0,0.7230977502671858,3.0,37.0,0.4214042444231989,0.0,0.0,1.0
2232.0,5,13.0,0.3333333333333333,7.817372753461496,39,254.0,6.512820512820513,0.0,0.0,4.0,23.0,0.0,5.89550922605249,2.3,2.3,10.0,0,0.0,0.979085348470242,0,0.0,1.0,0.0,0.0,1.0,2.0,6.0,0.0003115148817081,2.0,17.0,0.2753687704031023,0.0,0.0,0.6286353143002821,0.0,0.0,1.0
2240.0,3,4.0,0.1176470588235294,8.807862852198284,34,233.0,6.852941176470588,0.0,0.0,1.0,23.0,0.0,9.090165448837531,1.9166666666666667,1.9166666666666667,12.0,1,4.0,0.2319238684756749,0,0.0,1.0,0.0,6.0,0.9648872181815368,0.0,0.0,0.9835901635691896,0.0,7.0,0.6728229439654052,0.0,0.0,0.7672061599120923,0.0,6.0,0.9172339229872152
2248.0,4,5.0,0.1428571428571428,8.122796059289719,35,221.0,6.314285714285714,0.0,0.0,2.0,12.0,0.0,7.600276353803784,1.3333333333333333,1.3333333333333333,9.0,1,2.0,0.4858052018664021,0,3.0,0.7347665424568183,0.0,3.0,0.3908715205766671,1.0,4.0,9.588057098110084e-05,0.0,0.0,1.0,0.0,0.0,0.6233357582906808,0.0,0.0,1.0
2256.0,2,8.0,0.2285714285714285,9.190487986381754,35,167.0,4.771428571428571,0.0,0.0,1.0,6.0,0.0,7.545470225850184,0.6,0.6,10.0,0,0.0,1.0,1,6.0,0.0,0.0,0.0,0.9976619647611435,0.0,0.0,1.0,0.0,0.0,0.669722441531249,0.0,0.0,0.3332287057982647,0.0,0.0,0.8456823416217049
2264.0,6,32.0,0.8205128205128205,7.911356787511027,39,115.0,2.948717948717949,0.0,0.0,6.0,42.0,36.0,6.188704587127722,2.333333333333333,2.333333333333333,18.0,0,0.0,1.0,3,23.0,0.2111121594898714,0.0,3.0,0.5769534273216628,0.0,0.0,1.0,0.0,0.0,0.8101404045702715,3.0,16.0,0.2556303146425723,0.0,0.0,1.0
2272.0,6,28.0,0.5714285714285714,8.376289215087999,49,145.0,2.959183673469388,30.0,0.6122448979591837,4.0,40.0,0.0,8.218890356787847,2.857142857142857,2.857142857142857,14.0,0,0.0,0.8463099129800576,4,34.0,0.0003468740881406,0.0,3.0,0.8415427656088195,0.0,0.0,1.0,0.0,0.0,0.5147265190372425,0.0,0.0,0.8553121825981364,0.0,3.0,0.7852509936871558
2280.0,2,4.0,0.0754716981132075,10.255028003172514,53,158.0,2.981132075471698,13.0,0.2452830188679245,1.0,28.0,0.0,10.815357582558848,1.12,1.12,25.0,0,0.0,0.9362279281918406,0,0.0,0.4806603233433007,1.0,20.0,0.3084524811817267,0.0,0.0,1.0,0.0,8.0,0.9297007689729464,0.0,0.0,0.8813436523316117,0.0,0.0,0.8823167700834998
2288.0,6,33.0,0.5789473684210527,9.08761597891515,57,155.0,2.719298245614035,0.0,0.0,6.0,52.0,24.0,8.283636836661444,2.08,2.08,25.0,0,0.0,0.9655394877596998,0,0.0,0.5260914781397049,6.0,52.0,0.0008383699361958,0.0,0.0,0.921331541173159,0.0,0.0,0.9619771162431788,0.0,0.0,0.8148879745229278,0.0,0.0,0.4793574696833868
2296.0,5,12.0,0.1967213114754098,9.163789622489102,61,193.0,3.1639344262295084,38.0,0.6229508196721312,2.0,35.0,0.0,8.458262146816745,1.4583333333333333,1.4583333333333333,24.0,1,3.0,0.0398467353390186,1,2.0,0.6348188693063128,0.0,30.0,0.6241340231825172,0.0,0.0,0.5760620993636,0.0,0.0,0.9042699132901668,0.0,0.0,0.7399931808246493,0.0,0.0,0.4751779308695606
2304.0,7,46.0,0.7666666666666667,7.811800460626547,60,216.0,3.6,23.0,0.3833333333333333,3.0,25.0,0.0,7.193452782053851,1.1363636363636365,1.1363636363636365,22.0,0,0.0,0.3971821688212864,1,4.0,0.1896202884153679,1.0,15.0,0.162199921561462,1.0,6.0,0.1721174244336176,0.0,0.0,0.8673672790417012,0.0,0.0,0.9557970949158195,0.0,0.0,0.5369393396013088
2312.0,8,62.0,0.96875,8.915955319411314,64,204.0,3.1875,0.0,0.0,4.0,16.0,0.0,7.832255467013528,0.8421052631578947,0.8421052631578947,19.0,0,0.0,1.0,0,7.0,0.9338667984020148,0.0,0.0,1.0,1.0,2.0,0.4843891367631115,0.0,0.0,0.8839334721661565,1.0,0.0,0.0,2.0,7.0,0.4330841966193159
2320.0,4,9.0,0.15,9.380314063445535,60,200.0,3.333333333333333,0.0,0.0,3.0,23.0,7.0,6.070931509884876,1.7692307692307692,1.7692307692307692,13.0,0,2.0,0.9658575062043384,0,7.0,0.0199382225146355,0.0,0.0,0.9986247582117246,0.0,0.0,1.0,0.0,0.0,0.9794322851633336,0.0,1.0,0.7040289796983048,3.0,13.0,0.170516652194981
2328.0,5,37.0,0.6607142857142857,9.70229365068678,56,147.0,2.625,0.0,0.0,5.0,51.0,28.0,7.536454519529959,2.833333333333333,2.833333333333333,18.0,2,7.0,0.0020195308430538,0,7.0,0.730101927213796,0.0,0.0,0.6512956136931849,0.0,0.0,1.0,0.0,0.0,0.7888385364008448,0.0,4.0,0.8117823350198022,3.0,33.0,0.0
2336.0,8,16.0,0.2580645161290322,7.814370933081848,62,177.0,2.8548387096774195,30.0,0.4838709677419355,8.0,36.0,0.0,5.8860274243958335,1.3333333333333333,1.3333333333333333,27.0,0,0.0,0.6910227910507332,2,7.0,0.0003101016701296,1.0,1.0,0.1866961282988199,1.0,1.0,0.0010244252048491,0.0,3.0,0.8674066291615496,2.0,4.0,0.4145954082273015,2.0,20.0,0.258059539501509
2344.0,11,65.0,1.0483870967741935,7.721704583201692,62,222.0,3.5806451612903225,45.0,0.7258064516129032,9.0,75.0,39.0,5.834651705502997,3.0,3.0,25.0,1,8.0,0.4624448766808992,0,3.0,0.9486213698149186,1.0,9.0,0.6482821088355722,1.0,9.0,0.4527534392151044,0.0,0.0,0.6110924926665873,5.0,40.0,0.2043353643276653,1.0,6.0,0.1787183907591003
2352.0,7,39.0,0.6724137931034483,8.827434770203823,58,266.0,4.586206896551724,44.0,0.7586206896551724,4.0,48.0,0.0,7.654911236530761,2.526315789473684,2.526315789473684,19.0,2,9.0,0.2516758260459081,0,0.0,1.0,1.0,20.0,0.6531608967375653,1.0,2.0,0.0005169081947622,0.0,6.0,0.8519072641339834,0.0,8.0,0.4866351887432283,0.0,3.0,0.720829250621192
2360.0,3,2.0,0.0338983050847457,9.496758206068884,59,219.0,3.711864406779661,0.0,0.0,2.0,36.0,0.0,9.216660227526594,1.0909090909090908,1.0909090909090908,33.0,0,6.0,0.0964855034259913,1,2.0,0.7656018326085241,0.0,6.0,0.5129784557610947,0.0,0.0,0.9626633149203474,0.0,13.0,0.8899250129700496,1.0,0.0,0.5398257022633391,0.0,9.0,0.678588347490698
2368.0,9,39.0,0.639344262295082,8.146532229789859,61,222.0,3.639344262295082,3.0,0.0491803278688524,7.0,38.0,2.0,6.591027812999903,1.4615384615384617,1.4615384615384617,26.0,0,0.0,1.0,2,17.0,0.4170599541308308,2.0,10.0,0.2383633750305958,0.0,0.0,0.9802029890234726,0.0,0.0,0.8101975781308878,2.0,7.0,0.387274468127247,1.0,4.0,2.470199885991813e-05
2376.0,6,48.0,0.7741935483870968,9.02193192972228,62,225.0,3.629032258064516,3.0,0.0483870967741935,4.0,47.0,9.0,7.943539592445072,2.35,2.35,20.0,0,0.0,0.9738728176843284,0,4.0,0.9177022670052042,3.0,37.0,0.2094164074339273,0.0,0.0,1.0,0.0,3.0,0.8079898735624023,0.0,0.0,0.9458298484857778,1.0,3.0,0.4070767751516853
2384.0,5,8.0,0.1290322580645161,9.209177051487003,62,217.0,3.5,0.0,0.0,3.0,27.0,0.0,7.765525615655361,1.4210526315789471,1.4210526315789471,19.0,0,0.0,0.9143633771126104,1,3.0,0.1607371307107606,0.0,6.0,0.4654095083695783,0.0,0.0,1.0,0.0,11.0,0.8634280088788945,1.0,3.0,0.2312986796005317,1.0,4.0,0.3919386681386692
2392.0,8,24.0,0.3870967741935484,7.845791584756476,62,202.0,3.2580645161290325,0.0,0.0,5.0,46.0,19.0,5.559536027265505,1.84,1.84,25.0,1,3.0,2.105481135227344e-05,0,2.0,0.6468065402460239,0.0,6.0,0.909365863066578,0.0,0.0,1.0,3.0,17.0,0.1004357752192343,0.0,7.0,0.4746299813849374,1.0,11.0,0.2930350350060354
2400.0,7,42.0,0.6666666666666666,8.634012419094141,63,225.0,3.571428571428572,23.0,0.365079365079365,7.0,55.0,9.0,7.341240145031384,1.9642857142857144,1.9642857142857144,28.0,0,0.0,1.0,1,6.0,0.5550727178026487,0.0,7.0,0.6623521921570423,0.0,0.0,1.0,1.0,12.0,0.5591861814511302,2.0,6.0,0.320690979910963,3.0,24.0,0.4230350503636253
2408.0,9,82.0,1.1388888888888888,7.583964094960712,72,272.0,3.7777777777777777,47.0,0.6527777777777778,9.0,109.0,54.0,4.971616739292767,2.945945945945946,2.945945945945946,37.0,0,4.0,0.7703447907878924,1,4.0,0.1740887095758534,0.0,8.0,0.3706973204046021,0.0,0.0,1.0,2.0,31.0,0.6394531664941213,4.0,22.0,0.0768465216779078,2.0,40.0,0.3983694121011653
2416.0,13,76.0,1.0555555555555556,7.649617951488434,72,324.0,4.5,52.0,0.7222222222222222,10.0,86.0,0.0,6.094668061664333,2.6875,2.6875,32.0,1,2.0,0.4601489548945504,1,7.0,0.0531048000374811,1.0,8.0,0.504746923700558,0.0,0.0,0.9268512573086688,1.0,3.0,0.6033295899001849,6.0,66.0,0.2683500117680131,0.0,0.0,1.0
2424.0,16,139.0,2.1384615384615384,7.858470267366132,65,321.0,4.938461538461539,0.0,0.0,12.0,125.0,39.0,5.373311779234397,4.310344827586207,4.310344827586207,29.0,0,0.0,0.5141104175285783,0,0.0,1.0,1.0,3.0,0.0970526391307803,3.0,6.0,0.0028378010413786,2.0,2.0,0.523687717323934,6.0,114.0,0.4257030726122624,0.0,0.0,0.4307096216253838
2432.0,3,9.0,0.1551724137931034,7.341319260749322,58,367.0,6.327586206896552,46.0,0.7931034482758621,3.0,87.0,0.0,6.017859290306165,4.142857142857143,4.142857142857143,21.0,1,6.0,0.0002578298542556,0,3.0,0.9608757843362388,1.0,10.0,0.1453205560743234,0.0,0.0,0.2808686229470715,0.0,0.0,0.4015995328373328,1.0,68.0,0.3326328438747564,0.0,0.0,0.7234724899725418
2440.0,15,44.0,0.7096774193548387,6.536527650122021,62,354.0,5.709677419354839,0.0,0.0,12.0,171.0,84.0,4.727787936420798,5.7,5.7,30.0,0,0.0,1.0,1,4.0,0.0227629082589622,2.0,20.0,0.3797700609637668,0.0,3.0,0.7573993431608961,0.0,9.0,0.8507287628613769,7.0,131.0,0.0041467176938897,2.0,4.0,0.3256589843000623
2448.0,6,11.0,0.1929824561403508,7.474036559409986,57,405.0,7.105263157894737,51.0,0.8947368421052632,2.0,61.0,0.0,7.284087127598273,3.388888888888889,3.388888888888889,18.0,0,0.0,1.0,0,3.0,0.9724188759914484,0.0,6.0,0.0982323266428995,1.0,8.0,0.0114649798310974,0.0,6.0,0.9163324809661558,0.0,29.0,0.334798688596571,1.0,9.0,0.4479347146538185
2456.0,11,34.0,0.5230769230769231,8.007005222278117,65,425.0,6.538461538461538,20.0,0.3076923076923077,8.0,100.0,39.0,6.669056433757871,4.0,4.0,25.0,0,0.0,0.9294334961575064,1,4.0,0.6331750988195188,0.0,3.0,0.9912095801458604,0.0,0.0,0.3769116497807641,0.0,19.0,0.968524253761248,4.0,54.0,0.1845848557264761,3.0,20.0,0.2178473581131893
2464.0,15,77.0,1.1323529411764706,7.578066636440065,68,459.0,6.75,34.0,0.5,14.0,132.0,32.0,5.494369214957531,4.551724137931035,4.551724137931035,29.0,1,2.0,0.5412679842060731,0,1.0,0.9438499603826956,0.0,8.0,0.9664224827464988,1.0,4.0,0.6358707996451799,0.0,0.0,0.9485710500750976,8.0,106.0,0.1561111741259493,4.0,11.0,0.1426405820100197
2472.0,10,51.0,0.68,6.55852183572688,75,528.0,7.04,69.0,0.92,6.0,84.0,0.0,4.269627156300571,3.5,3.5,24.0,0,0.0,0.893335070173505,2,8.0,0.365161125520851,1.0,1.0,0.0072318702973288,0.0,0.0,0.7149992493352615,0.0,3.0,0.5316077703511743,1.0,37.0,0.2230849763838346,2.0,35.0,0.1294369429207498
2480.0,13,91.0,1.123456790123457,6.739406212349669,81,589.0,7.271604938271605,61.0,0.7530864197530864,10.0,130.0,46.0,5.178316007007546,4.0625,4.0625,32.0,2,9.0,0.1371610633723216,0,8.0,0.3931699656578253,2.0,9.0,0.0,1.0,6.0,0.3984979519736204,2.0,34.0,0.5407913679005258,1.0,30.0,0.2597709612130414,2.0,34.0,0.17557280877158
2488.0,10,114.0,1.3571428571428572,8.12878006537069,84,608.0,7.238095238095238,19.0,0.2261904761904762,7.0,113.0,0.0,6.797051553914175,3.53125,3.53125,32.0,0,0.0,1.0,1,14.0,0.5400817393377717,1.0,0.0,0.4790382016221863,0.0,0.0,0.7394087045812732,0.0,28.0,0.5090644417532039,2.0,29.0,0.5016600543534118,3.0,42.0,0.3206120520820686
2496.0,16,38.0,0.4130434782608695,7.458634160427537,92,652.0,7.086956521739131,44.0,0.4782608695652174,12.0,71.0,0.0,6.486383395834294,1.6136363636363635,1.6136363636363635,44.0,1,8.0,0.0171437676715838,0,3.0,0.7353864621219999,1.0,3.0,0.6480938358122662,3.0,11.0,0.2907496218869328,1.0,7.0,0.6426743214350833,6.0,39.0,0.3923399992733434,0.0,0.0,0.577564678352001
2504.0,20,79.0,0.8876404494382022,5.686546491018628,89,676.0,7.595505617977528,24.0,0.2696629213483146,20.0,158.0,87.0,4.253281440115147,3.3617021276595747,3.3617021276595747,47.0,1,2.0,0.6105564261977247,1,15.0,0.4934564929116492,2.0,16.0,1.846284097382954e-05,7.0,34.0,0.0503689888837649,6.0,66.0,0.2765282450923966,1.0,18.0,0.4163633066511696,2.0,7.0,0.2529917867787642
2512.0,13,40.0,0.4597701149425287,6.428950175251799,87,771.0,8.862068965517242,95.0,1.091954022988506,9.0,151.0,0.0,3.722858862383372,4.441176470588236,4.441176470588236,34.0,1,3.0,1.6622354675209786e-05,0,0.0,0.4171419420810147,0.0,0.0,0.1257511137533302,0.0,22.0,0.1735217416958119,2.0,84.0,0.3516503402010256,6.0,37.0,0.0820695153349578,0.0,5.0,0.7080145125393326
2520.0,11,39.0,0.4875,7.9381373188200275,80,780.0,9.75,9.0,0.1125,9.0,124.0,0.0,5.7927207457853145,4.96,4.96,25.0,0,0.0,1.0,0,0.0,1.0,1.0,0.0,0.6455320036119828,1.0,11.0,0.3060289020998397,7.0,95.0,0.0993750479689393,0.0,9.0,0.6888476828082604,0.0,9.0,0.8291136849350246
2528.0,13,40.0,0.4761904761904761,7.76983452294146,84,695.0,8.273809523809524,0.0,0.0,10.0,140.0,16.0,7.048171756826296,3.1818181818181817,3.1818181818181817,44.0,0,0.0,1.0,1,11.0,0.4468124652852346,1.0,11.0,0.6959709483416933,2.0,23.0,0.274694619841513,2.0,63.0,0.520560340537377,4.0,22.0,0.3170719722850099,0.0,10.0,0.7913320067612698
2536.0,12,44.0,0.5641025641025641,6.520166183325512,78,645.0,8.26923076923077,0.0,0.0,12.0,130.0,0.0,4.820570850195647,3.421052631578948,3.421052631578948,38.0,0,0.0,1.0,0,0.0,1.0,1.0,13.0,0.5471975154591319,2.0,26.0,0.0824941215807474,6.0,65.0,0.1285899319776373,2.0,21.0,0.4636004977480945,1.0,5.0,0.3741018204017316
2544.0,17,41.0,0.4939759036144578,6.9372420952404,83,719.0,8.662650602409638,74.0,0.891566265060241,13.0,146.0,16.0,4.336407379748333,4.171428571428572,4.171428571428572,35.0,0,0.0,0.9986674768608576,0,0.0,1.0,2.0,8.0,0.2363294879994613,0.0,4.0,0.6136660523243148,3.0,80.0,0.4090924774704492,6.0,45.0,0.1133515465018352,2.0,9.0,0.3209805530699215
2552.0,7,21.0,0.2441860465116279,7.976281757376582,86,774.0,9.0,55.0,0.6395348837209303,7.0,99.0,0.0,6.121932279712187,3.3,3.3,30.0,0,0.0,1.0,0,3.0,0.9766626863201588,1.0,16.0,0.6069482320190345,0.0,0.0,0.4903916252502924,5.0,59.0,0.19154155897653,0.0,13.0,0.5889410436848724,1.0,8.0,0.5223449376334964
2560.0,9,40.0,0.4444444444444444,8.80492742846623,90,739.0,8.21111111111111,0.0,0.0,7.0,115.0,16.0,7.332072673062483,3.108108108108108,3.108108108108108,37.0,0,0.0,1.0,1,5.0,0.6441819832109348,1.0,11.0,0.4721927549618631,0.0,7.0,0.4024071295338924,4.0,72.0,0.4513656349946903,0.0,4.0,0.931931575210332,1.0,16.0,0.5411692370467553
2568.0,20,83.0,0.912087912087912,6.813748969521302,91,722.0,7.934065934065934,0.0,0.0,19.0,157.0,42.0,3.6714006200568745,3.4130434782608696,3.4130434782608696,46.0,0,0.0,0.6221539702559361,3,20.0,0.4893962873004698,2.0,7.0,0.3844128438563507,1.0,6.0,0.2682882532994644,8.0,99.0,0.1706413462180668,0.0,0.0,0.6694627959532773,5.0,25.0,0.147062259617806
2576.0,16,70.0,0.7446808510638298,6.673223122852613,94,795.0,8.457446808510639,73.0,0.776595744680851,13.0,150.0,0.0,3.638609662432078,3.260869565217391,3.260869565217391,46.0,0,0.0,0.957897361576484,6,55.0,0.2138137937574099,0.0,3.0,0.7316934988001289,3.0,15.0,0.2888955822547713,1.0,60.0,0.1947140138246341,3.0,17.0,0.1232686103903776,0.0,0.0,1.0
2584.0,8,32.0,0.3478260869565217,8.078636354378602,92,640.0,6.956521739130435,0.0,0.0,5.0,73.0,0.0,6.020553281399221,1.972972972972973,1.972972972972973,37.0,0,1.0,0.5290922808447642,1,20.0,0.5302526822610046,2.0,12.0,0.4530034003963181,1.0,11.0,0.3547362673831815,1.0,16.0,0.2490482695265152,0.0,13.0,0.6886314455208463,0.0,0.0,0.3442357601986817
2592.0,5,29.0,0.3020833333333333,9.490712266767945,96,678.0,7.0625,38.0,0.3958333333333333,3.0,59.0,0.0,8.183015207205015,1.372093023255814,1.372093023255814,43.0,0,0.0,0.5286997596997526,2,25.0,0.72799358904164,0.0,9.0,0.8767199372338136,0.0,2.0,0.4618697478590759,0.0,14.0,0.4097405167922514,1.0,9.0,0.6019276412968466,0.0,0.0,0.9908166394698376
2600.0,8,36.0,0.3870967741935484,9.533320227381171,93,642.0,6.903225806451613,0.0,0.0,7.0,60.0,1.0,7.61433618354159,1.6216216216216215,1.6216216216216215,37.0,0,4.0,0.718825139079523,3,25.0,0.2707015726837486,0.0,7.0,0.921945443148778,1.0,2.0,0.3486769401735579,2.0,12.0,0.5424420016014273,1.0,10.0,0.0,0.0,0.0,0.7244966591534356
2608.0,8,24.0,0.2790697674418604,8.90229101143501,86,530.0,6.162790697674419,0.0,0.0,7.0,48.0,0.0,6.611722716471744,1.2972972972972974,1.2972972972972974,37.0,0,0.0,0.9670025819890148,1,4.0,0.7434602138088414,2.0,15.0,0.3427278475365865,1.0,10.0,0.412614979214969,0.0,9.0,0.5943335482331402,0.0,3.0,0.6874689426670099,3.0,7.0,0.296802376075169
2616.0,13,57.0,0.6477272727272727,7.55602933039242,88,531.0,6.034090909090909,1.0,0.0113636363636363,13.0,80.0,32.0,5.13135104333696,1.9047619047619049,1.9047619047619049,42.0,0,0.0,1.0,2,8.0,0.2474936177502415,1.0,5.0,0.4110316097167343,3.0,12.0,0.3529942322031247,0.0,0.0,0.4504984265691282,1.0,7.0,0.7346789490025697,6.0,48.0,0.0886929142835399
2624.0,18,89.0,1.0229885057471264,7.786866168914676,87,547.0,6.287356321839081,16.0,0.1839080459770115,16.0,115.0,35.0,4.6022599931949815,3.1944444444444446,3.1944444444444446,36.0,0,1.0,0.9177272565868584,0,0.0,0.3903827386212576,1.0,4.0,0.5765894793072247,10.0,70.0,0.0027345681787605,2.0,8.0,0.3192283134874333,2.0,11.0,0.4505690690038091,1.0,21.0,0.2423276847765727
2632.0,12,73.0,0.9012345679012346,7.723436513040712,81,563.0,6.950617283950617,16.0,0.1975308641975308,10.0,136.0,21.0,5.776185973417877,3.317073170731707,3.317073170731707,41.0,0,3.0,0.4180680629670914,0,7.0,0.9316022764750238,1.0,9.0,0.2659133767636138,3.0,67.0,0.2055455731060885,3.0,28.0,0.3501963545342645,0.0,4.0,0.6256622710648103,3.0,18.0,0.2727689394744534
2640.0,20,101.0,1.160919540229885,7.794828567485672,87,615.0,7.068965517241379,52.0,0.5977011494252874,17.0,175.0,39.0,6.352976905752056,4.487179487179487,4.487179487179487,39.0,0,0.0,1.0,0,0.0,0.943726617245281,3.0,25.0,0.5344987706813236,4.0,53.0,0.3206960787414787,0.0,7.0,0.8969094432021922,3.0,26.0,0.3421292977280654,7.0,64.0,0.2234950252853411
2648.0,13,106.0,1.1157894736842104,7.748423090239329,95,670.0,7.052631578947368,55.0,0.5789473684210527,10.0,168.0,0.0,5.239432249716994,5.419354838709677,5.419354838709677,31.0,0,0.0,0.6631339230532546,0,6.0,0.9359297814097896,4.0,47.0,0.2990774251769387,6.0,94.0,0.1188188960182317,0.0,1.0,0.9586838567666924,0.0,0.0,1.0,0.0,20.0,0.4307733909636385
2656.0,14,112.0,1.3493975903614457,7.595388654973328,83,631.0,7.602409638554217,0.0,0.0,12.0,214.0,46.0,4.808632370356357,6.294117647058823,6.294117647058823,34.0,0,0.0,0.5708114700980247,2,6.0,0.2539841375220253,2.0,42.0,0.174329993964646,8.0,146.0,0.0446270418657336,0.0,10.0,0.9397759630223,0.0,7.0,0.9353888251538096,0.0,3.0,0.8341703063070555
2664.0,16,42.0,0.5121951219512195,6.9850343894555165,82,605.0,7.378048780487805,0.0,0.0,15.0,150.0,0.0,4.706646240570693,3.75,3.75,40.0,2,7.0,0.3046328207811886,0,7.0,0.4545373436728407,4.0,45.0,0.4338312685035347,4.0,53.0,0.2743511471079427,1.0,16.0,0.4330807274568214,4.0,22.0,0.240372400846686,0.0,0.0,0.765456378137837
2672.0,23,105.0,1.2352941176470589,6.478751586815277,85,740.0,8.705882352941176,135.0,1.588235294117647,17.0,125.0,0.0,3.9004947863176014,4.166666666666667,4.166666666666667,30.0,0,0.0,0.163934812913311,2,13.0,0.4948520505571046,3.0,19.0,0.2673972017335609,6.0,58.0,0.1347686214676055,2.0,12.0,2.116577592376524e-05,1.0,16.0,0.3647368053900653,3.0,7.0,0.3713292884069419
2680.0,20,219.0,2.7721518987341773,6.871551084455131,79,717.0,9.075949367088608,0.0,0.0,15.0,248.0,123.0,4.531180550606595,7.294117647058823,7.294117647058823,34.0,0,4.0,0.7372687081134578,0,3.0,0.278581470977341,3.0,36.0,0.0,6.0,106.0,0.0,2.0,44.0,0.5954527692744858,4.0,47.0,0.2411166590546638,0.0,8.0,0.3649136921873428
2688.0,10,137.0,1.8026315789473684,8.103041205980821,76,684.0,9.0,0.0,0.0,3.0,136.0,0.0,7.671377750331084,6.8,6.8,20.0,1,4.0,0.6002089793621647,0,13.0,0.9519073183577524,0.0,0.0,0.3090908759784543,0.0,43.0,0.4135387555976308,2.0,54.0,0.4242227557089281,0.0,21.0,0.4305669477934451,0.0,1.0,0.8346857274609176
2696.0,11,207.0,2.7972972972972974,7.934826601223919,74,736.0,9.945945945945946,52.0,0.7027027027027027,5.0,103.0,0.0,7.382014667732776,4.291666666666667,4.291666666666667,24.0,1,3.0,0.3232102972432976,0,0.0,0.958480161799582,0.0,10.0,0.4596457233720466,2.0,8.0,0.3258889382003421,2.0,75.0,0.6880237524179795,0.0,7.0,0.3818212329200416,0.0,0.0,1.0
2704.0,18,303.0,4.455882352941177,7.503708164914321,68,731.0,10.75,0.0,0.0,9.0,127.0,24.0,7.566818427654433,4.535714285714286,4.535714285714286,28.0,2,5.0,0.3871075510896912,1,17.0,0.7938077017382089,1.0,5.0,0.6238120393459395,2.0,14.0,3.627155931450964e-05,2.0,83.0,0.5923476869410026,0.0,1.0,0.72879834022421,1.0,2.0,0.2335319726447202
2712.0,14,188.0,2.764705882352941,6.954184482672455,68,789.0,11.602941176470589,58.0,0.8529411764705882,7.0,44.0,0.0,4.838951762537889,1.9130434782608696,1.9130434782608696,23.0,1,10.0,0.464186874823598,1,9.0,0.3344161173233684,1.0,4.0,0.2373908571773306,0.0,0.0,1.0,2.0,12.0,0.3456634809071625,1.0,4.0,0.4804162817932739,1.0,5.0,0.4224592030252652
2720.0,9,19.0,0.2676056338028169,7.240426434782046,71,775.0,10.915492957746478,0.0,0.0,7.0,157.0,113.0,5.695954808265795,6.038461538461538,6.038461538461538,26.0,1,2.0,8.545661573549586e-05,1,28.0,0.5962381479483508,0.0,0.0,0.4693210177041048,0.0,4.0,0.9692991589329596,4.0,116.0,0.2107380678129473,1.0,7.0,0.4171619763105982,0.0,0.0,1.0
2728.0,17,76.0,1.027027027027027,6.640897509793935,74,779.0,10.527027027027026,4.0,0.054054054054054,9.0,159.0,2.0,5.2063195787677525,6.913043478260869,6.913043478260869,23.0,0,0.0,0.9745544486113134,3,29.0,0.3228837796915986,1.0,0.0,0.0,0.0,0.0,1.0,4.0,124.0,0.2313613908881329,1.0,3.0,0.3458103576976777,0.0,3.0,0.8361516181215003
2736.0,19,126.0,1.75,6.520994119516127,72,790.0,10.97222222222222,11.0,0.1527777777777778,11.0,94.0,0.0,5.821821282454244,2.9375,2.9375,32.0,2,9.0,0.3832728352241923,0,27.0,0.4866652547633749,0.0,0.0,0.9372604631535624,0.0,0.0,0.809579260806205,5.0,47.0,0.370539326881014,4.0,11.0,0.265420525453239,0.0,0.0,0.6913974109118945
2744.0,16,85.0,1.118421052631579,5.03682028050565,76,855.0,11.25,65.0,0.8552631578947368,10.0,254.0,160.0,2.8990359809367527,8.193548387096774,8.193548387096774,31.0,0,6.0,0.069722179134668,4,51.0,0.1378666373051046,0.0,0.0,0.7019291242362975,0.0,7.0,0.1478718117831659,1.0,139.0,0.3103487603106823,5.0,51.0,0.0960173183425336,0.0,0.0,1.0
2752.0,23,173.0,2.109756097560976,5.421279646325873,82,964.0,11.75609756097561,109.0,1.329268292682927,14.0,308.0,54.0,4.258793342775291,8.105263157894736,8.105263157894736,38.0,0,0.0,0.9311590238469238,2,49.0,0.1014826140178452,0.0,3.0,0.7106798784563438,0.0,0.0,0.6523193570270801,4.0,145.0,0.2543141218500477,6.0,107.0,0.2874308846961379,2.0,4.0,0.2112447416556211
2760.0,16,195.0,2.1666666666666665,6.440302419629821,90,1071.0,11.9,107.0,1.1888888888888889,5.0,265.0,0.0,6.007220906750972,8.548387096774194,8.548387096774194,31.0,0,0.0,1.0,0,19.0,0.5120583813830085,1.0,5.0,0.6817668482661318,0.0,0.0,0.2580740261201981,2.0,161.0,0.4241690558149643,2.0,80.0,0.2225838059980863,0.0,0.0,0.4682157091589976
2768.0,27,248.0,2.6956521739130435,6.315278257548505,92,1101.0,11.967391304347826,30.0,0.3260869565217391,16.0,361.0,96.0,5.59338028102687,8.022222222222222,8.022222222222222,45.0,0,0.0,1.0,3,16.0,0.2810946870829616,1.0,2.0,0.4720688412223462,0.0,2.0,0.6686889309373996,5.0,198.0,0.3986798717935688,3.0,126.0,0.552235873720573,4.0,17.0,0.246467383731967
2776.0,16,295.0,3.1052631578947367,6.856515006226008,95,1253.0,13.189473684210526,152.0,1.6,8.0,361.0,0.0,5.249701134389699,10.617647058823527,10.617647058823527,34.0,0,0.0,0.9374990246575412,1,20.0,0.1477531229372991,1.0,10.0,0.0,0.0,0.0,0.9186363401988624,6.0,237.0,0.204114003145073,0.0,94.0,0.4793994856025428,0.0,0.0,0.5731831632796064
2784.0,21,222.0,2.336842105263158,6.617930768665761,95,1295.0,13.63157894736842,42.0,0.4421052631578947,16.0,241.0,0.0,3.8212047989654088,6.885714285714286,6.885714285714286,35.0,1,1.0,0.4852299846077409,1,8.0,0.6403003424437846,0.0,3.0,0.4929947810474569,1.0,4.0,0.0181827679169224,4.0,80.0,0.2266378550588568,9.0,145.0,0.0761915267798833,0.0,0.0,0.9547617765939128
2792.0,14,45.0,0.5294117647058824,5.567630285256142,85,1365.0,16.058823529411764,70.0,0.8235294117647058,10.0,392.0,151.0,3.678913813226048,10.31578947368421,10.31578947368421,38.0,1,6.0,0.4839582321900615,1,7.0,0.3712906369762093,0.0,1.0,0.9693792274075156,1.0,10.0,0.3393357116174342,6.0,263.0,0.0811741088474842,1.0,102.0,0.1764486823510686,0.0,3.0,0.7609627263889699
2800.0,20,138.0,1.6829268292682926,6.307105483955357,82,1485.0,18.10975609756097,120.0,1.4634146341463414,15.0,464.0,72.0,3.504575667486036,13.647058823529411,13.647058823529411,34.0,2,16.0,8.727027795478506e-06,0,0.0,1.0,0.0,0.0,0.926512081199402,2.0,15.0,0.0202490774694644,6.0,294.0,0.2120063001817286,5.0,132.0,0.153622975849015,0.0,7.0,0.8830299120680456
2808.0,11,128.0,1.641025641025641,7.208741579665314,78,1460.0,18.71794871794872,0.0,0.0,2.0,368.0,0.0,6.4718521746817,14.153846153846152,14.153846153846152,26.0,0,0.0,1.0,0,9.0,0.7734138053980735,0.0,0.0,0.9146630349442824,0.0,3.0,0.4330930918309043,2.0,260.0,0.3077146530878641,0.0,96.0,0.4289114597136731,0.0,0.0,0.9097049576196088
2816.0,15,203.0,2.475609756097561,6.274638043176403,82,1546.0,18.853658536585368,86.0,1.048780487804878,9.0,344.0,0.0,4.957656123795038,10.117647058823527,10.117647058823527,34.0,0,1.0,0.0677775484420605,0,0.0,0.466412304636447,0.0,6.0,0.9386289483431848,1.0,9.0,0.0,6.0,284.0,0.1969879422959801,1.0,41.0,0.6233240678204686,1.0,3.0,0.0170032274775906
2824.0,21,179.0,2.057471264367816,5.436399381162333,87,1645.0,18.908045977011493,99.0,1.137931034482759,14.0,193.0,0.0,3.1279422452717744,4.595238095238095,4.595238095238095,42.0,0,0.0,0.0068392286911517,0,1.0,0.257848268885933,0.0,0.0,0.501600294537205,2.0,19.0,0.1147055132217381,8.0,126.0,0.1725198161526692,4.0,47.0,0.3944186994516747,0.0,0.0,0.0922471200141853
2832.0,12,51.0,0.5930232558139535,6.2574659879579055,86,1694.0,19.69767441860465,49.0,0.5697674418604651,11.0,395.0,202.0,4.381062980655988,10.128205128205128,10.128205128205128,39.0,0,0.0,0.955187373684536,1,7.0,0.4996018072761571,0.0,0.0,0.7100760460230768,1.0,35.0,0.2200691396838989,8.0,333.0,0.1274772390383532,1.0,17.0,0.5633214825256244,0.0,3.0,0.7411385315848615
2840.0,22,105.0,1.2209302325581397,5.823805694383451,86,1739.0,20.22093023255814,45.0,0.5232558139534884,16.0,278.0,0.0,4.406776296243267,5.673469387755102,5.673469387755102,49.0,1,3.0,0.4823473551503386,2,18.0,9.355873502555554e-05,0.0,6.0,0.8476409518596156,5.0,49.0,0.1531720954357681,7.0,175.0,0.0592369453007239,1.0,19.0,0.6328506012011411,0.0,8.0,0.8667706209164171
2848.0,25,173.0,2.011627906976744,5.2841858305895295,86,1730.0,20.11627906976744,0.0,0.0,22.0,541.0,263.0,2.758015613809524,10.403846153846152,10.403846153846152,52.0,0,0.0,0.9793681373779376,1,7.0,0.5420318844643558,1.0,2.0,0.4620025169138514,6.0,98.0,0.1330657709725144,9.0,404.0,0.1060212380417553,5.0,30.0,0.1341918877457861,0.0,0.0,0.3908347616021516
2856.0,10,103.0,1.2261904761904765,5.903216844846275,84,1720.0,20.476190476190474,0.0,0.0,5.0,446.0,0.0,3.813333679992295,12.742857142857142,12.742857142857142,35.0,0,0.0,1.0,0,0.0,0.1090986927856001,0.0,3.0,0.8611564020831866,1.0,79.0,0.1534241207316123,3.0,354.0,0.1914822098000515,0.0,4.0,0.466396623528156,1.0,6.0,0.0
2864.0,7,68.0,0.8,6.672447680479012,85,1702.0,20.023529411764702,0.0,0.0,6.0,264.0,0.0,4.110373194355445,6.769230769230769,6.769230769230769,39.0,0,0.0,0.6622806865579506,0,6.0,0.3549079137177272,1.0,3.0,9.10431524904439e-05,1.0,57.0,0.3458598400672167,4.0,184.0,0.1143273470554535,0.0,4.0,0.6692141892860336,0.0,10.0,0.9431743099132124
2872.0,14,61.0,0.7721518987341772,5.929664051526081,79,1650.0,20.88607594936709,0.0,0.0,11.0,349.0,85.0,3.6622475399558776,9.18421052631579,9.18421052631579,38.0,0,0.0,0.6991233983799126,1,9.0,0.3047660362892197,1.0,14.0,0.4734568548857956,0.0,4.0,0.3894797630905324,9.0,315.0,0.107561201993101,0.0,7.0,0.4321622109541457,0.0,0.0,1.0
2880.0,14,85.0,1.0240963855421688,6.986553217056207,83,1644.0,19.80722891566265,0.0,0.0,13.0,402.0,53.0,4.251507380536568,10.307692307692308,10.307692307692308,39.0,2,8.0,0.5087149495567499,1,17.0,0.7073287522428557,1.0,19.0,0.0,2.0,8.0,5.2209944937443845e-05,7.0,343.0,0.0967215911660994,0.0,7.0,0.8332658530594415,0.0,0.0,0.8991151165267718
2888.0,13,122.0,1.5061728395061729,7.160182085726408,81,1584.0,19.55555555555556,0.0,0.0,11.0,397.0,0.0,5.073353474083054,9.232558139534884,9.232558139534884,43.0,4,16.0,0.3294449129216523,3,31.0,0.3095946778594459,1.0,27.0,0.0,0.0,0.0,0.9151426006454484,3.0,314.0,0.203437458793274,0.0,3.0,0.7685943499562845,0.0,6.0,0.945696665381882
2896.0,12,27.0,0.3552631578947368,6.6090379341842045,76,1315.0,17.30263157894737,0.0,0.0,12.0,207.0,0.0,4.898494097113892,5.175,5.175,40.0,3,14.0,0.1972128548910354,0,5.0,0.4789200417653783,1.0,0.0,0.6218644710599538,0.0,0.0,0.9261207162819004,5.0,173.0,0.1275468443909071,3.0,15.0,0.512945416043324,0.0,0.0,0.7432977350110126
2904.0,15,97.0,1.2763157894736843,6.77568029039509,76,1285.0,16.907894736842106,0.0,0.0,12.0,245.0,38.0,3.1553700197842742,8.75,8.75,28.0,2,21.0,9.517405506687433e-05,1,12.0,0.0,0.0,0.0,0.946911913563282,0.0,4.0,0.9659726070791408,7.0,198.0,0.0530527802369224,0.0,2.0,0.242806061712268,2.0,8.0,0.539277185611773
2912.0,6,21.0,0.28,7.316389895960802,75,1238.0,16.506666666666668,0.0,0.0,2.0,169.0,0.0,6.328841202168703,6.25925925925926,6.25925925925926,27.0,0,0.0,0.2869360039960447,0,5.0,0.9575282307698836,1.0,8.0,0.6560817481710376,0.0,0.0,0.7645697945703934,1.0,156.0,0.3359088255033618,0.0,0.0,0.3050121448956919,0.0,0.0,0.717276462693838
2920.0,11,41.0,0.6029411764705882,6.988654701238319,68,1083.0,15.926470588235292,0.0,0.0,11.0,203.0,34.0,3.9473162223548446,7.518518518518518,7.518518518518518,27.0,1,8.0,0.4652681827301535,1,4.0,0.4930028212210325,0.0,3.0,0.9831591747204782,2.0,10.0,0.3099245976752958,3.0,160.0,0.2130555929106164,3.0,12.0,0.2718731320589809,1.0,6.0,0.0
2928.0,7,16.0,0.2666666666666666,7.148074413205479,60,1035.0,17.25,0.0,0.0,3.0,144.0,0.0,5.552031081258237,7.578947368421052,7.578947368421052,19.0,1,2.0,0.403218068221432,1,10.0,0.2721257939164606,0.0,0.0,1.0,0.0,0.0,0.6656676813436802,1.0,119.0,0.2302628009924708,0.0,13.0,0.4479313591228859,0.0,0.0,0.9566889937198748
2936.0,9,36.0,0.6428571428571429,6.957848180025954,56,871.0,15.553571428571429,0.0,0.0,5.0,75.0,0.0,5.93308525835228,3.75,3.75,20.0,0,0.0,1.0,0,1.0,0.3285012915149723,0.0,0.0,0.998699202227282,2.0,9.0,9.127732151892752e-06,0.0,40.0,0.5272547235231474,3.0,25.0,0.4628358369225686,0.0,0.0,1.0
2944.0,4,34.0,0.5862068965517241,8.353084202980504,58,764.0,13.172413793103448,0.0,0.0,1.0,24.0,0.0,9.331147655334284,2.1818181818181817,2.1818181818181817,11.0,0,0.0,1.0,1,1.0,0.0020147209346016,0.0,0.0,1.0,0.0,0.0,0.9185626533678914,0.0,7.0,0.7632287049966844,0.0,16.0,0.7021616183206985,0.0,0.0,0.9845798261797238
2952.0,9,34.0,0.6296296296296297,7.775365111745486,54,667.0,12.351851851851851,0.0,0.0,5.0,54.0,30.0,7.205506877216091,3.0,3.0,18.0,0,0.0,0.9808335876258756,1,10.0,0.6884881950090045,0.0,0.0,1.0,1.0,2.0,0.0012892770602301,1.0,14.0,0.184834399391482,2.0,28.0,0.5407255783692951,0.0,0.0,0.9129134895732446
2960.0,5,38.0,0.7916666666666666,7.189286665795934,48,583.0,12.145833333333334,0.0,0.0,3.0,71.0,17.0,6.824630550585499,3.55,3.55,20.0,0,0.0,0.9742560174668862,0,0.0,0.2080481002854969,0.0,1.0,0.920648189224084,1.0,10.0,0.0,0.0,12.0,0.1901565426513143,2.0,48.0,0.4905119707722981,0.0,0.0,0.8865422917224652
2968.0,7,41.0,0.9534883720930232,7.030875279829218,43,470.0,10.930232558139537,0.0,0.0,6.0,103.0,32.0,4.719077831410753,6.4375,6.4375,16.0,0,0.0,0.3055987804766399,1,6.0,0.0,0.0,0.0,1.0,1.0,18.0,0.0,1.0,19.0,0.4253090728438261,3.0,60.0,0.4315364565166033,0.0,0.0,1.0
2976.0,4,29.0,0.6444444444444445,8.448004541959092,45,455.0,10.11111111111111,0.0,0.0,2.0,62.0,0.0,8.249659393804665,3.875,3.875,16.0,0,0.0,0.9601355776210388,0,0.0,0.9196244650700244,0.0,3.0,0.8120182692530835,1.0,26.0,0.0,1.0,29.0,0.1187864058674672,0.0,4.0,0.9034327197598372,0.0,0.0,0.8363367096531238
2984.0,5,12.0,0.2727272727272727,8.687000770819786,44,280.0,6.363636363636363,0.0,0.0,3.0,24.0,0.0,8.742363466231476,1.8461538461538465,1.8461538461538465,13.0,0,0.0,1.0,0,0.0,0.985088947457608,1.0,1.0,0.4232063632157592,0.0,0.0,1.0,1.0,20.0,0.1718456437383636,1.0,3.0,0.5416507196921856,0.0,0.0,0.979279016273962
2992.0,6,17.0,0.3863636363636363,7.241944529629111,44,285.0,6.477272727272728,5.0,0.1136363636363636,6.0,34.0,10.0,6.062568970322864,1.5454545454545454,1.5454545454545454,22.0,0,0.0,0.3369752642562755,2,6.0,0.003076751370896,1.0,4.0,0.5830474858204598,0.0,0.0,0.1239549703288064,1.0,14.0,0.5903031012443983,1.0,8.0,0.5252239004281016,1.0,2.0,0.4838818949874032
3000.0,3,7.0,0.1521739130434782,7.840360659770339,46,283.0,6.152173913043479,0.0,0.0,2.0,17.0,0.0,7.510012028108152,1.0,1.0,17.0,1,6.0,2.279429233470861e-05,0,0.0,0.6490333980475917,1.0,1.0,0.5692540650718949,0.0,3.0,0.0376678108156202,0.0,0.0,0.9081521846897724,0.0,7.0,0.4984778435973999,0.0,0.0,0.9102764871651272
3008.0,4,15.0,0.3260869565217391,8.893748482401131,46,267.0,5.804347826086956,0.0,0.0,2.0,22.0,5.0,8.670565602055683,1.375,1.375,16.0,0,0.0,1.0,1,4.0,0.4581100075206848,1.0,9.0,0.0,0.0,0.0,0.8502460042042004,0.0,6.0,0.720813006563751,0.0,3.0,0.6514375618191707,0.0,0.0,0.4855875944859591
3016.0,6,17.0,0.3695652173913043,9.450957216647447,46,298.0,6.478260869565218,31.0,0.6739130434782609,5.0,46.0,24.0,8.46493416289548,2.421052631578948,2.421052631578948,19.0,0,0.0,1.0,1,10.0,0.485224655801006,0.0,6.0,0.942309896909888,0.0,17.0,0.7499732604464268,1.0,5.0,0.6617985512609534,3.0,8.0,0.209442553711897,0.0,0.0,0.9510071883057029
3024.0,7,11.0,0.282051282051282,7.131425930929076,39,252.0,6.461538461538462,0.0,0.0,4.0,21.0,0.0,4.643760794954136,1.9090909090909087,1.9090909090909087,11.0,0,0.0,1.0,1,1.0,0.0070922006341258,1.0,5.0,0.1855000054840078,2.0,11.0,0.3344796281118822,0.0,3.0,0.949874028921784,0.0,1.0,0.2860442389371094,0.0,0.0,1.0
3032.0,6,41.0,1.0789473684210529,8.451131784579836,38,244.0,6.421052631578948,0.0,0.0,4.0,49.0,28.0,8.020502076761632,3.769230769230769,3.769230769230769,13.0,0,0.0,1.0,0,0.0,1.0,0.0,0.0,1.0,3.0,28.0,0.0018606611587015,1.0,21.0,0.6651852423427668,0.0,0.0,0.8796216249392135,0.0,0.0,1.0
3040.0,4,36.0,0.8780487804878049,8.126735168459463,41,213.0,5.195121951219512,0.0,0.0,2.0,35.0,0.0,6.724414810696638,2.1875,2.1875,16.0,0,3.0,0.0072662780847324,0,0.0,1.0,0.0,0.0,1.0,1.0,25.0,0.1406720379943128,1.0,7.0,0.3536349136682787,0.0,0.0,0.7977240436522897,0.0,0.0,0.9166024473086288
3048.0,2,26.0,0.7027027027027027,8.352389767050312,37,225.0,6.081081081081081,12.0,0.3243243243243243,1.0,18.0,0.0,7.227389996407952,1.0588235294117647,1.0588235294117647,17.0,0,0.0,0.9786160660534142,0,0.0,0.0893964606595148,0.0,0.0,1.0,1.0,11.0,0.3459109003869651,0.0,7.0,0.3323892890833622,0.0,0.0,0.734135557767179,0.0,0.0,1.0
3056.0,6,27.0,0.7105263157894737,9.192240216260466,38,249.0,6.552631578947368,24.0,0.631578947368421,5.0,42.0,24.0,6.432531706081569,3.0,3.0,14.0,0,0.0,1.0,0,0.0,0.9363139251878476,0.0,0.0,1.0,1.0,20.0,0.304437689901044,3.0,19.0,0.1123173561628062,1.0,3.0,0.7165067724591463,0.0,0.0,0.9391665523022352
3064.0,6,35.0,0.945945945945946,8.321319536674846,37,264.0,7.135135135135135,15.0,0.4054054054054054,5.0,55.0,13.0,4.502615671519601,3.928571428571429,3.928571428571429,14.0,0,0.0,1.0,0,0.0,1.0,0.0,0.0,0.934099945587136,3.0,39.0,0.0,0.0,13.0,0.2884125660975325,2.0,3.0,0.1359908704929996,0.0,0.0,0.9807123804019272
3072.0,3,5.0,0.1470588235294117,9.296893941751236,34,258.0,7.588235294117647,0.0,0.0,3.0,28.0,0.0,7.840264684901047,2.5454545454545454,2.5454545454545454,11.0,1,2.0,0.0043469477192695,1,3.0,9.65553652220456e-05,0.0,3.0,0.92993167040063,1.0,17.0,0.4791081829967408,0.0,3.0,0.9607562855011288,0.0,0.0,1.0,0.0,0.0,0.6238586870323569
3080.0,7,30.0,0.8333333333333334,9.86147570371152,36,239.0,6.638888888888889,0.0,0.0,6.0,50.0,22.0,8.267955578546504,2.7777777777777777,2.7777777777777777,18.0,0,0.0,1.0,0,0.0,0.9570228031572636,0.0,1.0,0.959084093102922,4.0,29.0,5.248653842865365e-05,1.0,18.0,0.737906056810063,1.0,2.0,0.4706381026729051,0.0,0.0,0.8941114058095644
3088.0,6,17.0,0.4047619047619047,7.04846810628111,42,264.0,6.285714285714286,25.0,0.5952380952380952,5.0,27.0,0.0,5.227345994954027,1.5,1.5,18.0,0,0.0,1.0,0,0.0,0.9374900546090053,2.0,4.0,0.0155422509484235,0.0,0.0,0.9917474604936548,1.0,10.0,0.4060425355957114,2.0,13.0,0.1632621932686812,0.0,0.0,0.6247696888285527
3096.0,2,1.0,0.0227272727272727,10.58360791812039,44,291.0,6.613636363636363,27.0,0.6136363636363636,1.0,13.0,0.0,9.284836303934355,1.3,1.3,10.0,0,0.0,1.0,0,0.0,0.7122431795566536,0.0,0.0,1.0,0.0,0.0,0.8911545822283995,0.0,4.0,0.6749106136160071,0.0,8.0,0.7920827322148498,1.0,1.0,0.0031864522985241
3104.0,3,12.0,0.2926829268292683,10.489589273995437,41,161.0,3.926829268292683,0.0,0.0,2.0,29.0,16.0,10.199716374306457,1.8125,1.8125,16.0,0,0.0,1.0,1,3.0,0.0001483316760794,0.0,0.0,0.1416445776669751,0.0,0.0,0.5666593155169839,0.0,9.0,0.966095371503192,0.0,8.0,0.9516691356701974,1.0,9.0,0.3941133235264888
3112.0,3,12.0,0.2857142857142857,9.447410026035456,42,145.0,3.452380952380953,0.0,0.0,3.0,19.0,0.0,8.534817848942684,0.9047619047619048,0.9047619047619048,21.0,1,5.0,0.0664415044809343,0,6.0,0.9215900991747364,0.0,0.0,0.9432380180692924,1.0,3.0,0.4204995876783263,0.0,0.0,0.9001988332252241,0.0,0.0,0.8153275240663218,1.0,5.0,0.4917505580013913
3120.0,7,21.0,0.5384615384615384,8.36399230181926,39,165.0,4.230769230769231,20.0,0.5128205128205128,7.0,29.0,10.0,5.335703916941676,1.7058823529411764,1.7058823529411764,17.0,0,0.0,1.0,0,0.0,1.0,1.0,3.0,0.2490856883042037,2.0,10.0,0.1226746781923854,1.0,6.0,0.5812299204465903,2.0,8.0,0.3771103362631025,1.0,2.0,0.4591036314736316
3128.0,1,2.0,0.0588235294117647,10.088368650727553,34,131.0,3.852941176470588,0.0,0.0,1.0,15.0,0.0,10.291625718450286,1.25,1.25,12.0,0,0.0,1.0,0,0.0,1.0,0.0,0.0,0.983844305171354,0.0,0.0,1.0,0.0,7.0,0.9093089304797184,0.0,3.0,0.6868228876156076,1.0,5.0,0.3651514285121662
3136.0,3,19.0,0.6333333333333333,9.13757443824718,30,123.0,4.1,0.0,0.0,3.0,28.0,13.0,7.308428027165887,1.5555555555555556,1.5555555555555556,18.0,1,4.0,0.1657566904902607,0,0.0,0.8097271826652128,0.0,0.0,1.0,0.0,0.0,1.0,0.0,0.0,0.960942117144324,1.0,8.0,0.656158433453862,1.0,16.0,0.3347913071740619
3144.0,9,37.0,1.2333333333333334,6.601075906797815,30,113.0,3.7666666666666666,0.0,0.0,7.0,49.0,21.0,4.211785267788104,3.5,3.5,14.0,0,0.0,1.0,1,3.0,0.0001061397273699,0.0,0.0,1.0,0.0,0.0,0.9031083375703336,0.0,3.0,0.7837921162459289,2.0,5.0,0.2874728920286339,4.0,38.0,0.1205791347090185
3152.0,1,1.0,0.0333333333333333,9.08740314225918,30,132.0,4.4,19.0,0.6333333333333333,1.0,14.0,0.0,8.559244542625974,2.0,2.0,7.0,0,0.0,1.0,0,0.0,0.961195093791299,0.0,3.0,0.9575802912221112,0.0,3.0,0.1964383320059946,0.0,7.0,0.9499799388825608,0.0,0.0,1.0,1.0,1.0,0.0009812799881249
3160.0,4,3.0,0.0967741935483871,8.042152480907498,31,69.0,2.225806451612903,0.0,0.0,3.0,8.0,0.0,7.350081841406765,0.6666666666666666,0.6666666666666666,12.0,0,0.0,1.0,1,2.0,0.0042871428732272,0.0,0.0,0.8613758505334301,0.0,0.0,0.9978060501034046,0.0,0.0,1.0,1.0,1.0,0.3563074563026069,1.0,5.0,0.5261770457741699
3168.0,6,21.0,0.5675675675675675,8.371257113582956,37,98.0,2.6486486486486487,29.0,0.7837837837837838,5.0,32.0,24.0,4.70575264808335,2.909090909090909,2.909090909090909,11.0,0,0.0,0.9990501227090184,2,12.0,0.0242075133927436,1.0,4.0,0.4658249860258389,1.0,3.0,5.271849431784129e-05,0.0,2.0,0.9309281469950486,1.0,9.0,0.1787589284307408,0.0,2.0,0.3738716846694012
3176.0,2,18.0,0.4390243902439024,9.44279769657852,41,107.0,2.609756097560976,9.0,0.2195121951219512,2.0,30.0,0.0,8.30020893736288,2.3076923076923075,2.3076923076923075,13.0,0,0.0,1.0,1,19.0,0.3044825941126441,1.0,4.0,0.0053961686574763,0.0,0.0,1.0,0.0,1.0,0.8379826694782831,0.0,6.0,0.756771394042357,0.0,0.0,0.9842269842881772
3184.0,4,12.0,0.2608695652173913,8.824877824910244,46,129.0,2.8043478260869565,22.0,0.4782608695652174,4.0,27.0,0.0,7.405021995741599,1.173913043478261,1.173913043478261,23.0,0,0.0,1.0,1,6.0,1.02801267896318e-05,0.0,0.0,0.8199842559486374,0.0,0.0,0.6575704676052282,0.0,8.0,0.7888577233385815,3.0,13.0,0.3009010788171571,0.0,0.0,0.8036109916496463
3192.0,4,14.0,0.2592592592592592,9.0292954647763,54,147.0,2.7222222222222223,18.0,0.3333333333333333,2.0,27.0,0.0,9.29818102114517,1.6875,1.6875,16.0,0,0.0,1.0,0,3.0,0.9506814557973446,0.0,0.0,0.0365889852326884,1.0,8.0,0.0,1.0,10.0,0.7344656793494183,0.0,6.0,0.6710285113560991,0.0,0.0,1.0
3200.0,11,35.0,0.6481481481481481,7.707379407166396,54,179.0,3.314814814814815,32.0,0.5925925925925926,8.0,46.0,19.0,6.265447258461003,1.6428571428571428,1.6428571428571428,28.0,0,0.0,1.0,3,11.0,0.0134843606831698,0.0,6.0,0.9536764851339568,1.0,1.0,0.3445610273311897,4.0,28.0,0.5042490590721823,0.0,0.0,0.5118395797961163,0.0,0.0,0.673792512563753
3208.0,11,64.0,1.1228070175438596,7.176286318108651,57,263.0,4.614035087719298,84.0,1.4736842105263157,7.0,55.0,9.0,7.358348975603026,2.1153846153846154,2.1153846153846154,26.0,0,0.0,0.9893612259996158,1,18.0,0.3810103090165154,0.0,0.0,0.9695103699324716,2.0,8.0,0.21988490522629,0.0,12.0,0.751764785016044,1.0,9.0,0.525396649662206,3.0,8.0,0.0028485105353739
3216.0,5,32.0,0.5333333333333333,8.440512760172144,60,244.0,4.066666666666666,0.0,0.0,5.0,50.0,0.0,6.926227757247114,2.380952380952381,2.380952380952381,21.0,0,0.0,1.0,2,22.0,0.0001350191589558,0.0,0.0,1.0,2.0,3.0,0.3333328819213787,0.0,5.0,0.7539227895783946,1.0,14.0,0.6085581861399839,0.0,6.0,0.597762778955424
3224.0,3,4.0,0.0655737704918032,8.48080822174566,61,221.0,3.622950819672131,0.0,0.0,3.0,26.0,0.0,6.538973744180169,1.1304347826086956,1.1304347826086956,23.0,0,7.0,0.5486175011625871,0,0.0,1.0,0.0,0.0,1.0,0.0,3.0,0.5084125066638315,0.0,5.0,0.3453833361282951,3.0,11.0,0.4385148780231582,0.0,0.0,0.6046193998402691
3232.0,4,21.0,0.3559322033898305,8.969958198943877,59,234.0,3.9661016949152543,13.0,0.2203389830508474,4.0,35.0,9.0,7.635939718391199,1.9444444444444444,1.9444444444444444,18.0,2,9.0,0.3307780836057865,0,0.0,0.921727256544134,0.0,0.0,1.0,2.0,15.0,0.4568107510622937,0.0,3.0,0.9443569256395786,0.0,5.0,0.4880579640353238,0.0,3.0,0.8758801808933857
3240.0,7,37.0,0.6607142857142857,9.513174004261597,56,210.0,3.75,0.0,0.0,5.0,53.0,18.0,9.76065000072628,2.208333333333333,2.208333333333333,24.0,1,2.0,0.0023887430063713,0,0.0,0.9627631318721432,0.0,3.0,0.9294019064583142,4.0,34.0,9.99201858718806e-06,0.0,4.0,0.8671711751519059,0.0,2.0,0.9277780672152772,0.0,8.0,0.9451609338566505
3248.0,5,37.0,0.74,9.24268812307836,50,211.0,4.22,1.0,0.02,3.0,26.0,0.0,8.887961479573857,1.3,1.3,20.0,0,0.0,1.0,1,2.0,0.1334177166509932,0.0,0.0,1.0,1.0,14.0,0.4228196723124936,1.0,10.0,0.7430436969187438,0.0,0.0,0.9304387183444628,0.0,0.0,0.9875858757764422
3256.0,7,20.0,0.4081632653061224,7.770764829446239,49,228.0,4.653061224489796,17.0,0.3469387755102041,6.0,29.0,3.0,6.343568131215691,1.16,1.16,25.0,0,0.0,1.0,0,3.0,0.467951882997966,1.0,0.0,0.6431555900782765,3.0,13.0,0.1498638409073878,2.0,13.0,0.4356348869196303,0.0,0.0,0.5039798368317541,0.0,0.0,0.736243614294825
3264.0,10,33.0,0.66,7.2000058090796495,50,275.0,5.5,47.0,0.94,9.0,67.0,38.0,4.9082087383393125,2.68,2.68,25.0,0,0.0,1.0,0,9.0,0.3265950387263448,2.0,8.0,0.3151261899382044,0.0,4.0,0.9553761544027104,3.0,27.0,0.3854378053197331,0.0,3.0,0.8948869779087825,4.0,16.0,0.1269098624119686
3272.0,1,3.0,0.0535714285714285,9.73617911469864,56,301.0,5.375,26.0,0.4642857142857143,1.0,28.0,0.0,9.348637462878472,1.5555555555555556,1.5555555555555556,18.0,0,0.0,1.0,0,3.0,0.9789745085409618,1.0,11.0,0.7183453992759531,0.0,0.0,0.651978674533777,0.0,7.0,0.6423135026733588,0.0,7.0,0.787820916010109,0.0,0.0,0.3321395166969434
3280.0,4,16.0,0.2909090909090909,10.04348734637765,55,272.0,4.945454545454545,0.0,0.0,4.0,28.0,0.0,8.896843497858907,1.4,1.4,20.0,0,0.0,1.0,1,1.0,0.1996635117141924,1.0,8.0,0.4960644943571821,1.0,7.0,0.7110662632977442,0.0,0.0,0.9443232526761832,1.0,12.0,0.4838606528532702,0.0,0.0,0.943321423568966
3288.0,5,27.0,0.5094339622641509,8.780710718003967,53,255.0,4.811320754716981,0.0,0.0,5.0,53.0,25.0,6.144919801042668,3.117647058823529,3.117647058823529,17.0,0,3.0,0.3922986231331056,0,3.0,0.9160365609032672,0.0,6.0,0.9702085173836216,1.0,15.0,0.0,1.0,9.0,0.5653884824624316,3.0,17.0,0.1887849993796594,0.0,0.0,1.0
3296.0,3,5.0,0.1020408163265306,8.117700548432351,49,206.0,4.204081632653061,0.0,0.0,2.0,21.0,0.0,6.133529364740453,1.4,1.4,15.0,0,0.0,1.0,1,4.0,0.4527753626018818,0.0,0.0,1.0,1.0,4.0,0.1574585701587574,0.0,3.0,0.39553409753848,0.0,10.0,0.4998525181172375,0.0,0.0,0.8819760447580494
3304.0,3,14.0,0.2857142857142857,9.39307807654986,49,209.0,4.26530612244898,3.0,0.0612244897959183,1.0,24.0,3.0,9.684593435031331,1.263157894736842,1.263157894736842,19.0,0,2.0,0.63182256323129,0,3.0,0.5439577360499672,0.0,0.0,0.9522835074086652,0.0,2.0,0.2968133671447671,0.0,10.0,0.9186735502568816,0.0,4.0,0.7553430943643076,1.0,3.0,0.0008848213487161
3312.0,5,17.0,0.3541666666666667,8.62325598882535,48,205.0,4.270833333333333,0.0,0.0,3.0,36.0,12.0,8.024651031928329,1.7142857142857142,1.7142857142857142,21.0,1,7.0,1.7501938697722445e-05,0,0.0,0.6106867525816995,0.0,0.0,1.0,1.0,4.0,0.4970791393210539,0.0,11.0,0.7040356034013503,1.0,14.0,0.6073081383775994,0.0,0.0,1.0
3320.0,4,4.0,0.0869565217391304,7.722376115299473,46,205.0,4.456521739130435,0.0,0.0,2.0,21.0,0.0,6.393635669994353,1.3125,1.3125,16.0,0,0.0,0.9677970767983424,0,0.0,1.0,0.0,0.0,1.0,0.0,0.0,1.0,2.0,12.0,0.0313162368050983,0.0,6.0,0.6113076008312915,0.0,3.0,0.7838731814294823
3328.0,8,35.0,0.7291666666666666,8.11703762785058,48,202.0,4.208333333333333,0.0,0.0,8.0,55.0,34.0,6.318087652786031,2.2,2.2,25.0,1,4.0,0.348022777643237,0,0.0,0.8689816272672868,0.0,4.0,0.9213425130927606,0.0,0.0,1.0,2.0,20.0,0.3309077907193853,5.0,23.0,0.14867884674445,0.0,4.0,0.7430143177419825
3336.0,6,54.0,1.255813953488372,7.733633434738641,43,214.0,4.976744186046512,12.0,0.2790697674418604,6.0,78.0,23.0,5.402773996120325,4.588235294117647,4.588235294117647,17.0,2,19.0,0.2903822512714399,2,5.0,0.3777407227710607,0.0,1.0,0.4653617001425261,0.0,0.0,1.0,2.0,33.0,0.3118957282018397,0.0,17.0,0.2275062407081232,0.0,3.0,0.8139729880601123
3344.0,6,15.0,0.3947368421052631,7.676745804090145,38,175.0,4.605263157894737,0.0,0.0,4.0,52.0,0.0,5.857279883161459,3.7142857142857135,3.7142857142857135,14.0,0,0.0,1.0,0,9.0,0.3708468268286497,0.0,0.0,0.6390264545109047,0.0,0.0,1.0,0.0,0.0,0.3982535293543268,4.0,32.0,0.0547967609880472,0.0,11.0,0.9218700096220224
3352.0,2,1.0,0.027027027027027,8.919063031799606,37,165.0,4.45945945945946,0.0,0.0,2.0,8.0,0.0,5.958398928674906,1.1428571428571428,1.1428571428571428,7.0,0,0.0,1.0,0,0.0,0.2745517846986328,1.0,0.0,0.0,1.0,8.0,0.1447789240629936,0.0,0.0,0.9426111313474996,0.0,0.0,1.0,0.0,0.0,0.8213260266325061
3360.0,1,0.0,0.0,10.01833852868264,42,148.0,3.523809523809524,0.0,0.0,0.0,9.0,1.0,10.653691892538625,0.6923076923076923,0.6923076923076923,13.0,0,0.0,0.0465681016809638,0,0.0,1.0,0.0,1.0,0.8628555559758815,0.0,0.0,1.0,0.0,4.0,0.9247855196519114,0.0,0.0,0.7297818706045941,0.0,4.0,0.9569196829192052
3368.0,5,9.0,0.2195121951219512,9.21584783479543,41,67.0,1.6341463414634143,0.0,0.0,5.0,13.0,4.0,6.662901707728787,0.7222222222222222,0.7222222222222222,18.0,0,0.0,1.0,0,0.0,0.48192649914836,2.0,5.0,0.0917072687250578,0.0,0.0,0.1560785987149631,3.0,8.0,0.5060431830197275,0.0,0.0,0.7806192489574254,0.0,0.0,0.7151247025118507
3376.0,6,20.0,0.4651162790697674,7.942273022880228,43,110.0,2.558139534883721,43.0,1.0,1.0,8.0,0.0,8.293811385056237,0.5333333333333333,0.5333333333333333,15.0,0,0.0,1.0,0,0.0,1.0,0.0,3.0,0.8817972453597682,0.0,0.0,0.0501606786936309,1.0,5.0,0.5242751481312432,0.0,0.0,0.777816748250795,0.0,0.0,1.0
3384.0,3,8.0,0.1777777777777777,8.460570553974971,45,139.0,3.088888888888889,29.0,0.6444444444444445,2.0,21.0,13.0,6.986762603889601,1.6153846153846154,1.6153846153846154,13.0,0,0.0,1.0,0,0.0,0.9552114067262144,1.0,8.0,0.6355720731115055,0.0,0.0,1.0,0.0,7.0,0.4998164734289521,0.0,4.0,0.4152022146995366,1.0,2.0,0.0391003083880623
3392.0,2,4.0,0.0869565217391304,8.924446019422968,46,137.0,2.9782608695652173,0.0,0.0,2.0,29.0,8.0,7.827955058731495,1.5263157894736843,1.5263157894736843,19.0,0,4.0,0.1826591452331453,1,8.0,0.6530548942130281,1.0,5.0,0.1267297395369566,0.0,0.0,1.0,0.0,5.0,0.3607397304667314,0.0,7.0,0.7830486582934373,0.0,0.0,0.7392507312659948
3400.0,6,19.0,0.3958333333333333,8.899335023458447,48,158.0,3.2916666666666665,21.0,0.4375,5.0,40.0,11.0,6.457434203241762,2.0,2.0,20.0,0,0.0,0.3661816862566174,3,21.0,0.3904658472391477,0.0,1.0,0.9439643186467322,0.0,0.0,1.0,1.0,5.0,0.5922327664039114,1.0,13.0,0.4309095316010896,0.0,0.0,1.0
3408.0,2,9.0,0.2142857142857142,8.71738707377202,42,129.0,3.071428571428572,0.0,0.0,2.0,14.0,0.0,6.805875899994987,1.1666666666666667,1.1666666666666667,12.0,0,0.0,0.7660377872471649,0,0.0,0.1917388359011943,0.0,0.0,1.0,0.0,0.0,1.0,0.0,0.0,0.9699233264226216,2.0,14.0,0.2100144576735046,0.0,0.0,0.9932263279597732
3416.0,3,13.0,0.3170731707317073,10.638332411811028,41,148.0,3.609756097560976,19.0,0.4634146341463415,3.0,38.0,24.0,10.127438557885132,1.809523809523809,1.809523809523809,21.0,0,0.0,0.9966633299956932,1,5.0,0.5728664601332323,0.0,3.0,0.8428726199821245,0.0,3.0,0.2165566629103815,0.0,11.0,0.8895115526086935,2.0,11.0,0.4924226579079553,0.0,5.0,0.8668761073284851
3424.0,13,45.0,1.0714285714285714,5.763116378056617,42,197.0,4.690476190476191,49.0,1.1666666666666667,12.0,72.0,34.0,4.17189914192127,2.571428571428572,2.571428571428572,28.0,2,12.0,0.3726930335468253,3,17.0,0.2327223399101884,0.0,0.0,1.0,0.0,3.0,0.6876800282084171,3.0,18.0,0.2785139960385974,0.0,0.0,1.0,4.0,22.0,0.2359833580702316
3432.0,1,5.0,0.1136363636363636,8.936893215545341,44,267.0,6.068181818181818,70.0,1.5909090909090908,1.0,37.0,0.0,7.377975982153005,2.8461538461538463,2.8461538461538463,13.0,0,0.0,1.0,0,4.0,0.6656027890799832,0.0,0.0,0.2448211454516093,1.0,8.0,2.197509353381983e-05,0.0,19.0,0.6806609912405,0.0,0.0,1.0,0.0,6.0,0.5882699591159785
3440.0,3,8.0,0.2051282051282051,9.657611598301912,39,178.0,4.564102564102564,0.0,0.0,3.0,17.0,0.0,5.898580476528538,1.7,1.7,10.0,0,0.0,1.0,1,7.0,0.6578750753493169,0.0,0.0,0.5578017063801308,0.0,0.0,0.947113260788304,2.0,9.0,0.030364224613232,0.0,1.0,0.1443613952243503,0.0,0.0,1.0
3448.0,9,31.0,0.7209302325581395,7.023221958944039,43,165.0,3.8372093023255816,0.0,0.0,7.0,52.0,35.0,5.64223924701538,2.4761904761904763,2.4761904761904763,21.0,0,0.0,1.0,2,15.0,0.1689690626636997,1.0,13.0,0.6601398354868523,0.0,0.0,1.0,1.0,10.0,0.4026765376306473,3.0,14.0,0.16728008084449,0.0,0.0,0.7553977831186853
3456.0,11,66.0,1.2,7.227519117914767,55,193.0,3.5090909090909093,28.0,0.509090909090909,7.0,72.0,20.0,5.178150347105433,3.789473684210526,3.789473684210526,19.0,0,0.0,1.0,0,0.0,0.3275612446125705,1.0,5.0,0.4737987155335496,1.0,1.0,0.0068639783492948,1.0,18.0,0.2785945359683279,4.0,48.0,0.4191404099499034,0.0,0.0,1.0
3464.0,11,106.0,1.6307692307692307,8.286728579426665,65,260.0,4.0,67.0,1.0307692307692309,8.0,96.0,24.0,5.237128202820954,5.052631578947368,5.052631578947368,19.0,1,4.0,0.3083452249902995,0,0.0,0.6794028506200773,0.0,3.0,0.6705205150373875,0.0,0.0,0.9924670270767532,0.0,0.0,0.8251342925320464,7.0,89.0,0.1250929684202904,0.0,0.0,1.0
3472.0,9,36.0,0.5,7.857093697924059,72,296.0,4.111111111111111,36.0,0.5,4.0,79.0,0.0,6.981035794466383,3.16,3.16,25.0,1,4.0,0.4638186320897472,2,9.0,0.2570088815775009,0.0,6.0,0.7189333354413763,0.0,3.0,0.0070495052377198,1.0,1.0,0.5136577821545145,0.0,53.0,0.4997967355008734,0.0,3.0,0.7595318276714091
3480.0,14,69.0,0.8734177215189873,8.025317873519782,79,373.0,4.7215189873417724,77.0,0.9746835443037974,13.0,94.0,15.0,6.58927880090117,2.292682926829268,2.292682926829268,41.0,2,7.0,0.3155967058183002,3,21.0,0.2287880791868418,2.0,14.0,0.3691346252354682,1.0,4.0,0.5103672468096042,4.0,33.0,0.4836578582764964,1.0,5.0,0.6240892460906196,0.0,10.0,0.95563465860306
3488.0,13,90.0,1.1111111111111112,7.710541249679229,81,444.0,5.481481481481482,71.0,0.8765432098765432,10.0,126.0,32.0,6.340750944549952,3.15,3.15,40.0,0,3.0,0.4899283565841897,7,69.0,0.2883129473034596,1.0,5.0,0.3835310217310972,1.0,3.0,0.4155971446715866,0.0,39.0,0.5881467147795675,1.0,7.0,0.3996518788331317,0.0,0.0,0.938222135523639
3496.0,14,70.0,0.8974358974358975,7.473686961049686,78,520.0,6.666666666666667,76.0,0.9743589743589745,12.0,165.0,39.0,4.223764103673874,4.583333333333333,4.583333333333333,36.0,0,0.0,0.7329771996826066,5,70.0,0.0589275273253997,2.0,14.0,0.4613163146029305,1.0,7.0,0.1001804422574118,2.0,52.0,0.2919754630870369,2.0,22.0,0.5114448421492491,0.0,0.0,1.0
3504.0,12,46.0,0.6764705882352942,6.19208029175824,68,511.0,7.514705882352941,0.0,0.0,9.0,159.0,0.0,3.7507274061427807,4.297297297297297,4.297297297297297,37.0,1,2.0,0.2463999020512067,3,77.0,0.1954984429044829,0.0,4.0,0.4890327954477518,1.0,2.0,0.4739200278820629,0.0,39.0,0.3596183150005303,4.0,35.0,0.1265194532940431,0.0,0.0,1.0
3512.0,21,170.0,2.3943661971830985,7.073418880282354,71,617.0,8.690140845070422,106.0,1.4929577464788732,15.0,231.0,72.0,4.233054903686327,7.451612903225806,7.451612903225806,31.0,0,0.0,0.0637900941594399,6,105.0,0.3245828233021212,0.0,0.0,1.0,1.0,10.0,0.0,4.0,45.0,0.1458470237478573,4.0,71.0,0.4996693149673124,0.0,0.0,1.0
3520.0,13,69.0,0.92,7.559077350694953,75,723.0,9.64,106.0,1.413333333333333,12.0,199.0,0.0,5.691322951328702,5.527777777777778,5.527777777777778,36.0,0,0.0,0.9952704976040122,5,101.0,0.2333122050575008,0.0,14.0,0.8983099380460201,0.0,0.0,1.0,5.0,74.0,0.0579490359582244,0.0,4.0,0.5789173007102008,2.0,6.0,0.2880139114729081
3528.0,11,65.0,0.8441558441558441,7.548353392500807,77,645.0,8.376623376623376,0.0,0.0,10.0,180.0,0.0,6.286568725892549,4.615384615384615,4.615384615384615,39.0,1,2.0,0.2933322297060357,8,122.0,0.0111616514392534,0.0,7.0,0.6400203741039748,0.0,0.0,1.0,1.0,40.0,0.3095669196964995,0.0,0.0,0.7553543119804448,0.0,9.0,0.7668718931795808
3536.0,13,103.0,1.3205128205128205,7.486290343914637,78,539.0,6.910256410256411,0.0,0.0,9.0,167.0,0.0,5.275635124152866,5.566666666666666,5.566666666666666,30.0,0,4.0,0.686948169006689,7,131.0,0.0390662070609029,1.0,5.0,0.308889368940004,0.0,0.0,1.0,0.0,14.0,0.5727555526992836,1.0,13.0,0.4803237362563407,0.0,0.0,0.8548990395469497
3544.0,14,173.0,2.1625,7.238256058072207,80,518.0,6.475,0.0,0.0,13.0,220.0,53.0,5.788401505267465,6.111111111111111,6.111111111111111,36.0,1,3.0,0.0397319863882593,8,191.0,0.1712836731959929,1.0,0.0,0.2264945702305211,0.0,0.0,0.8956041894403639,0.0,7.0,0.7873454632397823,0.0,6.0,0.7244449871268209,3.0,13.0,0.2429480081099786
3552.0,7,36.0,0.4137931034482758,7.764591437128678,87,536.0,6.160919540229885,18.0,0.2068965517241379,5.0,151.0,0.0,6.7752882126753065,4.575757575757576,4.575757575757576,33.0,0,4.0,0.0173640592862223,2,121.0,0.2690774177343569,0.0,0.0,0.926397283433,0.0,0.0,0.2904142600139804,1.0,9.0,0.638091724473212,2.0,10.0,0.3157968688628503,0.0,7.0,0.6316359811441552
3560.0,11,56.0,0.6666666666666666,8.149240690535768,84,516.0,6.142857142857143,0.0,0.0,7.0,145.0,0.0,5.532311596931617,5.0,5.0,29.0,0,0.0,0.7426093511611053,4,105.0,0.0949531081094612,0.0,0.0,1.0,1.0,7.0,0.547595759807384,0.0,5.0,0.5162890597106122,1.0,20.0,0.430538212595676,1.0,8.0,0.2383234966324365
3568.0,13,97.0,1.2278481012658229,7.365085798099906,79,499.0,6.316455696202532,0.0,0.0,13.0,209.0,64.0,5.313833990230584,5.648648648648648,5.648648648648648,37.0,2,7.0,0.0037596560818562,5,133.0,0.0993606365273639,0.0,14.0,0.8023993207269635,2.0,6.0,0.2494556651570641,0.0,3.0,0.6847629616416412,4.0,46.0,0.3985885033654995,0.0,0.0,1.0
3576.0,17,163.0,2.0375,6.448488684424572,80,597.0,7.4625,98.0,1.225,15.0,260.0,51.0,5.06433194327751,6.046511627906977,6.046511627906977,43.0,1,11.0,0.428397319385878,5,164.0,0.2249556893853246,1.0,11.0,0.6106110173809826,7.0,41.0,0.0896581771513821,0.0,3.0,0.4985763228639355,1.0,30.0,0.6378115740159722,0.0,0.0,0.9863158239288188
3584.0,13,141.0,1.6588235294117648,7.720008548419782,85,639.0,7.517647058823529,42.0,0.4941176470588235,10.0,170.0,0.0,7.55673807216546,4.146341463414634,4.146341463414634,41.0,2,15.0,0.5865619538021262,0,4.0,0.6773403922208913,0.0,1.0,0.1139546224625326,7.0,94.0,0.1915174921825966,0.0,18.0,0.8452104148621681,1.0,38.0,0.6696868579497821,0.0,0.0,0.8319534760668947
3592.0,8,70.0,0.8333333333333334,9.226727809326844,84,589.0,7.011904761904762,0.0,0.0,7.0,118.0,0.0,7.158007597427973,3.6875,3.6875,32.0,1,2.0,0.4629018661466492,0,0.0,1.0,0.0,0.0,1.0,4.0,56.0,0.1132117974276405,0.0,11.0,0.8118828630530047,1.0,46.0,0.5951142490611272,1.0,3.0,0.7308901035942901
3600.0,17,95.0,1.2666666666666666,6.858004972133229,75,625.0,8.333333333333334,36.0,0.48,14.0,169.0,51.0,4.028005345054171,4.567567567567568,4.567567567567568,37.0,1,2.0,0.0491845410096333,0,0.0,0.6891436520381998,0.0,14.0,0.9085732837271246,6.0,72.0,0.1151563577693279,3.0,16.0,0.1250812610621987,1.0,54.0,0.4646233613072352,3.0,11.0,0.4071912403628318
3584.0,7,46.0,0.5897435897435898,8.891065437682082,78,383.0,4.910256410256411,0.0,0.0,5.0,67.0,39.0,8.346767300031724,2.0303030303030303,2.0303030303030303,33.0,0,0.0,0.6534417702514698,1,10.0,0.6222899046122733,2.0,12.0,0.2176395554937442,2.0,17.0,0.1137613649964858,0.0,16.0,0.8577836004291995,0.0,2.0,0.8726470379271634,0.0,10.0,0.7672734979155583
3592.0,15,94.0,1.205128205128205,7.691006117783013,78,404.0,5.17948717948718,21.0,0.2692307692307692,14.0,116.0,49.0,5.538173967479695,2.9,2.9,40.0,0,0.0,0.5858570105331957,4,30.0,0.1333413799840185,2.0,31.0,0.3243253707713163,4.0,29.0,0.275300855052511,0.0,0.0,0.8676488089169077,1.0,5.0,0.5831014007317669,3.0,21.0,0.2732519345135745
3600.0,20,158.0,2.257142857142857,5.974985908819473,70,469.0,6.7,65.0,0.9285714285714286,19.0,196.0,80.0,1.9854000338103144,5.764705882352941,5.764705882352941,34.0,1,5.0,0.001779895215483,6,79.0,0.0411687877444721,0.0,0.0,1.0,3.0,41.0,0.1903525536731394,4.0,12.0,0.0552060833222116,0.0,0.0,0.427415826227789,5.0,59.0,0.1114076652024516
