step,system_total_stopped,system_total_waiting_time,system_mean_waiting_time,system_mean_speed,system_cars_present,system_accumulated_waiting_time (100),system_accumulated_mean_waiting_time (100),system_accumulated_waiting_time (delta),system_accumulated_mean_waiting_time (delta),agents_total_stopped,agents_total_accumulated_waiting_time (100),agents_total_accumulated_waiting_time (delta),agents_mean_speed,agents_mean_waiting_time (100),agents_mean_waiting_time (delta),agents_cars_present,Col8_1_stopped,Col8_1_accumulated_waiting_time,Col8_1_average_speed,Col8_2_stopped,Col8_2_accumulated_waiting_time,Col8_2_average_speed,Col8_3_stopped,Col8_3_accumulated_waiting_time,Col8_3_average_speed,Col8_4_stopped,Col8_4_accumulated_waiting_time,Col8_4_average_speed,Col8_5_stopped,Col8_5_accumulated_waiting_time,Col8_5_average_speed,Col8_6_stopped,Col8_6_accumulated_waiting_time,Col8_6_average_speed,Col8_7_stopped,Col8_7_accumulated_waiting_time,Col8_7_average_speed,Col8_8_stopped,Col8_8_accumulated_waiting_time,Col8_8_average_speed
8.0,1,1.0,0.1428571428571428,6.935427637650408,7,1.0,0.1428571428571428,1.0,0.1428571428571428,0,0.0,0.0,9.58373626219538,0.0,0.0,4,0,0.0,1.0,0,0.0,0.9747362870124042,0,0.0,0.5613217849164936,0,0.0,0.9730829268395702,0,0.0,1.0,0,0.0,1.0,0,0.0,1.0,0,0.0,1.0
16.0,2,4.0,0.2857142857142857,7.461200469196081,14,5.0,0.3571428571428571,4.0,0.2857142857142857,2,5.0,5.0,7.562844736174219,0.5,0.5,10,0,0.0,1.0,1,1.0,0.4058697878285949,0,0.0,0.6975508425041043,1,4.0,0.333659754375158,0,0.0,1.0,0,0.0,1.0,0,0.0,1.0,0,0.0,1.0
24.0,5,32.0,1.6,6.968549034081822,20,33.0,1.65,28.0,1.4,5,33.0,28.0,5.953757433644123,2.2,2.2,15,0,0.0,0.224224072790711,1,9.0,0.3522828982796708,0,0.0,0.7467422251582096,4,24.0,0.0650309975104953,0,0.0,1.0,0,0.0,1.0,0,0.0,1.0,0,0.0,1.0
32.0,1,17.0,0.68,8.55117354071454,25,64.0,2.56,31.0,1.24,1,39.0,6.0,7.931613381116502,2.1666666666666665,2.1666666666666665,18,0,0.0,0.6688090828813836,1,17.0,0.4219543268945204,0,0.0,0.809179637605357,0,22.0,0.1460760637326294,0,0.0,1.0,0,0.0,1.0,0,0.0,0.9037559527243272,0,0.0,1.0
40.0,7,22.0,0.6470588235294118,7.801801092974853,34,90.0,2.647058823529412,26.0,0.7647058823529411,7,48.0,9.0,7.2575357150639395,1.7142857142857142,1.7142857142857142,28,0,3.0,0.8329957110536756,2,2.0,0.6633111946174562,1,2.0,0.5908532148201953,3,36.0,0.0002301500349618,0,0.0,1.0,0,0.0,1.0,1,5.0,8.245960664339666e-06,0,0.0,1.0
48.0,6,22.0,0.5789473684210527,7.000653173231578,38,134.0,3.526315789473684,44.0,1.1578947368421053,6,47.0,0.0,6.261291374942984,1.6785714285714286,1.6785714285714286,28,2,8.0,0.4793808420354533,2,3.0,0.6458287469637423,1,10.0,0.416972862669055,0,13.0,0.296645418344681,0,0.0,1.0,0,0.0,1.0,1,13.0,0.0,0,0.0,1.0
56.0,10,53.0,1.261904761904762,6.861233362146038,42,169.0,4.023809523809524,35.0,0.8333333333333334,9,68.0,21.0,5.404178664112175,2.5185185185185186,2.5185185185185186,27,0,3.0,0.6129448418993702,2,5.0,0.5076755890135194,6,39.0,0.33723081994031,0,0.0,0.946421237543218,0,0.0,1.0,0,0.0,1.0,1,21.0,0.0,0,0.0,1.0
64.0,12,130.0,2.9545454545454546,6.317277088938207,44,240.0,5.454545454545454,71.0,1.6136363636363635,12,147.0,79.0,5.503430383427572,4.741935483870968,4.741935483870968,31,1,9.0,0.7359007305149649,2,11.0,0.5770259715897338,8,98.0,0.1416577946637974,0,0.0,0.8311576726581431,0,0.0,1.0,0,0.0,1.0,1,29.0,0.0,0,0.0,1.0
72.0,11,78.0,1.625,5.711290063635899,48,334.0,6.958333333333333,94.0,1.9583333333333333,11,149.0,2.0,3.645129842068324,5.518518518518518,5.518518518518518,27,0,12.0,0.6989594401766286,3,14.0,0.2491960045466864,5,113.0,0.1583329079810039,3,10.0,0.0527890591693788,0,0.0,1.0,0,0.0,1.0,0,0.0,1.0,0,0.0,1.0
80.0,4,42.0,0.8571428571428571,7.913851567281272,49,375.0,7.653061224489796,41.0,0.8367346938775511,4,121.0,0.0,6.548239776551545,4.653846153846154,4.653846153846154,26,0,13.0,0.9293311377743844,4,48.0,0.4304321828243282,0,53.0,0.4431346020897326,0,3.0,0.4704775271227644,0,0.0,1.0,0,4.0,0.885556304535759,0,0.0,1.0,0,0.0,1.0
88.0,7,39.0,0.78,7.973773900729948,50,419.0,8.38,44.0,0.88,6,97.0,0.0,5.746002330176295,4.217391304347826,4.217391304347826,23,1,18.0,0.422989287888055,4,48.0,0.4229171486113022,0,12.0,0.7265207872442605,0,3.0,0.9634761659327414,0,0.0,1.0,1,16.0,0.5472147999488227,0,0.0,1.0,0,0.0,1.0
96.0,2,9.0,0.2,8.972698842998634,45,400.0,8.88888888888889,0.0,0.0,2,44.0,0.0,8.038354563548587,2.4444444444444446,2.4444444444444446,18,0,7.0,0.6807121838541138,2,30.0,0.6289791315750771,0,3.0,0.953525232527594,0,0.0,0.8812951707618304,0,0.0,1.0,0,4.0,0.5337554218536905,0,0.0,1.0,0,0.0,1.0
104.0,2,5.0,0.1111111111111111,9.948146319207556,45,396.0,8.8,0.0,0.0,1,14.0,0.0,10.05004546409913,1.0,1.0,14,0,6.0,0.8721909545184091,1,5.0,0.7165829600704912,0,3.0,0.9768454874142796,0,0.0,0.9619618536729772,0,0.0,1.0,0,0.0,1.0,0,0.0,0.9646845911060432,0,0.0,1.0
112.0,2,16.0,0.3809523809523809,9.536510879366563,42,351.0,8.357142857142858,0.0,0.0,2,22.0,8.0,7.734910730118973,1.5714285714285714,1.5714285714285714,14,0,3.0,0.963770003663553,1,13.0,0.693677130963665,0,3.0,0.9182281397080416,1,3.0,0.4594599236364889,0,0.0,1.0,0,0.0,1.0,0,0.0,0.9506409488617248,0,0.0,1.0
120.0,4,14.0,0.35,8.587233613623138,40,308.0,7.7,0.0,0.0,4,26.0,4.0,7.704807406266543,1.181818181818182,1.181818181818182,22,2,8.0,0.5783078972148771,0,0.0,0.8915341691031478,0,3.0,0.174760642861628,2,12.0,0.4684182948756432,0,0.0,1.0,0,3.0,0.9718820502410136,0,0.0,0.9173892288023534,0,0.0,1.0
128.0,4,26.0,0.6190476190476191,7.750865852990957,42,324.0,7.714285714285714,16.0,0.3809523809523809,4,35.0,9.0,6.768307738126431,1.6666666666666667,1.6666666666666667,21,2,24.0,0.628791864061694,0,0.0,0.8295815137282574,0,0.0,0.5106238942267279,1,4.0,0.319895533472784,0,0.0,1.0,0,3.0,0.4702542370807235,1,4.0,0.0,0,0.0,1.0
136.0,3,16.0,0.3636363636363636,9.041897882155634,44,343.0,7.795454545454546,19.0,0.4318181818181818,3,22.0,0.0,8.180383296341663,1.0476190476190477,1.0476190476190477,21,0,3.0,0.6590045477901605,1,5.0,0.8227351221649026,0,0.0,0.9285626687922296,0,0.0,0.8339620732310159,0,0.0,1.0,2,14.0,0.3126962159011842,0,0.0,1.0,0,0.0,1.0
144.0,9,68.0,1.5454545454545454,8.278731613091885,44,372.0,8.454545454545455,29.0,0.6590909090909091,8,76.0,54.0,6.639676836189678,3.3043478260869565,3.3043478260869565,23,1,11.0,0.7318337230743593,3,21.0,0.593487183244183,0,0.0,0.8728821401304118,1,6.0,0.0,0,0.0,1.0,3,38.0,0.2265519726484606,0,0.0,1.0,0,0.0,1.0
160.0,6,36.0,0.8571428571428571,8.001581216397264,42,405.0,9.642857142857142,0.0,0.0,5,51.0,0.0,7.386385204961365,2.3181818181818183,2.3181818181818183,22,1,7.0,0.7587257336841662,2,12.0,0.4693596240566436,0,5.0,0.9328695318448124,1,3.0,0.0,0,0.0,1.0,1,14.0,0.4786861968245886,0,10.0,0.5977721501491723,0,0.0,1.0
168.0,5,30.0,0.6976744186046512,8.812741048442053,43,449.0,10.44186046511628,44.0,1.0232558139534884,5,72.0,21.0,7.092922767125191,3.6,3.6,20,1,18.0,0.6557607058344479,0,16.0,0.9438660343784416,0,3.0,0.9417416251459468,1,11.0,0.0,0,0.0,1.0,1,8.0,0.6343666463494361,2,16.0,0.1068222252708635,0,0.0,1.0
176.0,6,22.0,0.5116279069767442,8.130919277725742,43,452.0,10.511627906976743,3.0,0.0697674418604651,5,64.0,0.0,6.433243819998071,2.782608695652174,2.782608695652174,23,3,40.0,0.432670466732834,2,15.0,0.4348366303440078,0,6.0,0.9289319973747516,0,0.0,1.0,0,0.0,1.0,0,3.0,0.5653606551220345,0,0.0,0.528382815243343,0,0.0,1.0
184.0,5,17.0,0.4722222222222222,6.895497193520709,36,294.0,8.166666666666666,0.0,0.0,4,59.0,0.0,5.884163364823996,2.95,2.95,20,1,20.0,0.3067115270646953,1,19.0,0.5955926631102664,0,3.0,0.8962751058682835,0,0.0,0.4854853228087117,0,0.0,1.0,2,14.0,0.3202344501571059,0,3.0,0.9208847530634277,0,0.0,1.0
200.0,4,28.0,0.8484848484848485,9.010531986458416,33,196.0,5.9393939393939394,0.0,0.0,4,48.0,0.0,8.190299551335247,2.6666666666666665,2.6666666666666665,18,0,4.0,0.7117114727488236,1,28.0,0.6227399489575953,1,5.0,0.6508520814596025,0,0.0,1.0,0,0.0,1.0,2,11.0,0.4608130391912771,0,0.0,0.4084221756865604,0,0.0,0.9599956201644936
208.0,4,34.0,1.0,8.912447610315091,34,193.0,5.676470588235294,0.0,0.0,4,53.0,5.0,7.831204097115159,3.533333333333333,3.533333333333333,15,0,4.0,0.9648325674485712,1,36.0,0.404984272916322,0,3.0,0.9436116823278607,0,0.0,0.5917445943054911,0,0.0,1.0,2,4.0,0.0003856734844339,1,6.0,0.0,0,0.0,0.9675134164683112
224.0,8,77.0,2.264705882352941,7.101099705838526,34,179.0,5.264705882352941,23.0,0.6764705882352942,8,96.0,29.0,5.223785936925047,5.333333333333333,5.333333333333333,18,1,11.0,0.4957844739648352,2,55.0,0.6518873968220079,0,3.0,0.92093384125045,3,14.0,0.0015143679233913,2,10.0,0.0,0,0.0,0.9321527173725166,0,3.0,0.5629515444091533,0,0.0,1.0
232.0,3,24.0,0.7272727272727273,7.927498221181617,33,198.0,6.0,19.0,0.5757575757575758,3,43.0,0.0,5.967538551741796,3.583333333333333,3.583333333333333,12,1,19.0,0.3577958264486904,2,18.0,0.383243444162816,0,3.0,0.4879335712695842,0,0.0,1.0,0,0.0,1.0,0,3.0,0.9639346210938043,0,0.0,0.8661204950689836,0,0.0,1.0
240.0,5,59.0,1.903225806451613,7.676124440066482,31,225.0,7.258064516129032,27.0,0.8709677419354839,5,72.0,29.0,5.956845819021821,6.545454545454546,6.545454545454546,11,2,34.0,0.3126206492680471,3,38.0,0.382056550809045,0,0.0,0.9437120883640217,0,0.0,0.9921157477453472,0,0.0,1.0,0,0.0,1.0,0,0.0,1.0,0,0.0,1.0
248.0,3,16.0,0.5925925925925926,7.263699114063735,27,183.0,6.777777777777778,0.0,0.0,3,23.0,0.0,5.827725663483264,2.3,2.3,10,0,3.0,0.7489976599232264,2,15.0,0.3749415051148845,1,1.0,0.4430169995459657,0,0.0,0.9711214928341734,0,0.0,1.0,0,4.0,0.9036061190366186,0,0.0,1.0,0,0.0,1.0
256.0,2,4.0,0.1428571428571428,8.89733150717522,28,196.0,7.0,13.0,0.4642857142857143,2,17.0,0.0,8.285411514347222,1.7,1.7,10,0,3.0,0.9568535477510074,0,0.0,0.9733023341326428,0,3.0,0.9755698992295544,1,5.0,0.4861994113836421,0,0.0,1.0,1,6.0,0.0002152767518932,0,0.0,1.0,0,0.0,1.0
264.0,2,5.0,0.1666666666666666,8.604031416378184,30,168.0,5.6,0.0,0.0,2,11.0,0.0,8.22567330677234,1.1,1.1,10,1,4.0,0.683526812991957,1,4.0,0.5521603009840798,0,3.0,0.8628836962137156,0,0.0,1.0,0,0.0,1.0,0,0.0,1.0,0,0.0,0.9521401892500296,0,0.0,1.0
272.0,2,9.0,0.2647058823529412,8.51856586024965,34,130.0,3.823529411764706,0.0,0.0,2,21.0,10.0,7.943911132925225,1.3125,1.3125,16,2,12.0,0.488005765986542,0,0.0,0.7272188554688365,0,3.0,0.953889735055653,0,0.0,0.9979813397982534,0,0.0,1.0,0,3.0,0.4897806713967881,0,3.0,0.989983574787674,0,0.0,1.0
280.0,7,30.0,0.8823529411764706,7.438014193965551,34,144.0,4.235294117647059,14.0,0.4117647058823529,6,40.0,19.0,5.849633238904732,2.2222222222222223,2.2222222222222223,18,2,24.0,0.5504015517701756,2,6.0,0.4176554864466288,0,3.0,0.8584583004441729,1,1.0,0.0009081666875139,0,0.0,0.5480075902627519,1,6.0,0.461103339476645,0,0.0,1.0,0,0.0,1.0
288.0,4,24.0,0.8275862068965517,7.626162813539998,29,163.0,5.620689655172414,19.0,0.6551724137931034,4,34.0,0.0,6.574687592799409,2.4285714285714284,2.4285714285714284,14,0,0.0,0.7940852013693288,1,9.0,0.4059804744050874,0,6.0,0.9740477008772132,1,9.0,0.4926396829034623,0,0.0,1.0,2,10.0,0.000993993639573,0,0.0,0.9172698125106734,0,0.0,1.0
296.0,2,12.0,0.4137931034482758,8.882977919611065,29,158.0,5.448275862068965,0.0,0.0,2,19.0,0.0,7.602053915190829,1.5833333333333333,1.5833333333333333,12,1,5.0,0.6010996961669623,0,0.0,1.0,0,6.0,0.8855803471896764,0,0.0,0.9324986571404004,0,0.0,0.5570088120230333,1,8.0,0.0,0,0.0,1.0,0,0.0,1.0
304.0,6,35.0,1.206896551724138,7.112533295126903,29,113.0,3.896551724137931,0.0,0.0,6,41.0,22.0,3.602875797897457,3.4166666666666665,3.4166666666666665,12,3,23.0,0.0972355932209443,0,0.0,0.7224599290204036,2,14.0,0.4484324079949087,1,4.0,0.4592388995416472,0,0.0,0.3813180038739933,0,0.0,1.0,0,0.0,1.0,0,0.0,1.0
312.0,7,80.0,3.636363636363636,6.415488442961301,22,129.0,5.863636363636363,16.0,0.7272727272727273,7,86.0,45.0,3.806213277272245,7.166666666666667,7.166666666666667,12,4,52.0,0.1833210476279537,0,0.0,0.6967226606638078,2,30.0,0.4689935823058055,0,0.0,0.9523110255970064,1,4.0,0.0001569909542576,0,0.0,1.0,0,0.0,1.0,0,0.0,1.0
320.0,2,26.0,1.1304347826086956,7.333441981495566,23,144.0,6.260869565217392,15.0,0.6521739130434783,2,32.0,0.0,5.981328385889136,3.2,3.2,10,1,22.0,0.4172667106022676,0,0.0,0.3435508959341297,0,6.0,0.8740949457971636,1,4.0,1.1151457363943002e-05,0,0.0,1.0,0,0.0,1.0,0,0.0,1.0,0,0.0,1.0
328.0,5,53.0,1.962962962962963,7.927019498780957,27,172.0,6.37037037037037,28.0,1.037037037037037,4,64.0,32.0,7.515948757935338,4.923076923076923,4.923076923076923,13,2,36.0,0.5773053251769169,0,0.0,0.9065549408737212,1,11.0,0.6151630977688077,1,17.0,0.6096044047696,0,0.0,1.0,0,0.0,0.8931097655636585,0,0.0,1.0,0,0.0,1.0
336.0,4,24.0,0.8275862068965517,7.788770720888866,29,192.0,6.620689655172414,20.0,0.6896551724137931,4,39.0,0.0,5.433033441391518,2.7857142857142856,2.7857142857142856,14,1,14.0,0.4351842473150011,1,2.0,0.2055329469436278,1,11.0,0.4343589875539493,1,12.0,0.6881411337095494,0,0.0,1.0,0,0.0,0.8634652452403443,0,0.0,1.0,0,0.0,1.0
344.0,7,53.0,1.962962962962963,6.608466030514159,27,149.0,5.518518518518518,0.0,0.0,6,68.0,29.0,3.372507417340439,5.230769230769231,5.230769230769231,13,2,29.0,0.3165998361066998,1,13.0,0.6112301881034634,0,3.0,0.917438962154031,2,19.0,0.1973869331113099,0,0.0,1.0,1,4.0,0.0002163291392374,0,0.0,1.0,0,0.0,1.0
352.0,6,76.0,2.4516129032258065,7.090436093589515,31,163.0,5.258064516129032,14.0,0.4516129032258064,4,89.0,21.0,5.177761555456278,6.357142857142857,6.357142857142857,14,2,45.0,0.4714241828562542,1,21.0,0.5082516922371009,0,3.0,0.8735305823344429,0,8.0,0.294722684518343,0,0.0,1.0,1,12.0,0.0,0,0.0,1.0,0,0.0,1.0
360.0,7,27.0,0.6923076923076923,6.988004454178997,39,163.0,4.17948717948718,0.0,0.0,6,42.0,0.0,5.730249589763533,2.4705882352941178,2.4705882352941178,17,2,3.0,0.608277553187163,0,3.0,0.8976558403214728,0,0.0,1.0,3,16.0,0.218851472756391,0,0.0,1.0,1,20.0,0.0,0,0.0,1.0,0,0.0,1.0
368.0,6,41.0,0.9534883720930232,7.337487590280204,43,207.0,4.813953488372093,44.0,1.0232558139534884,5,66.0,24.0,5.847280717665452,3.3,3.3,20,1,6.0,0.7585435426981753,1,8.0,0.4896735787992901,0,0.0,0.6664910825087805,2,21.0,0.1876606323636071,0,0.0,1.0,1,28.0,0.0,0,3.0,0.935132338783303,0,0.0,1.0
376.0,3,13.0,0.26,7.6656483388361725,50,224.0,4.48,17.0,0.34,2,30.0,0.0,7.186422063947608,1.6666666666666667,1.6666666666666667,18,0,3.0,0.7255386207029693,1,16.0,0.6129071060145068,0,5.0,0.7313563363311,0,6.0,0.3714416259649139,1,0.0,0.0,0,0.0,1.0,0,0.0,1.0,0,0.0,1.0
384.0,3,17.0,0.3333333333333333,7.521832515093524,51,211.0,4.137254901960785,0.0,0.0,3,34.0,4.0,6.77433308741185,1.8888888888888888,1.8888888888888888,18,2,16.0,0.4523706483674753,0,3.0,0.8535478931719568,1,12.0,0.6179519548506113,0,0.0,0.5497421131681556,0,0.0,0.2365708222984468,0,0.0,0.0116823421930107,0,3.0,0.4968120639425412,0,0.0,1.0
392.0,8,49.0,0.9423076923076924,7.311264786400164,52,263.0,5.057692307692308,52.0,1.0,8,60.0,26.0,5.929926204718697,3.1578947368421053,3.1578947368421053,19,2,10.0,0.4323453791361814,0,3.0,0.7191315284800257,4,36.0,0.3946791278752771,0,0.0,1.0,1,3.0,0.0004705626459391,1,8.0,0.0,0,0.0,0.940944719819882,0,0.0,1.0
400.0,2,24.0,0.4285714285714285,7.959443745830019,56,300.0,5.357142857142857,37.0,0.6607142857142857,2,47.0,0.0,7.591373749652794,2.35,2.35,20,0,1.0,0.8313623247075527,1,11.0,0.3610165543656772,0,19.0,0.7305153076211074,0,0.0,1.0,0,0.0,1.0,1,16.0,0.0,0,0.0,1.0,0,0.0,1.0
408.0,6,39.0,0.65,8.0316089131943,60,334.0,5.566666666666666,34.0,0.5666666666666667,5,48.0,1.0,7.917677110817542,2.2857142857142856,2.2857142857142856,21,1,5.0,0.7444864030603359,4,40.0,0.504474218134007,0,3.0,0.9349924894074104,0,0.0,0.999347944999022,0,0.0,0.8836925464868416,0,0.0,0.948284971144172,0,0.0,1.0,0,0.0,1.0
416.0,8,34.0,0.5573770491803278,6.527624458328838,61,353.0,5.786885245901639,19.0,0.3114754098360656,6,54.0,6.0,5.719634404328279,2.0,2.0,27,2,18.0,0.4168593031889807,1,16.0,0.6448833457037788,1,13.0,0.6860717855265195,1,2.0,0.3208224586785146,0,0.0,1.0,1,2.0,0.4283165297717654,0,3.0,0.0076630661361168,0,0.0,1.0
424.0,3,11.0,0.1864406779661017,7.40103898959524,59,338.0,5.728813559322034,0.0,0.0,3,47.0,0.0,6.552169875091494,1.807692307692308,1.807692307692308,26,0,7.0,0.8415470185810596,2,24.0,0.5804503069641426,0,13.0,0.6661082667213999,0,1.0,0.3843400480925972,0,0.0,1.0,1,2.0,0.491933571837294,0,0.0,1.0,0,0.0,1.0
432.0,5,20.0,0.3278688524590163,7.575929787562218,61,371.0,6.081967213114754,33.0,0.5409836065573771,5,76.0,29.0,6.777844544984721,2.111111111111111,2.111111111111111,36,0,10.0,0.8426948788981669,0,23.0,0.8740343383732301,2,22.0,0.6302137618200868,3,18.0,0.2483623807268156,0,0.0,0.0776710038965222,0,0.0,0.7531143225188269,0,3.0,0.7763902745323099,0,0.0,1.0
440.0,5,20.0,0.3225806451612903,7.345783311360562,62,393.0,6.338709677419355,22.0,0.3548387096774194,5,92.0,16.0,6.374333040148268,2.787878787878788,2.787878787878788,33,0,14.0,0.759479791862053,0,23.0,0.7938523397082181,0,10.0,0.6099569902031834,2,34.0,0.2352769439155108,0,0.0,1.0,3,11.0,0.0002424718900864,0,0.0,1.0,0,0.0,1.0
448.0,6,47.0,0.7580645161290323,7.527217503142739,62,407.0,6.564516129032258,14.0,0.2258064516129032,6,92.0,0.0,6.11222161065385,3.066666666666667,3.066666666666667,30,0,8.0,0.7651166863515626,0,16.0,0.8027490304023067,2,18.0,0.5603376068222572,1,15.0,0.340801130166483,0,0.0,1.0,3,35.0,0.2104260201115872,0,0.0,1.0,0,0.0,1.0
456.0,3,15.0,0.234375,7.834918261049567,64,431.0,6.734375,24.0,0.375,3,62.0,0.0,6.243240548815862,2.583333333333333,2.583333333333333,24,1,6.0,0.4906221309285884,0,16.0,0.7794560617748384,0,10.0,0.6720137706111148,2,15.0,0.0005215489747278,0,0.0,1.0,0,15.0,0.3547609261307167,0,0.0,1.0,0,0.0,1.0
464.0,4,24.0,0.3870967741935484,8.19526984948507,62,437.0,7.048387096774194,6.0,0.0967741935483871,4,58.0,0.0,6.5741902424890135,2.1481481481481484,2.1481481481481484,27,1,14.0,0.0138303371860396,3,27.0,0.6122889354714641,0,7.0,0.8773974691759889,0,3.0,0.9673206943126764,0,0.0,1.0,0,0.0,0.9097249898925542,0,7.0,0.8966446921327377,0,0.0,1.0
472.0,7,53.0,0.8983050847457628,6.576249407331842,59,412.0,6.983050847457627,0.0,0.0,7,82.0,24.0,4.545904833001383,2.827586206896552,2.827586206896552,29,1,7.0,0.0,5,61.0,0.520721339396223,0,7.0,0.7579581670387125,1,4.0,0.0165768351783007,0,0.0,1.0,0,3.0,0.5519773713598394,0,0.0,1.0,0,0.0,1.0
480.0,8,43.0,0.7166666666666667,6.246982352008774,60,467.0,7.783333333333333,55.0,0.9166666666666666,6,107.0,25.0,5.3931461152710485,3.4516129032258065,3.4516129032258065,31,1,18.0,0.5133668495874693,1,43.0,0.5898944031567418,0,7.0,0.6570637637440399,3,27.0,0.1974818461425777,0,0.0,1.0,1,9.0,0.3803402291103651,0,3.0,0.9205151920794136,0,0.0,0.9916879343406472
488.0,9,27.0,0.3970588235294117,6.969031859416089,68,462.0,6.794117647058823,0.0,0.0,8,99.0,0.0,6.573332910908361,2.414634146341464,2.414634146341464,41,0,10.0,0.8887342286842987,4,21.0,0.4171519362817906,2,22.0,0.4577299816937924,0,13.0,0.3177400915194156,0,3.0,0.3323975087186588,1,17.0,0.5831160593764193,1,13.0,0.6345636679817986,0,0.0,0.9198290241421578
496.0,10,69.0,0.971830985915493,7.016256863086414,71,485.0,6.830985915492958,23.0,0.323943661971831,10,130.0,31.0,6.047620638554261,2.9545454545454546,2.9545454545454546,44,0,10.0,0.8348114632444811,2,24.0,0.5093035287672737,2,38.0,0.4877410306572707,5,35.0,0.1694908611969426,0,0.0,1.0,1,23.0,0.6567416331836206,0,0.0,1.0,0,0.0,1.0
504.0,16,117.0,1.647887323943662,6.746203864471912,71,579.0,8.154929577464788,94.0,1.323943661971831,16,177.0,47.0,5.14054302212205,4.317073170731708,4.317073170731708,41,5,30.0,0.4720179050345751,4,18.0,0.4181829607712215,2,54.0,0.529295954247262,4,40.0,0.2119560955840738,0,0.0,1.0,1,35.0,0.6456504301961922,0,0.0,0.9567079713909902,0,0.0,1.0
512.0,10,69.0,1.0,6.894471295139746,69,605.0,8.768115942028986,26.0,0.3768115942028985,10,126.0,0.0,5.741167767617373,3.4054054054054053,3.4054054054054053,37,1,27.0,0.5424645916361657,7,58.0,0.2494660954008843,0,11.0,0.8715740831181676,1,19.0,0.3454181129299893,0,0.0,1.0,1,11.0,0.4716921724300449,0,0.0,0.9719127375350096,0,0.0,1.0
520.0,12,70.0,1.044776119402985,7.071172106342778,67,602.0,8.985074626865671,0.0,0.0,10,110.0,0.0,4.694465579137296,3.928571428571429,3.928571428571429,28,8,64.0,0.1716924283006101,1,29.0,0.5639893625981512,0,4.0,0.8470828110203881,1,13.0,0.4880723397728491,0,0.0,1.0,0,0.0,0.961529433280957,0,0.0,1.0,0,0.0,1.0
528.0,4,48.0,0.75,8.69918001638625,64,612.0,9.5625,10.0,0.15625,4,129.0,19.0,7.801744789705158,3.909090909090909,3.909090909090909,33,2,98.0,0.6453615368515958,1,22.0,0.4749679543471462,0,7.0,0.7350331253142091,1,2.0,0.2999928356578251,0,0.0,1.0,0,0.0,0.9300240011908378,0,0.0,0.8043714889569382,0,0.0,1.0
536.0,6,52.0,0.8,9.066726733516116,65,589.0,9.06153846153846,0.0,0.0,6,85.0,0.0,7.211080588753572,3.0357142857142856,3.0357142857142856,28,2,55.0,0.7158647134595331,0,0.0,0.6744217821783958,1,14.0,0.628983105298398,3,16.0,0.2349313711218031,0,0.0,1.0,0,0.0,0.0532389573953426,0,0.0,1.0,0,0.0,1.0
544.0,5,15.0,0.2586206896551724,7.974999473302188,58,532.0,9.172413793103448,0.0,0.0,4,58.0,0.0,6.51181623130416,2.32,2.32,25,4,35.0,0.4275977097917537,0,0.0,0.9542147597411152,0,4.0,0.861931155951584,0,15.0,0.1411225031719346,0,0.0,1.0,0,4.0,0.9116072132588292,0,0.0,1.0,0,0.0,1.0
552.0,5,24.0,0.4137931034482758,8.461274532833368,58,498.0,8.586206896551724,0.0,0.0,4,82.0,24.0,7.428762656206794,2.411764705882353,2.411764705882353,34,0,31.0,0.6075420690403731,1,6.0,0.5888418647249418,0,7.0,0.7840414809564306,2,30.0,0.4079105217528653,0,0.0,1.0,1,8.0,0.5710554944714797,0,0.0,1.0,0,0.0,0.9854292994024404
560.0,6,24.0,0.3870967741935484,8.591195454133596,62,426.0,6.870967741935484,0.0,0.0,4,56.0,0.0,8.140747059395364,1.696969696969697,1.696969696969697,33,0,12.0,0.8775579337884747,0,6.0,0.6157639082564881,1,9.0,0.5806626994301093,1,10.0,0.259865931828271,0,0.0,0.3216632829720358,2,19.0,0.2424961215961926,0,0.0,1.0,0,0.0,0.91299688875546
568.0,9,23.0,0.359375,7.548555049589547,64,373.0,5.828125,0.0,0.0,8,61.0,5.0,5.930707201580325,1.90625,1.90625,32,2,19.0,0.6230469579473716,2,3.0,0.4267421183267431,1,3.0,0.0113868375875668,3,18.0,0.1659340538310199,0,0.0,1.0,0,18.0,0.4573627749154273,0,0.0,1.0,0,0.0,1.0
576.0,8,62.0,1.0333333333333334,9.06892603478872,60,385.0,6.416666666666667,12.0,0.2,8,93.0,32.0,7.093330241726686,3.576923076923077,3.576923076923077,26,0,14.0,0.7470117163533565,4,22.0,0.3524073043253029,0,0.0,1.0,4,47.0,3.3847349278880854e-06,0,0.0,1.0,0,6.0,0.9372569657387944,0,4.0,0.9535896859039008,0,0.0,1.0
584.0,1,2.0,0.0377358490566037,9.102160715965155,53,357.0,6.735849056603773,0.0,0.0,1,35.0,0.0,7.254487001368498,1.75,1.75,20,1,6.0,0.5657325877898624,0,4.0,0.485648673094991,0,0.0,1.0,0,25.0,0.4359885997325436,0,0.0,1.0,0,0.0,1.0,0,0.0,0.6103211741832579,0,0.0,1.0
592.0,7,26.0,0.5777777777777777,8.269700114270428,45,282.0,6.266666666666667,0.0,0.0,7,40.0,5.0,6.784355219436381,2.1052631578947367,2.1052631578947367,19,0,10.0,0.8318845397453964,3,17.0,0.4196814260916374,0,0.0,1.0,1,1.0,0.3383594033227532,0,0.0,1.0,0,0.0,1.0,3,12.0,0.0012952781737825,0,0.0,1.0
600.0,3,11.0,0.2682926829268293,7.423138818014702,41,268.0,6.536585365853658,0.0,0.0,3,26.0,0.0,5.549874733252088,2.0,2.0,13,2,14.0,0.4646160130716993,0,0.0,0.4327672240721176,0,3.0,0.9001386679590626,1,3.0,0.0005684574750246,0,0.0,1.0,0,0.0,1.0,0,6.0,0.3151551949185251,0,0.0,1.0
608.0,8,56.0,1.4736842105263157,7.427330513747376,38,285.0,7.5,17.0,0.4473684210526316,8,75.0,49.0,5.750853416352079,4.166666666666667,4.166666666666667,18,3,34.0,0.4800193337963261,3,12.0,0.3703377349940064,0,3.0,0.9032606313593056,1,11.0,0.4732113700838901,0,0.0,1.0,0,3.0,0.8309231607201357,1,12.0,0.0,0,0.0,1.0
616.0,9,55.0,1.3095238095238095,6.367657401435511,42,315.0,7.5,30.0,0.7142857142857143,9,78.0,3.0,5.272956601181874,3.5454545454545454,3.5454545454545454,22,2,25.0,0.4593620161576869,5,40.0,0.312657091734075,0,3.0,0.9269002294672356,1,2.0,0.0,0,0.0,1.0,1,8.0,0.4843603214402949,0,0.0,1.0,0,0.0,1.0
624.0,11,121.0,2.688888888888889,6.586757314553285,45,391.0,8.688888888888888,76.0,1.6888888888888889,11,138.0,60.0,5.16120829816648,6.0,6.0,23,4,47.0,0.5252031268359976,7,88.0,0.1072117419638808,0,3.0,0.9185201441052682,0,0.0,1.0,0,0.0,1.0,0,0.0,0.9156105879389526,0,0.0,1.0,0,0.0,1.0
632.0,1,0.0,0.0,8.10575437986224,46,389.0,8.456521739130435,0.0,0.0,0,64.0,0.0,8.494195788203037,2.4615384615384617,2.4615384615384617,26,0,13.0,0.7559137169965463,0,41.0,0.3267937726044217,0,3.0,0.9383735768734413,0,0.0,1.0,0,0.0,1.0,0,4.0,0.9038910555077132,0,3.0,0.8302129311613566,0,0.0,1.0
640.0,9,24.0,0.4615384615384615,8.309558538387453,52,406.0,7.8076923076923075,17.0,0.3269230769230769,8,95.0,31.0,7.692766472181701,2.96875,2.96875,32,1,24.0,0.7700841027173599,7,65.0,0.1836482473539052,0,6.0,0.8906516944984717,0,0.0,0.8045451394835275,0,0.0,1.0,0,0.0,1.0,0,0.0,1.0,0,0.0,1.0
648.0,4,10.0,0.1886792452830188,8.740996493071037,53,403.0,7.60377358490566,0.0,0.0,4,71.0,0.0,8.159011321629444,1.9722222222222223,1.9722222222222223,36,1,30.0,0.68202577408997,0,25.0,0.4231019352663342,1,11.0,0.638990288327983,2,5.0,0.3833700051234668,0,0.0,1.0,0,0.0,1.0,0,0.0,0.9910249871322968,0,0.0,1.0
656.0,8,54.0,0.9818181818181818,9.01887666711485,55,439.0,7.981818181818181,36.0,0.6545454545454545,8,97.0,26.0,8.561295141293742,2.425,2.425,40,4,64.0,0.7180788675027984,0,0.0,0.4371729428216973,0,3.0,0.9730475262253286,4,30.0,0.24025705361557,0,0.0,1.0,0,0.0,1.0,0,0.0,1.0,0,0.0,1.0
664.0,7,20.0,0.3448275862068966,7.692073797025321,58,456.0,7.862068965517241,17.0,0.293103448275862,7,70.0,0.0,7.187515908045771,1.7073170731707317,1.7073170731707317,41,4,36.0,0.5517761793542802,1,0.0,0.5384481677479847,0,0.0,1.0,2,34.0,0.389258891659832,0,0.0,1.0,0,0.0,1.0,0,0.0,1.0,0,0.0,1.0
672.0,11,65.0,1.0483870967741935,8.939844930665993,62,491.0,7.919354838709677,35.0,0.5645161290322581,11,79.0,9.0,6.648800677802927,2.393939393939394,2.393939393939394,33,9,71.0,0.4511253028121867,1,2.0,0.5718256462604661,0,0.0,1.0,1,6.0,0.5234293865146756,0,0.0,1.0,0,0.0,1.0,0,0.0,1.0,0,0.0,1.0
680.0,16,69.0,1.1896551724137931,6.516670619103591,58,438.0,7.551724137931035,0.0,0.0,15,123.0,44.0,3.266181514462957,3.6176470588235294,3.6176470588235294,34,7,90.0,0.3260153394701857,4,20.0,0.1602922997247486,0,0.0,1.0,3,13.0,0.0633323551724407,1,0.0,0.0,0,0.0,1.0,0,0.0,1.0,0,0.0,1.0
688.0,3,26.0,0.4642857142857143,7.631903074992509,56,473.0,8.446428571428571,35.0,0.625,3,132.0,9.0,6.337632188923706,4.0,4.0,33,3,103.0,0.4099553300861524,0,0.0,0.6379070430810339,0,0.0,0.9386721949960928,0,25.0,0.2727261573066614,0,0.0,1.0,0,0.0,1.0,0,4.0,0.7984809866577076,0,0.0,1.0
696.0,6,47.0,0.8703703703703703,8.35382486117484,54,417.0,7.722222222222222,0.0,0.0,6,102.0,0.0,6.948251215811549,3.090909090909091,3.090909090909091,33,3,93.0,0.5009100592379573,2,5.0,0.4349398589139739,0,0.0,0.5899078491652674,0,0.0,0.4935337253633353,1,4.0,6.790505196404194e-05,0,0.0,1.0,0,0.0,1.0,0,0.0,1.0
704.0,7,69.0,1.30188679245283,6.9058378488981065,53,408.0,7.69811320754717,0.0,0.0,7,106.0,4.0,4.419443321530827,3.7857142857142856,3.7857142857142856,28,4,93.0,0.2655447752039926,1,0.0,0.4977286323549192,2,13.0,0.2562263588651579,0,0.0,1.0,0,0.0,1.0,0,0.0,0.7381224510951991,0,0.0,1.0,0,0.0,1.0
712.0,7,24.0,0.4528301886792453,7.438581531954752,53,401.0,7.566037735849057,0.0,0.0,7,84.0,0.0,5.787471648139464,2.4705882352941178,2.4705882352941178,34,4,55.0,0.4090039037035852,2,10.0,0.4108526144333933,0,15.0,0.4757713414316019,0,0.0,1.0,0,0.0,1.0,0,4.0,0.7971512929574462,1,0.0,0.0,0,0.0,1.0
720.0,7,33.0,0.6226415094339622,7.255861171522227,53,407.0,7.679245283018868,6.0,0.1132075471698113,7,114.0,30.0,5.278833792976129,3.257142857142857,3.257142857142857,35,5,93.0,0.3102685324810153,0,4.0,0.7369506678213412,0,0.0,0.7718641245763648,0,0.0,1.0,0,0.0,1.0,2,13.0,0.2596803747816981,0,4.0,0.5575649110168293,0,0.0,1.0
728.0,13,37.0,0.6491228070175439,6.466516600537682,57,371.0,6.508771929824562,0.0,0.0,10,122.0,8.0,4.973876879154365,3.4857142857142858,3.4857142857142858,35,5,100.0,0.4063440902706406,2,7.0,0.5018711997756813,1,0.0,0.0,0,0.0,1.0,0,0.0,1.0,0,0.0,1.0,2,15.0,8.562290807710898e-06,0,0.0,1.0
736.0,19,132.0,2.0625,7.181754910416982,64,447.0,6.984375,76.0,1.1875,17,198.0,76.0,4.642268736194959,5.351351351351352,5.351351351351352,37,11,149.0,0.2071044667401439,5,30.0,0.452587814907723,0,0.0,0.9561657612727276,0,0.0,1.0,0,0.0,1.0,0,0.0,0.9073344470182226,1,19.0,0.5330443567373514,0,0.0,1.0
744.0,16,144.0,2.360655737704918,6.081956377050761,61,493.0,8.081967213114755,46.0,0.7540983606557377,16,244.0,46.0,3.8805737319422575,6.256410256410256,6.256410256410256,39,11,174.0,0.1630837541459196,5,65.0,0.4494646372575664,0,0.0,0.9175081586501636,0,0.0,1.0,0,0.0,1.0,0,1.0,0.686618086486458,0,4.0,0.3154962263535093,0,0.0,1.0
752.0,17,171.0,2.7580645161290325,6.454181380918634,62,541.0,8.725806451612904,48.0,0.7741935483870968,17,276.0,32.0,4.477846858918384,6.9,6.9,40,7,144.0,0.3108901103811929,8,119.0,0.3673164546352003,0,0.0,0.7039889241970008,0,0.0,1.0,0,0.0,1.0,2,13.0,0.3251634322696609,0,0.0,1.0,0,0.0,1.0
760.0,4,37.0,0.5441176470588235,7.696286003388468,68,554.0,8.147058823529411,13.0,0.1911764705882352,4,177.0,0.0,6.606252143217662,4.214285714285714,4.214285714285714,42,2,97.0,0.4997682397696589,0,51.0,0.530367385738747,0,0.0,0.9647304281074084,0,0.0,1.0,0,0.0,1.0,2,29.0,0.300692062453433,0,0.0,1.0,0,0.0,1.0
768.0,10,51.0,0.7391304347826086,7.451733553555258,69,516.0,7.478260869565218,0.0,0.0,9,152.0,0.0,6.4982247132435695,3.3777777777777778,3.3777777777777778,45,2,75.0,0.5549040267681011,6,72.0,0.4782103280587585,0,0.0,0.4660634351015689,0,0.0,0.7337288008402711,0,0.0,1.0,1,5.0,0.0,0,0.0,1.0,0,0.0,1.0
776.0,5,15.0,0.2238805970149253,7.233746205482398,67,509.0,7.597014925373134,0.0,0.0,5,109.0,0.0,6.591237324483523,2.422222222222222,2.422222222222222,45,2,63.0,0.5200399451828949,0,29.0,0.5008781133572411,3,10.0,7.324113503576214e-05,0,0.0,0.6429302443639148,0,0.0,1.0,0,0.0,1.0,0,7.0,0.9181184518777362,0,0.0,1.0
784.0,18,77.0,1.1,6.500067991509861,70,561.0,8.014285714285714,52.0,0.7428571428571429,18,172.0,63.0,5.460208072836048,3.372549019607843,3.372549019607843,51,4,66.0,0.4404070482588822,8,55.0,0.4708922946242174,2,26.0,0.306920845452197,2,11.0,0.0002470820007523,0,0.0,1.0,0,0.0,1.0,2,14.0,0.0505860296297521,0,0.0,1.0
792.0,8,68.0,0.9066666666666666,6.743172777010389,75,572.0,7.626666666666667,11.0,0.1466666666666666,6,135.0,0.0,5.3827003508265125,3.2142857142857144,3.2142857142857144,42,4,64.0,0.3525785495317031,0,25.0,0.6165497578979076,2,42.0,0.3280175010869761,0,0.0,0.7518437226187752,0,0.0,0.2711422940688157,0,0.0,1.0,0,4.0,0.3206937725735015,0,0.0,1.0
800.0,9,16.0,0.2,7.777889011521334,80,549.0,6.8625,0.0,0.0,8,67.0,0.0,6.107098393044255,1.425531914893617,1.425531914893617,47,4,48.0,0.488289229740209,4,10.0,0.3540549837077774,0,0.0,0.9682343433061008,0,9.0,0.770530086995706,0,0.0,0.3134537046118522,0,0.0,1.0,0,0.0,1.0,0,0.0,1.0
808.0,14,69.0,0.8313253012048193,6.823924764397824,83,581.0,7.0,32.0,0.3855421686746988,12,137.0,70.0,5.7608871623832805,2.4909090909090907,2.4909090909090907,55,6,79.0,0.4065514457877477,5,44.0,0.4784674526055228,1,5.0,0.614208244081006,0,9.0,0.7030974982690714,0,0.0,1.0,0,0.0,1.0,0,0.0,0.9474846732113076,0,0.0,1.0
816.0,18,81.0,0.9529411764705882,6.210828698517952,85,548.0,6.447058823529412,0.0,0.0,16,163.0,26.0,4.941887250984144,2.9107142857142856,2.9107142857142856,56,11,105.0,0.3134692413053465,2,30.0,0.526630901315436,1,13.0,0.6861626020854227,2,15.0,0.1027490946899171,0,0.0,0.8949758000273778,0,0.0,1.0,0,0.0,1.0,0,0.0,1.0
824.0,27,219.0,2.305263157894737,5.483065622840186,95,664.0,6.989473684210527,116.0,1.2210526315789474,26,266.0,103.0,4.188037005344799,4.290322580645161,4.290322580645161,62,12,180.0,0.3294219698525115,10,33.0,0.2484400027321252,0,6.0,0.9490903812641552,4,47.0,0.1718163910331004,0,0.0,1.0,0,0.0,1.0,0,0.0,1.0,0,0.0,1.0
832.0,16,105.0,1.0824742268041236,6.099606403747847,97,745.0,7.680412371134021,81.0,0.8350515463917526,15,291.0,25.0,4.9593352880301005,4.619047619047619,4.619047619047619,63,7,175.0,0.3789197775699984,7,87.0,0.325742587572828,1,1.0,0.6909221468314708,0,28.0,0.4923959138661495,0,0.0,1.0,0,0.0,1.0,0,0.0,1.0,0,0.0,1.0
840.0,19,102.0,1.0303030303030305,6.181551276270062,99,772.0,7.797979797979798,27.0,0.2727272727272727,19,317.0,26.0,4.404964462019283,4.803030303030303,4.803030303030303,66,15,258.0,0.323700408437541,3,50.0,0.3404959784018733,1,9.0,0.5093761162364014,0,0.0,1.0,0,0.0,1.0,0,0.0,1.0,0,0.0,1.0,0,0.0,1.0
848.0,29,195.0,2.03125,5.754211374232189,96,801.0,8.34375,29.0,0.3020833333333333,29,464.0,147.0,4.36857991916105,6.823529411764706,6.823529411764706,68,20,382.0,0.3010020844314233,9,75.0,0.1735753746651197,0,4.0,0.8947640998308355,0,3.0,0.7998173222850627,0,0.0,1.0,0,0.0,0.9477061644517903,0,0.0,1.0,0,0.0,1.0
856.0,31,330.0,3.3,6.086160795970434,100,1007.0,10.07,206.0,2.06,31,609.0,145.0,4.342368115711405,8.7,8.7,70,21,495.0,0.2102847948476195,7,102.0,0.4419519043267075,1,9.0,0.813743877677685,0,0.0,0.5813176748976929,1,2.0,0.4618936434679572,1,1.0,0.0031414346079786,0,0.0,1.0,0,0.0,1.0
864.0,21,145.0,1.4646464646464648,5.8516913804567965,99,1124.0,11.353535353535351,117.0,1.181818181818182,20,568.0,0.0,3.890396263279736,9.161290322580646,9.161290322580646,62,13,481.0,0.24915210066687,4,66.0,0.3683817203384077,3,21.0,0.4293945244633844,0,0.0,0.0128135419436332,0,0.0,1.0,0,0.0,1.0,0,0.0,1.0,0,0.0,1.0
872.0,14,85.0,0.8762886597938144,6.549793578372371,97,1211.0,12.484536082474229,87.0,0.8969072164948454,14,602.0,34.0,5.441858888804159,9.261538461538462,9.261538461538462,65,9,521.0,0.3675382246920216,4,64.0,0.2013669597152124,0,3.0,0.6943942287200751,1,14.0,0.6500646348418604,0,0.0,1.0,0,0.0,1.0,0,0.0,1.0,0,0.0,1.0
880.0,16,60.0,0.625,6.112247597710607,96,1164.0,12.125,0.0,0.0,16,497.0,0.0,4.186867206539696,7.888888888888889,7.888888888888889,63,10,422.0,0.2801445668629146,2,42.0,0.5268791044873892,2,9.0,0.5881450333278175,2,20.0,7.806703077222568e-06,0,0.0,1.0,0,0.0,1.0,0,4.0,0.4592042966667768,0,0.0,1.0
888.0,13,54.0,0.5869565217391305,6.1863386149659325,92,1180.0,12.826086956521738,16.0,0.1739130434782608,13,462.0,0.0,3.9424520764031192,8.25,8.25,56,11,444.0,0.2110190732950495,1,15.0,0.697989023525925,1,3.0,0.7541844910692839,0,0.0,1.0,0,0.0,1.0,0,0.0,1.0,0,0.0,1.0,0,0.0,1.0
896.0,19,54.0,0.6136363636363636,6.140150373771237,88,1110.0,12.613636363636363,0.0,0.0,18,443.0,0.0,4.181904439723033,7.910714285714286,7.910714285714286,56,14,413.0,0.2010243122245328,2,14.0,0.6059780779080997,2,6.0,0.4909558246241209,0,7.0,0.9719338323550416,0,0.0,1.0,0,0.0,1.0,0,3.0,0.9760070034260016,0,0.0,0.9273311109123088
904.0,15,99.0,1.053191489361702,6.472306212568606,94,1170.0,12.4468085106383,60.0,0.6382978723404256,13,392.0,0.0,4.638940088853892,7.127272727272727,7.127272727272727,55,13,384.0,0.1677840428323834,0,5.0,0.7294676346249896,0,0.0,0.6568643568452128,0,3.0,0.721852751057625,0,0.0,0.0862001963816651,0,0.0,1.0,0,0.0,0.9192872665627814,0,0.0,0.9879853586451212
912.0,24,117.0,1.21875,5.968593612536977,96,1120.0,11.666666666666666,0.0,0.0,24,488.0,96.0,3.9073665488927807,7.746031746031746,7.746031746031746,63,17,440.0,0.1490855817120104,3,20.0,0.4349426037643099,1,11.0,0.7426503344203877,2,16.0,0.2703634417741799,0,0.0,0.4421577788157477,0,0.0,0.8713722570967283,1,1.0,0.4220140441881442,0,0.0,1.0
920.0,24,160.0,1.649484536082474,5.882169796015451,97,1110.0,11.443298969072163,0.0,0.0,22,536.0,48.0,4.212726423269479,8.64516129032258,8.64516129032258,62,18,507.0,0.1481477679957,0,7.0,0.6238039748882751,1,3.0,0.7069336842762597,0,1.0,0.632139580827065,0,4.0,0.5283132899722839,1,4.0,0.4304998346887824,2,10.0,0.0017539032942959,0,0.0,1.0
928.0,12,71.0,0.7395833333333334,6.620169213106247,96,1088.0,11.333333333333334,0.0,0.0,10,506.0,0.0,4.698934719799743,9.2,9.2,55,6,465.0,0.2133714826107701,0,6.0,0.7248897250244251,1,8.0,0.8001731740343514,2,10.0,2.8600829662150315e-05,0,0.0,1.0,0,0.0,0.7015006891956099,1,17.0,0.0,0,0.0,1.0
936.0,16,79.0,0.8586956521739131,6.761123991279113,92,1124.0,12.217391304347826,36.0,0.391304347826087,15,501.0,0.0,5.163873306631577,8.35,8.35,60,10,451.0,0.2891930341930414,2,15.0,0.7157305369328959,1,19.0,0.7584020272632824,0,0.0,1.0,0,0.0,1.0,2,7.0,0.3208051912895721,0,9.0,0.3655665058264776,0,0.0,1.0
944.0,15,111.0,1.247191011235955,6.24526924083326,89,992.0,11.146067415730338,0.0,0.0,14,473.0,0.0,4.821012901622195,8.016949152542374,8.016949152542374,59,10,409.0,0.2850545578753679,1,12.0,0.6936858132791055,1,46.0,0.4131276928795076,0,3.0,0.9085430207585452,1,1.0,0.0017404915830345,1,2.0,0.0005101298323284,0,0.0,1.0,0,0.0,1.0
952.0,13,51.0,0.5543478260869565,6.818408362581344,92,972.0,10.565217391304348,0.0,0.0,13,371.0,0.0,5.644400828453915,5.983870967741935,5.983870967741935,62,5,301.0,0.3931287792895265,2,15.0,0.6504271140174491,2,33.0,0.6818522079990542,3,12.0,0.2273945562304375,0,0.0,1.0,1,10.0,0.0,0,0.0,1.0,0,0.0,1.0
960.0,22,124.0,1.24,6.229643017400275,100,1045.0,10.45,73.0,0.73,22,429.0,58.0,5.006448317043492,5.958333333333333,5.958333333333333,72,12,290.0,0.2914653107501896,3,35.0,0.6047953770431521,3,50.0,0.6429310366421876,3,36.0,0.2278051707495856,0,0.0,0.6787423578524369,1,18.0,0.0,0,0.0,1.0,0,0.0,1.0
968.0,19,116.0,1.1262135922330097,6.751363682697171,103,1027.0,9.970873786407768,0.0,0.0,17,379.0,0.0,5.601869627134481,5.573529411764706,5.573529411764706,68,16,323.0,0.2606811748605446,1,10.0,0.7216938488464967,0,43.0,0.6792295500497677,0,0.0,0.5853526755282028,0,0.0,1.0,0,3.0,0.9602048408148292,0,0.0,1.0,0,0.0,1.0
976.0,16,79.0,0.7745098039215687,6.43166638657729,102,1084.0,10.627450980392156,57.0,0.5588235294117647,15,403.0,24.0,5.481739337926396,5.52054794520548,5.52054794520548,73,5,294.0,0.3667467229136179,4,32.0,0.5496587901520739,4,60.0,0.5653093905596779,2,14.0,0.4237296626079307,0,0.0,1.0,0,0.0,1.0,0,3.0,0.967273951397137,0,0.0,1.0
984.0,21,90.0,0.9183673469387756,5.617904983467508,98,1094.0,11.16326530612245,10.0,0.1020408163265306,21,476.0,73.0,4.395456077612105,6.52054794520548,6.52054794520548,73,9,327.0,0.2380722901500704,3,27.0,0.6250513928337513,6,82.0,0.2644474435138091,3,32.0,0.4560534292711828,0,0.0,1.0,0,4.0,0.8788965136767936,0,4.0,0.9744491807954913,0,0.0,1.0
992.0,20,150.0,1.5151515151515151,5.497680058320734,99,1193.0,12.05050505050505,99.0,1.0,20,522.0,46.0,4.008088732161385,7.791044776119403,7.791044776119403,67,14,394.0,0.2443902702641819,3,36.0,0.5206702432458339,2,71.0,0.4209578670346198,0,18.0,0.5720049824244912,0,0.0,1.0,0,0.0,1.0,1,3.0,1.8886585928273e-05,0,0.0,1.0
1000.0,28,293.0,2.989795918367347,5.714321200332147,98,1235.0,12.60204081632653,42.0,0.4285714285714285,25,574.0,52.0,3.968777313573729,9.566666666666666,9.566666666666666,60,17,448.0,0.220065486579405,1,15.0,0.6887431918070432,6,100.0,0.4257380060386293,0,0.0,1.0,0,0.0,1.0,0,0.0,1.0,1,11.0,0.5169069585948249,0,0.0,1.0
1008.0,22,224.0,2.2857142857142856,6.539310791702879,98,1346.0,13.73469387755102,111.0,1.1326530612244898,21,556.0,0.0,4.381936966696739,9.586206896551724,9.586206896551724,58,14,406.0,0.2511000725487353,5,50.0,0.552582740253135,2,96.0,0.5450275600043608,0,0.0,0.9058934451147588,0,0.0,1.0,0,4.0,0.6267934215117679,0,0.0,1.0,0,0.0,1.0
1016.0,18,156.0,1.6774193548387095,7.005484730138938,93,1395.0,15.0,49.0,0.5268817204301075,18,401.0,0.0,5.124976151529445,7.160714285714286,7.160714285714286,56,9,256.0,0.3088003997424648,5,90.0,0.4093046675358258,3,42.0,0.5820807203402267,0,4.0,0.8085153330066941,0,3.0,0.9364894492453966,1,6.0,0.4843089469229233,0,0.0,1.0,0,0.0,1.0
1024.0,23,235.0,2.473684210526316,7.000456661986384,95,1425.0,15.0,30.0,0.3157894736842105,22,354.0,0.0,4.0467773503384725,7.695652173913044,7.695652173913044,46,13,207.0,0.2733165532749785,5,95.0,0.4174803541094611,2,45.0,0.4543325026133181,2,7.0,0.4520813684197552,0,0.0,1.0,0,0.0,0.0485392871232518,0,0.0,1.0,0,0.0,1.0
1032.0,27,273.0,2.84375,6.85369132085884,96,1463.0,15.239583333333334,38.0,0.3958333333333333,24,470.0,116.0,4.495553455038032,9.215686274509803,9.215686274509803,51,9,246.0,0.420983142792005,6,141.0,0.3667240672624169,5,43.0,0.3041979748775921,3,24.0,0.2231615841845114,0,0.0,1.0,1,13.0,0.4961095424766205,0,3.0,0.9110250985026832,0,0.0,1.0
1040.0,10,163.0,1.8314606741573036,7.178406392816665,89,1241.0,13.9438202247191,0.0,0.0,9,394.0,0.0,5.63324872246628,8.565217391304348,8.565217391304348,46,2,198.0,0.4422984547592573,5,160.0,0.4643532062751441,2,29.0,0.5134259182150234,0,3.0,0.4953360574613406,0,0.0,1.0,0,4.0,0.9195729817803404,0,0.0,1.0,0,0.0,1.0
1048.0,15,94.0,1.010752688172043,7.708538394827559,93,1177.0,12.655913978494624,0.0,0.0,10,240.0,0.0,7.165390254307833,4.8979591836734695,4.8979591836734695,49,4,157.0,0.5183655505260307,2,48.0,0.5642059300271934,3,21.0,0.5480143043653508,1,11.0,0.7162660578430463,0,0.0,1.0,0,0.0,0.88286118687296,0,3.0,0.9039414758775722,0,0.0,1.0
1056.0,21,208.0,2.08,7.670407014516432,100,1173.0,11.73,0.0,0.0,15,224.0,0.0,6.875896301315505,4.392156862745098,4.392156862745098,51,6,112.0,0.5129789219263471,2,34.0,0.6452793365836732,6,55.0,0.4984712821097874,1,23.0,0.5968918292481137,0,0.0,1.0,0,0.0,0.959749059758892,0,0.0,0.9781107309857376,0,0.0,1.0
1064.0,15,188.0,1.898989898989899,7.935095035928199,99,1037.0,10.474747474747474,0.0,0.0,14,265.0,41.0,7.455208144270453,5.096153846153846,5.096153846153846,52,6,134.0,0.6489791920419149,3,52.0,0.5253378037537797,1,33.0,0.6248569825968315,3,44.0,0.2860931651957829,0,0.0,1.0,1,2.0,0.0453484454019614,0,0.0,0.9688299591666288,0,0.0,1.0
1072.0,15,105.0,1.1170212765957446,6.996759669529268,94,826.0,8.787234042553191,0.0,0.0,13,164.0,0.0,5.976579877945733,3.28,3.28,50,4,18.0,0.5723961118595275,1,28.0,0.4174192134442092,2,23.0,0.4161804325889806,3,76.0,0.2467832094845376,0,0.0,0.8760239113051165,2,17.0,0.0,1,2.0,0.000923768839731,0,0.0,1.0
1080.0,18,97.0,0.97,7.292703734609863,100,958.0,9.58,132.0,1.32,17,207.0,43.0,5.96151989316176,3.980769230769231,3.980769230769231,52,11,88.0,0.5171823907867173,3,38.0,0.2358178088522625,1,23.0,0.3358534635444333,1,48.0,0.366615368041737,0,0.0,0.7501052854160198,0,0.0,1.0,1,10.0,0.4645543655669955,0,0.0,1.0
1096.0,12,57.0,0.5327102803738317,7.078473999167818,107,900.0,8.411214953271028,42.0,0.3925233644859813,11,163.0,0.0,6.416441239821782,3.26,3.26,50,3,99.0,0.4575744865823746,1,9.0,0.7192327694680969,3,20.0,0.5488712071312717,3,22.0,0.2306470601876236,0,0.0,0.4570605055965448,0,3.0,0.9286417842651682,1,10.0,0.0,0,0.0,1.0
1104.0,4,49.0,0.4666666666666667,7.787606049910575,105,851.0,8.104761904761904,0.0,0.0,4,147.0,0.0,7.055663924658322,3.0625,3.0625,48,2,90.0,0.4585523561125775,1,3.0,0.6082292337565868,0,26.0,0.5904839518126859,0,10.0,0.8039427763693264,0,0.0,0.7853204528709498,0,0.0,1.0,1,18.0,0.4918614828993271,0,0.0,1.0
1112.0,10,77.0,0.7549019607843137,7.617952540963044,102,828.0,8.117647058823529,0.0,0.0,9,140.0,0.0,5.728118245226695,3.684210526315789,3.684210526315789,38,6,123.0,0.3730852728797812,2,6.0,0.0017401570228677,0,6.0,0.814522995620914,0,2.0,0.9136819510859804,0,0.0,0.9923925958985884,0,0.0,1.0,1,3.0,0.0002007562978592,0,0.0,1.0
1120.0,15,128.0,1.3617021276595744,6.419897158951614,94,822.0,8.74468085106383,0.0,0.0,12,183.0,43.0,4.585923837137893,5.228571428571429,5.228571428571429,35,9,144.0,0.3275165719377816,2,22.0,0.2922438796620207,1,14.0,0.5474173972185908,0,3.0,0.8646016190803287,0,0.0,1.0,0,0.0,0.8930801774653788,0,0.0,1.0,0,0.0,1.0
1128.0,18,204.0,2.4,6.006317238248391,85,857.0,10.08235294117647,35.0,0.4117647058823529,12,226.0,43.0,4.906207403703598,5.794871794871795,5.794871794871795,39,6,156.0,0.3426921828833384,2,38.0,0.0944585262204909,2,23.0,0.5706676213760762,0,0.0,0.9378221084825302,1,0.0,0.0,1,6.0,0.519619495682435,0,3.0,0.7927007908994743,0,0.0,1.0
1136.0,7,148.0,1.804878048780488,6.182582411156095,82,814.0,9.926829268292684,0.0,0.0,7,206.0,0.0,4.403914399660884,5.421052631578948,5.421052631578948,38,5,180.0,0.3233795462902438,1,8.0,0.4713271269698925,0,2.0,0.6124403455365527,0,0.0,0.6102169537693696,0,0.0,1.0,1,16.0,0.3104880726717606,0,0.0,1.0,0,0.0,1.0
1144.0,6,32.0,0.3950617283950617,7.07165267292446,81,830.0,10.246913580246911,16.0,0.1975308641975308,6,103.0,0.0,5.42270911044102,2.641025641025641,2.641025641025641,39,4,65.0,0.3894862908754397,1,22.0,0.6394036400668013,1,8.0,0.6237157928452215,0,0.0,0.8283267176905736,0,0.0,0.5662169774840013,0,8.0,0.2019206100152004,0,0.0,1.0,0,0.0,1.0
1152.0,6,27.0,0.36,7.090327258290474,75,724.0,9.653333333333334,0.0,0.0,6,121.0,18.0,6.155261986207767,2.951219512195122,2.951219512195122,41,3,73.0,0.3624573571789656,1,8.0,0.6267565274742428,2,23.0,0.6075458743503824,0,10.0,0.8264177938819502,0,0.0,1.0,0,0.0,1.0,0,7.0,0.9207790693339932,0,0.0,1.0
1160.0,3,9.0,0.12,6.887699184125937,75,551.0,7.346666666666667,0.0,0.0,3,89.0,0.0,5.687218030416267,2.225,2.225,40,1,64.0,0.4174115061191301,0,3.0,0.9327910898678108,0,11.0,0.4034542369061027,2,8.0,0.0015470025645182,0,0.0,0.5204476737761748,0,3.0,0.9335707460233882,0,0.0,0.723872745565107,0,0.0,1.0
1168.0,4,16.0,0.2222222222222222,7.613019916818528,72,511.0,7.097222222222222,0.0,0.0,4,67.0,0.0,5.649729261290712,2.161290322580645,2.161290322580645,31,1,47.0,0.4345526463603371,0,3.0,0.7590669091784479,1,13.0,0.4413097231233715,0,0.0,0.9316164729559214,0,0.0,1.0,0,0.0,1.0,2,4.0,0.0016409028983118,0,0.0,1.0
1176.0,7,42.0,0.5753424657534246,7.256628624635949,73,457.0,6.260273972602739,0.0,0.0,5,80.0,13.0,6.0070575259663945,2.2857142857142856,2.2857142857142856,35,3,51.0,0.4319378048378294,0,3.0,0.9710612062712384,1,21.0,0.4526841218298693,1,5.0,0.3603696611128198,0,0.0,1.0,0,0.0,1.0,0,0.0,0.9101240308705036,0,0.0,1.0
1184.0,12,52.0,0.6842105263157895,7.132989657115215,76,461.0,6.065789473684211,4.0,0.0526315789473684,10,98.0,18.0,6.218268201158938,2.5128205128205128,2.5128205128205128,39,7,58.0,0.4498045333453966,1,8.0,0.6334926484666077,1,29.0,0.4668168755480732,0,0.0,0.7945893825295767,0,0.0,1.0,0,0.0,1.0,1,3.0,1.4992372304807544e-05,0,0.0,1.0
1192.0,10,41.0,0.5324675324675324,7.278532908885148,77,504.0,6.545454545454546,43.0,0.5584415584415584,9,123.0,25.0,6.377920172937376,3.4166666666666665,3.4166666666666665,36,8,100.0,0.4410817140874373,0,6.0,0.9233091286612984,0,6.0,0.9002837581491696,0,0.0,0.3757885070229589,0,0.0,1.0,0,0.0,0.6647423357114605,1,11.0,0.0,0,0.0,1.0
1200.0,8,47.0,0.5662650602409639,7.212238042492373,83,533.0,6.421686746987952,29.0,0.3493975903614458,7,129.0,6.0,6.277545815436478,3.4864864864864864,3.4864864864864864,37,5,97.0,0.4968898573410929,1,6.0,0.2513040615155111,0,7.0,0.9539833926949342,0,0.0,0.0851071844156469,0,0.0,1.0,0,0.0,0.9425974604336508,1,19.0,0.0,0,0.0,1.0
1208.0,4,31.0,0.3780487804878049,7.545474113225433,82,523.0,6.378048780487805,0.0,0.0,3,110.0,0.0,6.728344341143967,3.055555555555556,3.055555555555556,36,1,90.0,0.492444228395413,1,9.0,0.4981498910469524,0,3.0,0.9680846437037772,1,7.0,0.3563786062314511,0,0.0,1.0,0,0.0,0.7599393024791953,0,1.0,0.8553688125753918,0,0.0,1.0
1216.0,7,53.0,0.6385542168674698,7.372689213022368,83,478.0,5.759036144578313,0.0,0.0,5,140.0,30.0,6.721204606719877,3.58974358974359,3.58974358974359,39,2,112.0,0.5444510230185869,1,17.0,0.0,1,5.0,0.4025166668968584,0,0.0,0.5630186075966936,0,0.0,0.938372785340594,1,6.0,0.0,0,0.0,1.0,0,0.0,1.0
1224.0,11,91.0,1.0833333333333333,7.301251495297004,84,484.0,5.761904761904762,6.0,0.0714285714285714,11,188.0,48.0,6.2746540515165865,4.086956521739131,4.086956521739131,46,8,146.0,0.4787847947834207,1,25.0,0.0,0,5.0,0.3225692160640674,1,4.0,0.6476906785082717,1,5.0,0.0,0,3.0,0.9694585983604552,0,0.0,0.5529319904341068,0,0.0,1.0
1232.0,11,111.0,1.3058823529411765,7.000127397957602,85,522.0,6.141176470588236,38.0,0.4470588235294118,10,189.0,1.0,5.865874535248178,4.0212765957446805,4.0212765957446805,47,5,148.0,0.4707556921075538,0,3.0,0.8576531741841871,2,19.0,0.4589155387563099,1,1.0,0.3291298190780015,0,0.0,1.0,0,6.0,0.531486289644168,2,12.0,0.2601311336021079,0,0.0,1.0
1240.0,17,203.0,2.36046511627907,7.351233172575145,86,611.0,7.104651162790698,89.0,1.0348837209302326,16,306.0,117.0,5.824750900020914,5.773584905660377,5.773584905660377,53,7,204.0,0.4678493040422671,0,3.0,0.7684172266697683,1,19.0,0.7266548588450086,2,14.0,0.3114856919372886,0,0.0,1.0,3,35.0,0.2815692559707324,3,31.0,0.0,0,0.0,1.0
1248.0,16,251.0,2.988095238095238,6.31889904806879,84,633.0,7.535714285714286,22.0,0.2619047619047619,16,393.0,87.0,4.881641509573668,7.1454545454545455,7.1454545454545455,55,7,250.0,0.4039891565687797,1,4.0,0.6018096043318345,3,33.0,0.2475325747696342,0,0.0,0.915583934300165,0,0.0,0.7175903973586938,2,51.0,0.3678341876980444,3,55.0,0.0,0,0.0,1.0
1256.0,13,163.0,1.9404761904761905,6.913311127559439,84,713.0,8.488095238095237,80.0,0.9523809523809524,13,323.0,0.0,5.643153144181097,5.767857142857143,5.767857142857143,56,3,135.0,0.4437864415257759,1,18.0,0.4858000399471384,4,63.0,0.2569361289765233,1,4.0,3.85077720738475e-05,0,0.0,1.0,0,16.0,0.7889355879494157,4,87.0,0.4775873554217764,0,0.0,1.0
1264.0,12,147.0,1.7710843373493976,7.686484927232978,83,811.0,9.771084337349398,98.0,1.180722891566265,11,307.0,0.0,6.624743402648225,6.019607843137255,6.019607843137255,51,6,162.0,0.4339760985844377,0,7.0,0.9303851030536042,0,8.0,0.5898902399068332,1,15.0,0.4934791466568973,0,0.0,1.0,0,3.0,0.9221768098682552,4,112.0,0.409259294566436,0,0.0,1.0
1272.0,13,55.0,0.6547619047619048,7.257915454835023,84,889.0,10.583333333333334,78.0,0.9285714285714286,13,245.0,0.0,5.891842268455613,4.711538461538462,4.711538461538462,52,3,130.0,0.514817312652131,1,10.0,0.5470063397475673,3,26.0,0.3854648032283349,1,5.0,0.4574872104562092,0,0.0,1.0,2,11.0,0.4945008788190791,3,63.0,0.0957249852392768,0,0.0,1.0
1280.0,11,68.0,0.7727272727272727,7.262182171617964,88,976.0,11.090909090909092,87.0,0.9886363636363636,9,240.0,0.0,5.582222071724785,5.454545454545454,5.454545454545454,44,3,112.0,0.4886590793217892,0,7.0,0.9250843028256904,0,4.0,0.2960411169523141,1,6.0,0.4795805449823487,0,0.0,1.0,3,32.0,0.2333511973496851,2,79.0,0.1035702426199346,0,0.0,1.0
1288.0,15,117.0,1.3448275862068966,7.838746955160578,87,898.0,10.32183908045977,0.0,0.0,14,234.0,0.0,5.491927443303039,5.571428571428571,5.571428571428571,42,2,97.0,0.5274792577799505,1,18.0,0.7044211464199223,3,21.0,0.5315917424098934,1,5.0,0.4523484635810481,0,0.0,1.0,4,66.0,0.126796190099493,3,27.0,0.0019191841934753,0,0.0,1.0
1296.0,9,59.0,0.7763157894736842,7.756229918975177,76,815.0,10.723684210526317,0.0,0.0,9,180.0,0.0,6.169443571011451,4.390243902439025,4.390243902439025,41,2,37.0,0.5464697756830438,1,26.0,0.4810751787257309,0,3.0,0.8083283816787782,0,0.0,0.9460753367265484,0,0.0,1.0,3,63.0,0.124921235992351,3,51.0,2.306804529717477e-06,0,0.0,1.0
1304.0,8,23.0,0.3382352941176471,7.916115482162358,68,793.0,11.661764705882351,0.0,0.0,8,125.0,0.0,6.173461980329039,3.4722222222222223,3.4722222222222223,36,2,43.0,0.4518672831707926,0,12.0,0.9617701825570484,4,13.0,0.1457177471462298,2,8.0,0.469009627550757,0,0.0,1.0,0,23.0,0.6652810677598102,0,26.0,0.7020530235335416,0,0.0,1.0
1312.0,10,75.0,1.1029411764705883,8.965807961938383,68,845.0,12.426470588235292,52.0,0.7647058823529411,9,123.0,0.0,6.784336221822703,4.392857142857143,4.392857142857143,28,1,37.0,0.6012196512798612,1,12.0,0.6192810127271932,5,50.0,0.1631395394137616,2,24.0,0.3239870349171485,0,0.0,1.0,0,0.0,0.7807564212575326,0,0.0,0.9467931170229396,0,0.0,1.0
1320.0,6,13.0,0.1969696969696969,8.592422981275746,66,763.0,11.56060606060606,0.0,0.0,5,84.0,0.0,7.624483825534867,2.896551724137931,2.896551724137931,29,2,50.0,0.6193555841521273,1,12.0,0.5230035902457241,0,10.0,0.2856831537034346,1,7.0,0.6185709430347152,0,0.0,1.0,1,5.0,0.4595681849340228,0,0.0,0.8991944497773305,0,0.0,1.0
1328.0,4,6.0,0.088235294117647,8.719670713429107,68,755.0,11.102941176470589,0.0,0.0,2,54.0,0.0,8.772539535260231,2.0,2.0,27,0,41.0,0.7069998634446025,0,8.0,0.7235680650710933,0,0.0,0.952812056862259,1,2.0,0.6454878827639965,0,0.0,1.0,0,0.0,1.0,1,3.0,0.0003009754525305,0,0.0,1.0
1336.0,5,17.0,0.2463768115942029,8.7008806009801,69,771.0,11.173913043478262,16.0,0.2318840579710145,5,71.0,17.0,7.47560588242396,2.088235294117647,2.088235294117647,34,1,34.0,0.6931901076460053,3,30.0,0.5163483264682013,0,3.0,0.5553086196367222,1,1.0,0.3518543765755444,0,0.0,1.0,0,3.0,0.903506165384305,0,0.0,0.948108241052078,0,0.0,1.0
1344.0,11,68.0,1.096774193548387,8.210394606090016,62,706.0,11.387096774193548,0.0,0.0,10,103.0,32.0,7.3268292892934035,3.0294117647058822,3.0294117647058822,34,0,7.0,0.8849536107763917,3,54.0,0.5280923797352478,3,20.0,0.3768542132035766,4,15.0,0.1431114087481153,0,0.0,1.0,0,3.0,0.5973706052143316,0,4.0,0.525631658312483,0,0.0,1.0
1352.0,1,0.0,0.0,8.640786332602275,66,696.0,10.545454545454543,0.0,0.0,0,81.0,0.0,9.259378494367576,2.189189189189189,2.189189189189189,37,0,11.0,0.8856710443082203,0,32.0,0.8934831785750273,0,21.0,0.1189412401371136,0,13.0,0.6195942877615636,0,0.0,1.0,0,0.0,0.9619279668324848,0,4.0,0.8690816363874335,0,0.0,1.0
1360.0,4,12.0,0.1818181818181818,9.65031654562318,66,670.0,10.151515151515152,0.0,0.0,4,55.0,0.0,9.081483412984596,1.71875,1.71875,32,1,16.0,0.8145606760329364,0,9.0,0.7198990671444601,0,3.0,0.6444781231537429,3,24.0,0.354702820664141,0,0.0,1.0,0,3.0,0.8963424491140716,0,0.0,0.9958249478033538,0,0.0,1.0
1368.0,4,13.0,0.1940298507462686,8.626329718472933,67,674.0,10.059701492537313,4.0,0.0597014925373134,3,52.0,0.0,7.804615271505079,1.5757575757575757,1.5757575757575757,33,0,8.0,0.6530607587718275,1,17.0,0.7064485925488958,0,4.0,0.9654080406965054,1,19.0,0.2297246237190234,0,0.0,1.0,0,3.0,0.578855135090888,1,1.0,0.5797421767879812,0,0.0,1.0
1376.0,10,49.0,0.6901408450704225,8.31496859324404,71,698.0,9.830985915492958,24.0,0.3380281690140845,8,60.0,8.0,7.011549538519531,2.2222222222222223,2.2222222222222223,27,4,25.0,0.5183081458883451,0,9.0,0.919282298429788,0,0.0,1.0,0,0.0,0.7478895281798207,0,0.0,1.0,1,11.0,0.422981144219734,3,15.0,0.2225262886869725,0,0.0,0.9172986730018516
1384.0,9,77.0,1.1492537313432836,7.854748386493063,67,620.0,9.25373134328358,0.0,0.0,9,113.0,53.0,5.32690387111624,3.896551724137931,3.896551724137931,29,2,41.0,0.500777627011827,1,15.0,0.7501603687444665,0,0.0,0.2157643843291254,2,5.0,0.2087128484460915,0,4.0,0.9041036110873842,0,4.0,0.8436418552576188,4,44.0,0.0,0,0.0,0.9594278301544404
1392.0,5,46.0,0.7076923076923077,8.044405021797758,65,454.0,6.984615384615385,0.0,0.0,3,103.0,0.0,6.53708947049729,4.291666666666667,4.291666666666667,24,2,42.0,0.5608757819013919,0,9.0,0.8861785070103151,1,8.0,0.2944667134162722,0,12.0,0.2622667376107216,0,0.0,1.0,0,3.0,0.9518944514564396,0,29.0,0.1933223720450918,0,0.0,1.0
1400.0,6,32.0,0.4923076923076923,8.394619260430142,65,401.0,6.1692307692307695,0.0,0.0,5,40.0,0.0,7.152450079624502,1.818181818181818,1.818181818181818,22,0,0.0,0.7280443013257832,0,2.0,0.6758235573182481,2,20.0,0.3157569341624085,1,5.0,0.6272413913639626,0,3.0,0.9757843567571328,2,10.0,0.0015131851839548,0,0.0,1.0,0,0.0,1.0
1408.0,12,49.0,0.7777777777777778,6.892606198008793,63,414.0,6.571428571428571,13.0,0.2063492063492063,11,65.0,25.0,5.627787858649547,2.1666666666666665,2.1666666666666665,30,4,18.0,0.4311671370246968,2,10.0,0.4555808704383746,0,3.0,0.5874467734628227,2,4.0,0.4207142660867496,0,0.0,0.6591726527843074,2,26.0,0.4352634953908353,1,4.0,0.001391392022927,0,0.0,1.0
1416.0,8,75.0,1.3157894736842106,7.244171916753431,57,412.0,7.228070175438597,0.0,0.0,8,86.0,21.0,5.34931746271788,3.909090909090909,3.909090909090909,22,1,25.0,0.645923875620987,2,12.0,0.4605296380200367,0,0.0,1.0,4,31.0,0.0950749574677967,0,0.0,1.0,1,18.0,0.2545366045257625,0,0.0,1.0,0,0.0,1.0
1424.0,8,51.0,0.8947368421052632,7.464279173951135,57,434.0,7.614035087719298,22.0,0.3859649122807017,8,96.0,10.0,6.044360751428059,3.84,3.84,25,4,25.0,0.5147790301545356,2,28.0,0.4569947436186307,0,0.0,1.0,1,33.0,0.4268363368303424,0,0.0,0.1577037891795797,1,5.0,0.0,0,5.0,0.9736274754346788,0,0.0,1.0
1432.0,7,56.0,1.018181818181818,7.958209121340465,55,427.0,7.763636363636364,0.0,0.0,5,70.0,0.0,6.537559369059511,3.1818181818181817,3.1818181818181817,22,3,49.0,0.6032881601768921,0,0.0,0.9080532011038164,0,0.0,1.0,1,5.0,0.2950922459619992,0,0.0,1.0,1,13.0,0.5244788932022626,0,3.0,0.9618996340224224,0,0.0,1.0
1440.0,6,45.0,0.9183673469387756,8.146559588428502,49,405.0,8.26530612244898,0.0,0.0,5,74.0,4.0,6.097571837375705,3.8947368421052633,3.8947368421052633,19,0,22.0,0.8150148546817573,0,0.0,0.9591611016986556,0,4.0,0.8200881794658746,2,21.0,0.0,0,0.0,0.4139944288851602,3,27.0,0.1432851736436649,0,0.0,1.0,0,0.0,1.0
1448.0,6,47.0,0.9791666666666666,7.854800536669496,48,427.0,8.895833333333334,22.0,0.4583333333333333,6,94.0,20.0,5.39506598675244,4.7,4.7,20,1,24.0,0.7994675455591015,1,0.0,0.4404754001593197,0,4.0,0.8749035457262027,2,37.0,0.0,0,0.0,0.4424334831968611,2,29.0,0.1580777639487598,0,0.0,1.0,0,0.0,1.0
1456.0,2,4.0,0.0784313725490196,9.331678083405944,51,431.0,8.450980392156863,4.0,0.0784313725490196,1,31.0,0.0,9.97532807249753,1.4090909090909092,1.4090909090909092,22,1,8.0,0.7767579494494986,0,0.0,0.9516232714566666,0,4.0,0.920867944784224,0,0.0,0.9884980032643864,0,0.0,0.5349531751732473,0,8.0,0.7607543541916024,0,11.0,0.9459839069756888,0,0.0,1.0
1464.0,9,36.0,0.75,6.840000279202987,48,405.0,8.4375,0.0,0.0,9,59.0,28.0,4.10907775870372,2.6818181818181817,2.6818181818181817,22,3,23.0,0.3859118791864058,0,0.0,0.5854792632661904,1,5.0,0.2842832606429734,1,2.0,5.94093216604017e-05,0,3.0,0.0738727596104793,3,17.0,0.201159279633375,1,9.0,0.5072603796459179,0,0.0,1.0
1472.0,11,94.0,2.136363636363636,6.521938170436437,44,465.0,10.568181818181818,60.0,1.3636363636363635,11,120.0,61.0,4.72902143430667,4.8,4.8,25,0,7.0,0.75878637730415,1,6.0,0.606056252576772,2,20.0,0.2796519918269204,1,10.0,0.3101623811194636,0,0.0,1.0,4,52.0,0.328110763828447,3,25.0,6.930750081993757e-05,0,0.0,1.0
1480.0,14,160.0,3.636363636363636,6.285155353662319,44,518.0,11.772727272727272,53.0,1.2045454545454546,14,185.0,65.0,4.079753357640119,7.4,7.4,25,1,13.0,0.6825433147995754,1,6.0,0.0058908973172404,2,39.0,0.4507550296631896,3,29.0,2.858587446037353e-05,0,0.0,1.0,7,98.0,0.1166133374372898,0,0.0,0.4475875107082045,0,0.0,1.0
1488.0,8,69.0,1.568181818181818,6.580089762524408,44,546.0,12.409090909090908,28.0,0.6363636363636364,8,160.0,0.0,4.623906318140811,8.0,8.0,20,3,30.0,0.4849193062276103,2,22.0,0.3228302563180064,0,7.0,0.6541393694354258,0,10.0,0.2794533913335272,0,0.0,1.0,3,91.0,0.2179765239689323,0,0.0,1.0,0,0.0,1.0
1496.0,5,18.0,0.4,7.784001625298652,45,557.0,12.377777777777778,11.0,0.2444444444444444,5,134.0,0.0,6.385476990596442,6.7,6.7,20,1,15.0,0.6562490800862905,0,4.0,0.905526381442422,1,13.0,0.4246868288230956,0,0.0,1.0,0,0.0,1.0,3,95.0,0.1032808518725467,0,7.0,0.9376151240894086,0,0.0,1.0
1504.0,4,20.0,0.4545454545454545,9.170461575027296,44,604.0,13.727272727272728,47.0,1.068181818181818,3,99.0,0.0,7.691624640541878,6.1875,6.1875,16,1,17.0,0.7609354542185922,1,9.0,0.4872427886870894,0,7.0,0.8985107293848693,0,3.0,0.8228920314479843,0,0.0,1.0,1,63.0,0.3087427462919124,0,0.0,1.0,0,0.0,1.0
1512.0,2,2.0,0.0526315789473684,9.0450779165921,38,476.0,12.526315789473683,0.0,0.0,2,38.0,0.0,8.48771643011975,1.9,1.9,20,0,7.0,0.7520560334253794,0,4.0,0.9133916025115004,0,11.0,0.623072157724467,1,4.0,0.6989589590757016,0,0.0,1.0,1,5.0,0.4451467940517555,0,7.0,0.97125533864313,0,0.0,1.0
1520.0,8,44.0,1.1578947368421053,7.728873939599787,38,472.0,12.421052631578949,0.0,0.0,8,62.0,24.0,5.802998453854862,3.647058823529412,3.647058823529412,17,3,17.0,0.5426108442699645,0,4.0,0.9926491141610692,2,18.0,9.347234771675916e-06,2,14.0,0.4609895972908261,0,0.0,1.0,1,9.0,0.0,0,0.0,0.9237755761080236,0,0.0,1.0
1528.0,3,21.0,0.5675675675675675,9.1335974949372,37,459.0,12.405405405405403,0.0,0.0,2,34.0,0.0,9.74387003659674,2.0,2.0,17,0,7.0,0.9379138660035986,0,7.0,0.8815724868212962,0,0.0,0.9953936509559396,1,3.0,0.456294756818399,0,0.0,0.5181503683083157,1,17.0,0.4859205058528029,0,0.0,1.0,0,0.0,1.0
1536.0,1,5.0,0.1282051282051282,9.93936926607616,39,471.0,12.076923076923077,12.0,0.3076923076923077,1,23.0,0.0,8.957249569003944,1.2105263157894737,1.2105263157894737,19,0,4.0,0.8080858139662593,0,11.0,0.9411756932789208,0,0.0,0.9863872752468794,1,8.0,0.7016843468122947,0,0.0,1.0,0,0.0,0.8790685353072748,0,0.0,1.0,0,0.0,1.0
1544.0,3,18.0,0.5,8.810230051994598,36,417.0,11.583333333333334,0.0,0.0,3,39.0,16.0,7.589378858563141,1.95,1.95,20,1,8.0,0.833034416179915,0,8.0,0.4671059591394296,0,3.0,0.6048735013788538,2,17.0,0.5578681838363642,0,0.0,1.0,0,3.0,0.5769289888833162,0,0.0,1.0,0,0.0,1.0
1552.0,6,29.0,0.935483870967742,7.679051284322587,31,375.0,12.096774193548388,0.0,0.0,5,47.0,8.0,7.539435663307852,2.473684210526316,2.473684210526316,19,1,16.0,0.8053937787863413,2,15.0,0.3308301047556737,2,15.0,0.3221476206899527,0,0.0,0.5648429345224536,0,0.0,0.4201903936146932,0,0.0,1.0,0,1.0,0.8997333761991574,0,0.0,1.0
1560.0,6,40.0,1.1764705882352942,8.275480408222595,34,419.0,12.323529411764708,44.0,1.2941176470588236,6,58.0,11.0,7.202434078397604,2.9,2.9,20,0,6.0,0.8901549364374814,0,4.0,0.6870171715544117,3,34.0,0.2292785659982643,1,5.0,9.508934667756014e-05,0,0.0,1.0,0,0.0,1.0,2,9.0,0.0001976583993844,0,0.0,1.0
1568.0,3,15.0,0.4166666666666667,7.861635336756249,36,407.0,11.305555555555555,0.0,0.0,3,34.0,0.0,7.582001976607974,1.7,1.7,20,1,4.0,0.7492720972938399,0,4.0,0.8880616850998214,0,12.0,0.2548658631195279,2,14.0,0.3150115536289266,0,0.0,1.0,0,0.0,0.6443475695380264,0,0.0,1.0,0,0.0,1.0
1576.0,2,3.0,0.081081081081081,7.729936765706295,37,390.0,10.54054054054054,0.0,0.0,2,13.0,0.0,6.626894751582277,0.65,0.65,20,1,5.0,0.5304185696301373,0,7.0,0.8943460197539501,0,0.0,0.9120196614547736,0,0.0,0.9105577352717962,0,0.0,1.0,1,1.0,0.4992266325190399,0,0.0,1.0,0,0.0,1.0
1584.0,8,37.0,0.902439024390244,7.894247603156961,41,424.0,10.341463414634148,34.0,0.8292682926829268,6,53.0,40.0,7.503863914872524,2.208333333333333,2.208333333333333,24,5,31.0,0.5739169313003376,0,7.0,0.8605315791261774,0,6.0,0.924599920080862,0,0.0,0.7317792738357268,0,0.0,1.0,1,9.0,0.0,0,0.0,1.0,0,0.0,1.0
1592.0,13,105.0,2.625,5.382911333479834,40,387.0,9.675,0.0,0.0,13,121.0,68.0,3.726913519164291,4.321428571428571,4.321428571428571,28,7,75.0,0.2873862447986414,1,7.0,0.6344150524917719,2,13.0,0.3258962072305643,2,9.0,0.2891567804317818,0,0.0,1.0,1,17.0,0.0,0,0.0,1.0,0,0.0,1.0
1600.0,9,102.0,2.372093023255814,6.627106065830395,43,463.0,10.767441860465116,76.0,1.7674418604651163,7,117.0,0.0,5.882296297956187,5.086956521739131,5.086956521739131,23,5,80.0,0.3189390685658108,1,9.0,0.647700196765891,0,3.0,0.9621123796593318,0,0.0,0.9699028941085714,0,0.0,1.0,1,25.0,0.0,0,0.0,1.0,0,0.0,1.0
1608.0,9,60.0,1.2,7.160335229271635,50,525.0,10.5,62.0,1.24,8,132.0,15.0,5.272666029799405,5.076923076923077,5.076923076923077,26,6,75.0,0.2450386163978586,1,24.0,0.713783645971531,0,0.0,0.9422353478613472,0,0.0,1.0,0,0.0,1.0,1,33.0,0.4906443422150054,0,0.0,1.0,0,0.0,1.0
1616.0,9,69.0,1.3529411764705883,7.50650208519442,51,518.0,10.15686274509804,0.0,0.0,8,95.0,0.0,5.393044365157326,3.8,3.8,25,5,51.0,0.4656326779800604,2,40.0,0.5422115037904678,1,4.0,0.4938852387382255,0,0.0,1.0,0,0.0,1.0,0,0.0,0.899203374384011,0,0.0,1.0,0,0.0,1.0
1624.0,4,16.0,0.3137254901960784,8.02894188714584,51,503.0,9.862745098039216,0.0,0.0,2,58.0,0.0,7.846920080351248,2.32,2.32,25,0,21.0,0.5978372094007026,1,16.0,0.6931806298247063,1,15.0,0.6463148415748352,0,0.0,0.971601719485542,0,0.0,1.0,0,3.0,0.7212813764116582,0,3.0,0.9107422038098044,0,0.0,1.0
1632.0,6,22.0,0.4489795918367347,8.533982668400759,49,364.0,7.428571428571429,0.0,0.0,6,69.0,11.0,7.006571603117274,2.76,2.76,25,5,39.0,0.4000897260381809,0,13.0,0.9132285229105214,0,8.0,0.7342086323475628,0,0.0,0.5625895585454206,0,0.0,1.0,1,9.0,0.0,0,0.0,0.9934572171736898,0,0.0,1.0
1640.0,5,13.0,0.2549019607843137,8.225268837749688,51,377.0,7.392156862745098,13.0,0.2549019607843137,3,42.0,0.0,5.689176763624073,2.1,2.1,20,0,18.0,0.3968357886789163,1,16.0,0.6463238246218532,0,0.0,0.9902834935694246,1,6.0,0.495367822336736,0,0.0,1.0,0,0.0,1.0,1,2.0,0.0003335948049106,0,0.0,1.0
1648.0,2,3.0,0.0612244897959183,8.931114064269547,49,353.0,7.204081632653061,0.0,0.0,2,22.0,0.0,6.853878428577456,1.1578947368421053,1.1578947368421053,19,2,4.0,0.4581964759723001,0,14.0,0.6370538596998933,0,0.0,1.0,0,0.0,0.4335039238206998,0,0.0,0.9407445660692054,0,0.0,1.0,0,4.0,0.913860988368038,0,0.0,1.0
1656.0,9,46.0,0.9019607843137256,7.374562127031943,51,327.0,6.411764705882353,0.0,0.0,9,66.0,44.0,3.978907379857608,3.142857142857143,3.142857142857143,21,1,12.0,0.7401755077575871,4,35.0,0.3689342687583185,0,3.0,0.9714947723045008,3,10.0,0.2208305804793581,0,0.0,1.0,0,0.0,1.0,1,6.0,0.0002259844504994,0,0.0,1.0
1664.0,11,97.0,2.0638297872340425,6.659489910862723,47,379.0,8.063829787234043,52.0,1.1063829787234043,11,126.0,60.0,4.295144731859189,5.478260869565218,5.478260869565218,23,1,25.0,0.6501170218329574,2,33.0,0.4889846237674335,0,3.0,0.962269832451818,7,51.0,0.0001647099922788,0,0.0,1.0,0,0.0,1.0,1,14.0,0.4425668407202521,0,0.0,1.0
1672.0,5,40.0,0.7692307692307693,7.796945143937348,52,415.0,7.980769230769231,36.0,0.6923076923076923,5,116.0,0.0,5.982573531241108,5.523809523809524,5.523809523809524,21,2,13.0,0.5325261635962376,1,23.0,0.7702452216153102,0,3.0,0.985519353996646,1,52.0,0.1310298279392985,0,0.0,1.0,0,0.0,1.0,1,25.0,0.4133479080916415,0,0.0,1.0
1680.0,8,45.0,0.8823529411764706,7.715385767368494,51,422.0,8.27450980392157,7.0,0.1372549019607843,8,123.0,7.0,5.185509160620669,6.15,6.15,20,1,18.0,0.7668390767002045,3,36.0,0.3220791902873857,0,3.0,0.7175195989614814,4,66.0,0.0096608370149316,0,0.0,1.0,0,0.0,1.0,0,0.0,1.0,0,0.0,1.0
1688.0,10,84.0,1.6470588235294117,6.521771734613454,51,479.0,9.392156862745098,57.0,1.1176470588235294,10,159.0,36.0,4.2097131703117,5.888888888888889,5.888888888888889,27,2,32.0,0.4112561340029268,7,68.0,0.1189533587819711,1,10.0,0.5986002633605406,0,46.0,0.1680817618248976,0,0.0,1.0,0,0.0,0.5597596987823389,0,3.0,0.4583701335672743,0,0.0,1.0
1696.0,10,79.0,1.3859649122807018,7.967941144348869,57,476.0,8.350877192982455,0.0,0.0,10,118.0,0.0,6.606442427898757,3.806451612903226,3.806451612903226,31,4,46.0,0.5120007151328146,4,50.0,0.492259449644014,0,10.0,0.9487383121172416,0,0.0,1.0,0,0.0,1.0,2,7.0,0.2842102543151041,0,5.0,0.6518395360619281,0,0.0,1.0
1704.0,7,18.0,0.2950819672131147,8.23411113820042,61,526.0,8.62295081967213,50.0,0.819672131147541,6,57.0,0.0,7.417517321441496,2.0357142857142856,2.0357142857142856,28,0,16.0,0.897894103289278,3,19.0,0.5007601247824177,1,8.0,0.5890205639961951,0,0.0,0.0466989541942715,0,0.0,1.0,1,3.0,0.0001247920908981,1,11.0,0.0,0,0.0,1.0
1712.0,6,29.0,0.4603174603174603,8.88747461723646,63,550.0,8.73015873015873,24.0,0.3809523809523809,6,67.0,10.0,8.03347627919157,1.9142857142857144,1.9142857142857144,35,0,20.0,0.8079866549355783,3,18.0,0.5257140719385125,0,6.0,0.826588186520468,2,9.0,0.479421235607898,0,0.0,1.0,1,14.0,0.4841414562088368,0,0.0,0.9734299415466614,0,0.0,1.0
1720.0,3,15.0,0.238095238095238,8.638154509299541,63,546.0,8.666666666666666,0.0,0.0,3,58.0,0.0,7.598509396607166,1.7575757575757576,1.7575757575757576,33,2,36.0,0.584072767691782,0,11.0,0.6524878786601394,1,8.0,0.6939718511704867,0,0.0,0.8630867306081066,0,0.0,1.0,0,3.0,0.8765274509197967,0,0.0,0.0441856356086219,0,0.0,1.0
1728.0,11,65.0,1.1016949152542372,7.537551966811554,59,549.0,9.305084745762713,3.0,0.0508474576271186,11,109.0,51.0,6.183854645215934,2.945945945945946,2.945945945945946,37,1,40.0,0.7231392250585514,6,35.0,0.4262883415299459,1,16.0,0.0090240436736175,2,5.0,0.4557036562294934,0,0.0,0.5749510806504641,0,0.0,1.0,1,13.0,0.3223295894890968,0,0.0,1.0
1736.0,6,50.0,0.8333333333333334,7.903582749680804,60,521.0,8.683333333333334,0.0,0.0,5,87.0,0.0,6.1094630793173135,3.3461538461538463,3.3461538461538463,26,3,49.0,0.5181069672721274,0,21.0,0.5482452647304653,0,0.0,1.0,1,2.0,0.3982270429214398,0,0.0,1.0,0,0.0,1.0,1,15.0,0.0,0,0.0,0.9893923423101972
1744.0,10,39.0,0.65,7.696834911097648,60,557.0,9.283333333333331,36.0,0.6,10,106.0,19.0,5.979924674108728,3.419354838709677,3.419354838709677,31,1,36.0,0.7125117462829381,7,50.0,0.3080557150200952,0,9.0,0.8958568768398631,2,9.0,0.2358193516264322,0,0.0,1.0,0,2.0,0.7384393445004771,0,0.0,1.0,0,0.0,0.8958015741078261
1752.0,6,20.0,0.3448275862068966,6.993875541387178,58,542.0,9.344827586206897,0.0,0.0,3,74.0,0.0,5.587365941640048,3.083333333333333,3.083333333333333,24,2,37.0,0.4574226920645491,0,23.0,0.6738158522955198,1,10.0,0.4265578995522537,0,4.0,0.3342855458702841,0,0.0,1.0,0,0.0,1.0,0,0.0,1.0,0,0.0,1.0
1760.0,8,59.0,1.0,8.192568003886556,59,529.0,8.966101694915254,0.0,0.0,7,110.0,36.0,7.350326366967098,3.928571428571429,3.928571428571429,28,6,85.0,0.5628863019135786,0,3.0,0.6959275715864278,1,21.0,0.5895547134699309,0,1.0,0.6788011029540858,0,0.0,1.0,0,0.0,1.0,0,0.0,1.0,0,0.0,1.0
1768.0,8,103.0,1.6885245901639343,7.291430127996584,61,516.0,8.459016393442623,0.0,0.0,8,160.0,50.0,5.302723823688019,5.714285714285714,5.714285714285714,28,6,130.0,0.2084611203221909,0,3.0,0.878196248841256,0,21.0,0.9448084614521955,2,6.0,0.0001672484641888,0,0.0,1.0,0,0.0,1.0,0,0.0,1.0,0,0.0,1.0
1776.0,15,192.0,3.254237288135593,6.919313602094538,59,567.0,9.610169491525424,51.0,0.864406779661017,14,246.0,86.0,4.8474802748995,7.935483870967742,7.935483870967742,31,13,219.0,0.1706621426706295,1,3.0,0.7080899781631316,0,24.0,0.7681121132963815,0,0.0,1.0,0,0.0,1.0,0,0.0,0.9592275522649918,0,0.0,0.9789840392962468,0,0.0,1.0
1784.0,11,44.0,0.6875,7.095930656387059,64,651.0,10.171875,84.0,1.3125,10,183.0,0.0,5.12211821398108,5.382352941176471,5.382352941176471,34,3,135.0,0.3346792692231254,2,8.0,0.5573971608444137,2,36.0,0.5678798364691584,0,0.0,1.0,1,0.0,0.4766796218857344,1,1.0,0.0053537718235398,1,3.0,1.4606532272773792e-05,0,0.0,1.0
1792.0,7,25.0,0.3787878787878788,8.054719537247367,66,646.0,9.787878787878787,0.0,0.0,4,44.0,0.0,6.920410991120113,1.9130434782608696,1.9130434782608696,23,1,11.0,0.669618891619228,1,5.0,0.6146941674378559,0,13.0,0.737871017289793,0,0.0,0.6644865374586064,1,1.0,0.0045379196060557,0,3.0,0.9474978965794948,1,11.0,0.0,0,0.0,1.0
1800.0,4,45.0,0.703125,8.940945998011244,64,480.0,7.5,0.0,0.0,4,70.0,26.0,7.535425186900576,3.1818181818181817,3.1818181818181817,22,1,28.0,0.6794050352713265,0,0.0,0.7993899112226499,0,13.0,0.875030170783244,1,3.0,0.5645272191700129,0,0.0,1.0,1,7.0,0.0,1,19.0,0.0,0,0.0,1.0
1808.0,7,50.0,0.8771929824561403,7.406371109311698,57,325.0,5.701754385964913,0.0,0.0,7,84.0,14.0,6.149628418243557,2.896551724137931,2.896551724137931,29,0,9.0,0.9201055899678572,4,9.0,0.3214957751946906,0,13.0,0.9496070978221324,1,11.0,0.326827864449186,0,0.0,1.0,1,15.0,0.0,1,27.0,0.2785248820072634,0,0.0,1.0
1816.0,14,105.0,1.75,5.9963116939544445,60,377.0,6.283333333333333,52.0,0.8666666666666667,14,134.0,50.0,3.674424758288728,3.941176470588236,3.941176470588236,34,2,16.0,0.3791531945700766,4,40.0,0.3603100317100678,1,15.0,0.5928921300180853,3,12.0,0.2569884770850709,0,4.0,0.2891020973727872,0,0.0,0.9843931295314774,4,47.0,0.159912448922549,0,0.0,1.0
1824.0,6,20.0,0.3448275862068966,6.735310730776352,58,409.0,7.051724137931035,32.0,0.5517241379310345,5,87.0,0.0,4.530129816620897,3.2222222222222223,3.2222222222222223,27,0,9.0,0.5333190271931518,0,5.0,0.5736482356918029,1,26.0,0.5191507772415659,3,24.0,0.2131461297977635,0,0.0,1.0,1,1.0,0.4313303077829955,0,22.0,0.1352678941241339,0,0.0,1.0
1832.0,11,63.0,1.05,7.357755153550484,60,456.0,7.6,47.0,0.7833333333333333,11,144.0,57.0,4.78493064081942,5.76,5.76,25,2,27.0,0.5692688523269543,3,19.0,0.2228282339219308,1,34.0,0.6040886625401785,0,11.0,0.6894045334753885,0,0.0,1.0,2,17.0,0.2417629502410492,3,36.0,0.0001981157910367,0,0.0,1.0
1840.0,9,94.0,1.540983606557377,6.85372460954336,61,453.0,7.426229508196721,0.0,0.0,8,149.0,5.0,4.462587475741924,7.095238095238095,7.095238095238095,21,2,43.0,0.2710048669098309,0,0.0,0.7497469169306648,2,35.0,0.3304960028338261,0,3.0,0.7425513208198735,0,0.0,1.0,1,8.0,0.0,3,60.0,0.2333273952077162,0,0.0,1.0
1848.0,9,101.0,1.553846153846154,7.8132242436073565,65,525.0,8.076923076923077,72.0,1.1076923076923078,5,130.0,0.0,7.058470212463527,6.842105263157895,6.842105263157895,19,1,31.0,0.5452548538438448,0,0.0,0.8996060731277561,0,4.0,0.9060304487637408,0,0.0,1.0,0,0.0,1.0,0,0.0,0.914461104155224,4,95.0,0.3840645336711991,0,0.0,1.0
1856.0,10,61.0,0.9384615384615383,7.528053128008896,65,524.0,8.061538461538461,0.0,0.0,6,112.0,0.0,6.002255033937367,5.6,5.6,20,2,36.0,0.5338859976822924,0,0.0,0.8712878012534903,0,4.0,0.9241021815893208,0,7.0,0.9552379772603729,0,0.0,1.0,1,6.0,0.464246043147722,3,59.0,0.1833566929119836,0,0.0,1.0
1864.0,10,41.0,0.6119402985074627,7.314341337209046,67,508.0,7.582089552238806,0.0,0.0,8,129.0,17.0,5.638570018300661,5.16,5.16,25,1,9.0,0.7319262604551104,1,6.0,0.6399109866584431,0,4.0,0.923470826572152,2,16.0,0.3001452207622167,0,0.0,1.0,2,36.0,0.4709958967596323,2,58.0,0.1209774391032804,0,0.0,1.0
1872.0,10,82.0,1.2238805970149254,6.898156990615145,67,486.0,7.253731343283582,0.0,0.0,10,133.0,4.0,4.690511647843681,4.586206896551724,4.586206896551724,29,2,27.0,0.4256481893852287,1,14.0,0.6882113784405152,0,11.0,0.6628450937365105,0,0.0,0.949238211078842,0,0.0,1.0,6,70.0,0.0720931777037997,1,11.0,0.3201734533741455,0,0.0,1.0
1880.0,10,43.0,0.6231884057971014,6.72005430649986,69,541.0,7.840579710144928,55.0,0.7971014492753623,8,119.0,0.0,4.458557081680178,4.407407407407407,4.407407407407407,27,0,21.0,0.6574780144949424,1,3.0,0.6280400909065161,0,6.0,0.4197083022544827,1,3.0,0.621633001600394,0,0.0,0.0796529865584701,5,81.0,0.0986318070775181,1,5.0,0.2676499559757255,0,0.0,1.0
1888.0,8,42.0,0.6086956521739131,7.936401004453222,69,548.0,7.942028985507246,7.0,0.1014492753623188,7,125.0,6.0,6.568159911351813,4.166666666666667,4.166666666666667,30,2,34.0,0.67889552493002,0,0.0,0.5794645849601463,2,19.0,0.4535145534576196,0,0.0,0.7624074112187097,0,0.0,0.5719898052024182,1,49.0,0.5236839879312435,2,23.0,0.4213718372125586,0,0.0,1.0
1896.0,9,87.0,1.2253521126760565,8.232340956821298,71,545.0,7.676056338028169,0.0,0.0,9,142.0,17.0,7.34457940457817,4.057142857142857,4.057142857142857,35,2,50.0,0.6391634864278939,1,0.0,0.746097714856062,0,12.0,0.7006270768154073,2,15.0,0.4848147410636598,0,0.0,0.9581581681670652,1,24.0,0.3170167714118093,3,41.0,0.4682979377097844,0,0.0,1.0
1904.0,9,68.0,1.0303030303030305,6.993163173633724,66,554.0,8.393939393939394,9.0,0.1363636363636363,9,128.0,0.0,6.282248214890909,3.282051282051282,3.282051282051282,39,4,69.0,0.5959333594990448,0,0.0,0.6986883681180351,2,15.0,0.3531567990376713,1,16.0,0.3863082891309875,0,0.0,0.8957108154575127,1,14.0,0.0,1,14.0,0.3098249152409145,0,0.0,1.0
1912.0,13,57.0,0.8260869565217391,7.023409357765745,69,613.0,8.884057971014492,59.0,0.855072463768116,13,94.0,0.0,5.228874229305374,2.685714285714285,2.685714285714285,35,2,19.0,0.6956453717582487,3,8.0,0.456673916389314,4,39.0,0.1979074753011798,3,20.0,0.2852718640187115,1,2.0,0.0011779675458789,0,0.0,0.8836784464528835,0,6.0,0.182145260903989,0,0.0,1.0
1920.0,12,54.0,0.7714285714285715,7.02550600788304,70,659.0,9.414285714285716,46.0,0.6571428571428571,10,100.0,6.0,5.056067255612413,3.225806451612903,3.225806451612903,31,1,14.0,0.6441494409364154,2,20.0,0.4975523431307855,0,20.0,0.1993570504580261,1,12.0,0.427686624107383,0,0.0,1.0,2,4.0,0.0060759674800976,4,30.0,0.1096137899885213,0,0.0,1.0
1928.0,12,102.0,1.5,8.512029990360384,68,708.0,10.411764705882351,49.0,0.7205882352941176,12,135.0,35.0,6.987568647206472,4.354838709677419,4.354838709677419,31,3,40.0,0.7196785513002543,3,36.0,0.5136052676564731,0,0.0,1.0,3,17.0,0.3349627702822399,0,0.0,1.0,0,0.0,1.0,3,42.0,0.0614019114490335,0,0.0,1.0
1936.0,14,149.0,2.2238805970149254,7.651766657120628,67,704.0,10.507462686567164,0.0,0.0,14,195.0,60.0,6.129071666152819,5.416666666666667,5.416666666666667,36,5,66.0,0.5313672664570989,2,4.0,0.4794944301528532,0,6.0,0.933881315270283,3,41.0,0.2307033417426772,0,0.0,1.0,0,0.0,1.0,4,78.0,0.2740787912408198,0,0.0,1.0
1944.0,10,113.0,1.765625,6.649507943422789,64,701.0,10.953125,0.0,0.0,10,190.0,0.0,4.875088661838679,5.135135135135135,5.135135135135135,37,1,47.0,0.5237951432536326,5,27.0,0.2688852898370148,1,14.0,0.1503162252587585,0,15.0,0.5394615462277831,0,0.0,1.0,0,0.0,1.0,3,87.0,0.1572489103094972,0,0.0,1.0
1952.0,4,9.0,0.1451612903225806,8.511032727683004,62,660.0,10.64516129032258,0.0,0.0,4,109.0,0.0,7.070033494840079,3.7586206896551726,3.7586206896551726,29,1,30.0,0.8368131618440001,2,14.0,0.3251387970372795,0,25.0,0.6172648997716711,0,0.0,0.4355787976257817,0,0.0,1.0,0,0.0,1.0,1,40.0,0.2415839399287856,0,0.0,1.0
1960.0,6,30.0,0.4761904761904761,8.363154537558017,63,633.0,10.047619047619047,0.0,0.0,5,102.0,0.0,7.537969166559071,3.4,3.4,30,0,27.0,0.9505021088704966,3,26.0,0.317967186614816,0,4.0,0.857474881433396,0,0.0,1.0,0,0.0,1.0,0,0.0,0.5953944329957531,2,45.0,0.2390705035244354,0,0.0,1.0
1968.0,11,71.0,1.126984126984127,8.17101695553268,63,618.0,9.80952380952381,0.0,0.0,11,121.0,19.0,6.708427359574681,3.78125,3.78125,32,0,24.0,0.8298344079907332,10,85.0,0.2476401324985824,1,12.0,0.5119476305644618,0,0.0,1.0,0,0.0,1.0,0,0.0,1.0,0,0.0,0.9588225974851964,0,0.0,1.0
1976.0,8,35.0,0.5384615384615384,6.804697884731393,65,659.0,10.138461538461538,41.0,0.6307692307692307,8,146.0,25.0,5.549037435642686,4.294117647058823,4.294117647058823,34,3,35.0,0.6095008255047464,3,81.0,0.2343065965443002,0,25.0,0.4637474167312808,0,0.0,1.0,0,0.0,1.0,0,0.0,1.0,2,5.0,0.4656739877481849,0,0.0,1.0
1984.0,8,65.0,1.015625,7.999022299757127,64,621.0,9.703125,0.0,0.0,8,109.0,0.0,7.314594373110814,3.2058823529411766,3.2058823529411766,34,4,66.0,0.5771654786864268,1,3.0,0.5158036760460184,0,13.0,0.9075904896588352,0,0.0,0.9992885938792996,0,0.0,1.0,0,0.0,1.0,3,27.0,0.1954476340439189,0,0.0,1.0
1992.0,13,96.0,1.5737704918032789,7.148340031793155,61,548.0,8.98360655737705,0.0,0.0,13,130.0,21.0,6.203366974249344,3.421052631578948,3.421052631578948,38,2,34.0,0.6555935841084939,5,24.0,0.3031029044080099,1,16.0,0.8466039500066213,1,1.0,0.6312041519082306,0,0.0,1.0,0,0.0,1.0,4,55.0,0.0,0,0.0,1.0
2000.0,11,110.0,1.8644067796610169,6.90180815137006,59,638.0,10.813559322033898,90.0,1.5254237288135593,10,163.0,33.0,4.780328112678521,4.9393939393939394,4.9393939393939394,33,3,21.0,0.4194721671724372,0,22.0,0.3660980911885463,3,29.0,0.6507710174834815,0,4.0,0.6061866841351352,0,0.0,1.0,0,0.0,1.0,4,87.0,0.0,0,0.0,1.0
2008.0,8,46.0,0.8679245283018868,8.318452086348826,53,546.0,10.30188679245283,0.0,0.0,8,132.0,0.0,8.05488872788881,3.6666666666666665,3.6666666666666665,36,5,46.0,0.6202226186092409,1,3.0,0.6172362218238434,0,22.0,0.8605296135090026,2,15.0,0.5723833717665976,0,0.0,0.9128804985195128,0,1.0,0.8664958921774603,0,45.0,0.2704037747024077,0,0.0,1.0
2016.0,6,43.0,0.7962962962962963,8.415883749045712,54,587.0,10.87037037037037,41.0,0.7592592592592593,6,89.0,0.0,8.128128885435569,2.870967741935484,2.870967741935484,31,0,13.0,0.7516051842619033,0,3.0,0.9278845810949384,1,31.0,0.8528432344706471,4,37.0,0.000167893571568,0,0.0,1.0,1,5.0,5.743885848182253e-05,0,0.0,0.9199937322009468,0,0.0,1.0
2024.0,3,22.0,0.4,9.280991085537782,55,552.0,10.036363636363635,0.0,0.0,2,61.0,0.0,8.683390613075662,2.9047619047619047,2.9047619047619047,21,1,18.0,0.8079385578388961,0,3.0,0.8666779754697786,0,15.0,0.9137541621762084,0,12.0,0.4987101974297803,0,0.0,1.0,1,13.0,0.0,0,0.0,0.938351810300305,0,0.0,1.0
2032.0,4,27.0,0.5625,9.545240563557853,48,479.0,9.979166666666666,0.0,0.0,4,60.0,0.0,8.189820936312593,2.727272727272727,2.727272727272727,22,1,23.0,0.7642937004665584,0,3.0,0.9976130081065636,0,11.0,0.9296743369160732,2,21.0,0.0036401013348586,0,0.0,0.5717981154141307,0,0.0,1.0,1,2.0,0.0007655628727996,0,0.0,1.0
2040.0,3,30.0,0.6521739130434783,9.5511577731163,46,455.0,9.891304347826088,0.0,0.0,3,63.0,3.0,8.286227112976327,3.0,3.0,21,0,4.0,0.9376644921091422,0,3.0,0.8055906621267287,1,16.0,0.7734793725376641,2,37.0,0.2985788203058394,0,0.0,1.0,0,0.0,0.8724118828949172,0,3.0,0.9248282843868,0,0.0,1.0
2048.0,6,29.0,0.6744186046511628,8.221711651499666,43,456.0,10.604651162790695,1.0,0.0232558139534883,5,51.0,0.0,6.330400256694002,2.6842105263157894,2.6842105263157894,19,0,4.0,0.915566146857012,0,3.0,0.6819687312838772,4,40.0,0.3261364394157527,0,0.0,0.9805362949037958,0,0.0,1.0,1,4.0,0.0,0,0.0,1.0,0,0.0,1.0
2056.0,4,18.0,0.45,8.369874589349541,40,389.0,9.725,0.0,0.0,3,69.0,18.0,7.648561704587634,3.2857142857142856,3.2857142857142856,21,0,9.0,0.8828249372225335,0,3.0,0.9173954680352612,2,37.0,0.2162662955272666,0,0.0,0.934738296162818,0,8.0,0.84344086232342,1,12.0,0.4905594339426283,0,0.0,1.0,0,0.0,1.0
2064.0,5,37.0,0.8409090909090909,8.528972255832025,44,410.0,9.318181818181818,21.0,0.4772727272727273,5,62.0,0.0,7.798630265398175,2.6956521739130435,2.6956521739130435,23,1,11.0,0.8258710928714093,0,4.0,0.7940017584814606,1,21.0,0.4789198521412132,1,1.0,0.0001054937289715,0,0.0,1.0,2,25.0,0.3046633709721352,0,0.0,0.7209806581739928,0,0.0,1.0
2072.0,3,6.0,0.12,8.694438486494962,50,433.0,8.66,23.0,0.46,2,25.0,0.0,8.007318561693724,1.0869565217391304,1.0869565217391304,23,0,3.0,0.6556825728916722,0,7.0,0.828983629583138,1,9.0,0.479174182733984,0,0.0,1.0,0,0.0,1.0,0,5.0,0.6715455873091889,1,1.0,0.5920511252154146,0,0.0,1.0
2080.0,8,48.0,1.0,9.353931900760168,48,397.0,8.270833333333334,0.0,0.0,8,65.0,40.0,8.427179915418701,2.4074074074074074,2.4074074074074074,27,3,21.0,0.6839670208998426,1,8.0,0.5043953375001928,1,20.0,0.6555732995343804,0,0.0,0.9356177501737752,0,0.0,0.8491814178011462,1,3.0,0.0018644031936083,2,13.0,0.3324201055505026,0,0.0,1.0
2088.0,8,56.0,1.2444444444444445,7.490051001573566,45,364.0,8.088888888888889,0.0,0.0,8,66.0,1.0,5.768192092997628,2.64,2.64,25,2,33.0,0.4736579990685557,3,26.0,0.369540276208194,0,3.0,0.433537783969861,1,1.0,0.6111290990559693,0,0.0,1.0,0,0.0,0.9479571325983918,2,3.0,0.0001379753614205,0,0.0,1.0
2096.0,7,28.0,0.5714285714285714,7.844744600724272,49,336.0,6.857142857142857,0.0,0.0,6,39.0,0.0,6.5260842655746405,1.8571428571428568,1.8571428571428568,21,0,3.0,0.7520166103275389,1,7.0,0.581788289668961,1,11.0,0.4708830979725394,4,18.0,0.0010222411116796,0,0.0,0.6238865424988677,0,0.0,0.01837433427209,0,0.0,1.0,0,0.0,1.0
2104.0,7,31.0,0.543859649122807,8.352180645644737,57,386.0,6.771929824561403,50.0,0.8771929824561403,6,75.0,36.0,7.652179925986637,2.6785714285714284,2.6785714285714284,28,1,15.0,0.588543832501136,2,19.0,0.5693830743440026,0,3.0,0.958150806428592,0,18.0,0.4919739979886912,2,9.0,0.3228146220854629,1,11.0,0.4739974380504986,0,0.0,1.0,0,0.0,1.0
2112.0,10,61.0,1.1090909090909091,7.749033711853131,55,354.0,6.4363636363636365,0.0,0.0,10,85.0,10.0,6.474894953461785,3.4,3.4,25,5,43.0,0.5532479760393582,4,38.0,0.2459289545749599,0,3.0,0.8577166258556006,1,1.0,0.2418116961446768,0,0.0,0.5725332211833928,0,0.0,1.0,0,0.0,0.990916805023326,0,0.0,1.0
2120.0,11,143.0,2.5535714285714284,7.672515250569567,56,431.0,7.696428571428571,77.0,1.375,11,166.0,81.0,6.340951593189035,5.928571428571429,5.928571428571429,28,5,79.0,0.5091706000539473,5,77.0,0.2606569769506665,0,3.0,0.8665564929582414,0,0.0,0.3613678582127738,0,0.0,1.0,0,0.0,1.0,1,7.0,0.5664430000655626,0,0.0,1.0
2128.0,4,24.0,0.4210526315789473,8.159830393265555,57,437.0,7.666666666666667,6.0,0.1052631578947368,4,76.0,0.0,7.694129861577997,3.3043478260869565,3.3043478260869565,23,0,31.0,0.7441447286768861,0,15.0,0.2784611703303493,0,3.0,0.9301067994657142,1,9.0,0.6098752864135153,0,0.0,1.0,0,0.0,0.933132105966986,3,18.0,0.0002676752506494,0,0.0,1.0
2136.0,5,22.0,0.3666666666666666,9.647576903610467,60,473.0,7.883333333333334,36.0,0.6,4,64.0,0.0,8.944058729355435,2.6666666666666665,2.6666666666666665,24,0,7.0,0.862875075421682,3,40.0,0.3873166751143743,0,3.0,0.9302615943801992,0,3.0,0.8110595475778911,0,0.0,0.6168225643272848,1,5.0,0.0,0,6.0,0.4182633935839744,0,0.0,1.0
2144.0,6,22.0,0.4074074074074074,9.29289418200477,54,328.0,6.074074074074074,0.0,0.0,6,49.0,0.0,8.081301614361594,2.0416666666666665,2.0416666666666665,24,2,14.0,0.7045998041233302,0,8.0,0.6204804092518956,1,10.0,0.70406474893582,2,6.0,0.4945839323875105,0,0.0,0.3755567282072336,0,0.0,0.896313851617901,1,11.0,0.3298196598982854,0,0.0,1.0
2152.0,8,29.0,0.5576923076923077,8.165762021451194,52,316.0,6.076923076923077,0.0,0.0,7,49.0,0.0,4.788117410728116,2.8823529411764706,2.8823529411764706,17,1,5.0,0.4792618703551475,0,0.0,1.0,2,15.0,0.5433430344847306,1,6.0,0.138206808939729,1,0.0,0.0,1,4.0,0.3437156804975487,1,19.0,0.0,0,0.0,1.0
2160.0,7,32.0,0.7619047619047619,8.19431390966219,42,239.0,5.690476190476191,0.0,0.0,6,47.0,0.0,5.972648096594249,2.9375,2.9375,16,2,12.0,0.5826869969103841,0,0.0,1.0,0,10.0,0.5704487572218366,1,6.0,0.6214780765252733,0,0.0,1.0,3,19.0,0.0029287867440222,0,0.0,1.0,0,0.0,1.0
2168.0,4,41.0,1.0,8.695758220485054,41,263.0,6.414634146341464,24.0,0.5853658536585366,4,58.0,11.0,5.240351925093359,4.461538461538462,4.461538461538462,13,3,32.0,0.4213543569904878,0,3.0,0.958074705521472,0,3.0,0.46691593642375,1,14.0,0.0074121285801523,0,0.0,1.0,0,6.0,0.4749247425541297,0,0.0,1.0,0,0.0,1.0
2176.0,3,35.0,0.875,9.071528694050365,40,298.0,7.45,35.0,0.875,3,72.0,14.0,8.432936934155089,4.0,4.0,18,0,12.0,0.6889165968346007,0,3.0,0.8612605037647555,1,17.0,0.6302091586685096,2,33.0,0.3330316731186795,0,0.0,0.1232455137712005,0,0.0,1.0,0,7.0,0.8998147042627543,0,0.0,1.0
2184.0,6,20.0,0.4651162790697674,7.96418737402982,43,300.0,6.976744186046512,2.0,0.0465116279069767,6,55.0,0.0,6.093325411957577,3.055555555555556,3.055555555555556,18,2,22.0,0.4712189872618688,0,3.0,0.9254358674499096,2,17.0,0.502353542961172,0,6.0,0.4841357613903413,1,0.0,0.0,0,0.0,1.0,1,7.0,5.066646157112224e-05,0,0.0,1.0
2192.0,5,31.0,0.7948717948717948,8.011986736009803,39,266.0,6.82051282051282,0.0,0.0,4,51.0,0.0,7.528128519795451,2.833333333333333,2.833333333333333,18,2,38.0,0.4932433125595701,0,3.0,0.8205085822625481,1,5.0,0.6377570238324917,1,5.0,0.484606801726432,0,0.0,1.0,0,0.0,1.0,0,0.0,1.0,0,0.0,1.0
2200.0,3,10.0,0.2702702702702703,8.321482492462343,37,294.0,7.945945945945946,28.0,0.7567567567567568,3,33.0,0.0,7.856476219025311,1.65,1.65,20,0,6.0,0.9573181238504062,1,10.0,0.6689032567185325,2,17.0,0.3231536413130252,0,0.0,0.5895921109918835,0,0.0,1.0,0,0.0,0.978363812637352,0,0.0,1.0,0,0.0,1.0
2208.0,8,51.0,1.3783783783783785,7.911059509296336,37,316.0,8.54054054054054,22.0,0.5945945945945946,8,77.0,44.0,5.313679597965278,3.85,3.85,20,1,8.0,0.6133932907490891,1,13.0,0.5912071581788844,6,56.0,0.0881216220347348,0,0.0,0.8000875185139351,0,0.0,1.0,0,0.0,1.0,0,0.0,0.9854677313027284,0,0.0,1.0
2216.0,5,27.0,0.7714285714285715,6.149263065909646,35,287.0,8.2,0.0,0.0,4,85.0,8.0,4.935906091074849,4.047619047619048,4.047619047619048,21,1,16.0,0.6595181422338244,1,21.0,0.5260216197131157,0,42.0,0.1706269691175922,1,1.0,0.015664467905121,0,0.0,1.0,0,0.0,1.0,1,5.0,0.0435725524197374,0,0.0,1.0
2224.0,3,14.0,0.4,8.467586054943377,35,325.0,9.285714285714286,38.0,1.0857142857142856,3,66.0,0.0,8.339889124520617,3.473684210526316,3.473684210526316,19,1,11.0,0.7616291942221336,0,19.0,0.9028068186985476,2,36.0,0.3018718430151704,0,0.0,0.9380876489793412,0,0.0,0.1832921683128737,0,0.0,1.0,0,0.0,1.0,0,0.0,1.0
2232.0,8,48.0,1.2972972972972974,7.521733084299987,37,344.0,9.297297297297296,19.0,0.5135135135135135,8,109.0,43.0,6.283910311677953,4.541666666666667,4.541666666666667,24,2,17.0,0.5663755452602719,0,25.0,0.898268890918836,4,59.0,0.1825552424286852,0,0.0,1.0,2,2.0,0.1755798894985913,0,6.0,0.8216574729265634,0,0.0,1.0,0,0.0,1.0
2240.0,3,9.0,0.2307692307692307,7.218389667842571,39,361.0,9.256410256410255,17.0,0.4358974358974359,2,51.0,0.0,5.081624975943431,2.833333333333333,2.833333333333333,18,0,4.0,0.395120146794869,1,32.0,0.7364456362493232,0,11.0,0.2349699956028096,0,0.0,1.0,0,0.0,0.2213190057648292,1,4.0,0.0035031209050045,0,0.0,0.6300056001406245,0,0.0,1.0
2248.0,1,6.0,0.1578947368421052,9.766380567541516,38,358.0,9.421052631578949,0.0,0.0,1,34.0,0.0,8.663954241458976,2.833333333333333,2.833333333333333,12,1,6.0,0.4847715982955246,0,22.0,0.9123707547315733,0,3.0,0.7239811676278294,0,3.0,0.8258817128022188,0,0.0,1.0,0,0.0,1.0,0,0.0,1.0,0,0.0,1.0
2256.0,2,18.0,0.5454545454545454,9.948895812031372,33,300.0,9.090909090909092,0.0,0.0,2,54.0,20.0,8.387034446287643,3.375,3.375,16,2,18.0,0.3274800356184514,0,30.0,0.9040997227137996,0,3.0,0.6785683097443069,0,0.0,1.0,0,0.0,1.0,0,0.0,1.0,0,3.0,0.9890232391421324,0,0.0,1.0
2264.0,6,49.0,2.130434782608696,7.196772045379769,23,169.0,7.3478260869565215,0.0,0.0,6,79.0,25.0,5.792891992328821,4.9375,4.9375,16,2,34.0,0.3298735593720591,0,27.0,0.806848659808378,4,18.0,0.311411928437557,0,0.0,1.0,0,0.0,1.0,0,0.0,1.0,0,0.0,1.0,0,0.0,1.0
2272.0,6,57.0,2.28,7.291342423865578,25,197.0,7.88,28.0,1.12,5,75.0,0.0,6.089411988798777,4.6875,4.6875,16,2,50.0,0.4816091921095648,1,24.0,0.7355991021369386,1,1.0,0.4748774702462057,0,0.0,1.0,1,0.0,0.0,0,0.0,1.0,0,0.0,1.0,0,0.0,1.0
2280.0,2,3.0,0.1111111111111111,8.538144961570202,27,211.0,7.814814814814815,14.0,0.5185185185185185,2,40.0,0.0,8.512324964266432,2.5,2.5,16,0,3.0,0.8848527550879092,1,30.0,0.7734410299294366,1,7.0,0.5747969278267451,0,0.0,1.0,0,0.0,0.6887487807508056,0,0.0,1.0,0,0.0,1.0,0,0.0,1.0
2288.0,3,2.0,0.0606060606060606,8.405390418065297,33,223.0,6.757575757575758,12.0,0.3636363636363636,2,25.0,0.0,7.088406733672527,1.7857142857142858,1.7857142857142858,14,0,3.0,0.6466235241746906,1,22.0,0.6486555706596697,0,0.0,0.777817416663273,0,0.0,1.0,1,0.0,0.0,0,0.0,1.0,0,0.0,1.0,0,0.0,1.0
2296.0,3,3.0,0.0769230769230769,8.351292440930044,39,226.0,5.794871794871795,3.0,0.0769230769230769,3,38.0,13.0,7.44303545171448,1.5833333333333333,1.5833333333333333,24,0,8.0,0.6476747228898616,1,25.0,0.795603709946309,2,3.0,0.3123121686609899,0,0.0,1.0,0,0.0,1.0,0,0.0,1.0,0,0.0,1.0,0,2.0,0.9311962206958976
2304.0,6,33.0,0.7857142857142857,7.570484781918015,42,221.0,5.261904761904762,0.0,0.0,6,71.0,33.0,7.087762202817982,2.3666666666666667,2.3666666666666667,30,2,16.0,0.5313842785262035,2,34.0,0.656677059674975,2,19.0,0.5156313590763661,0,0.0,0.9060536487953764,0,0.0,1.0,0,0.0,0.9565433969186672,0,0.0,1.0,0,2.0,0.9577086000862256
2312.0,8,43.0,0.8958333333333334,7.127407795579156,48,276.0,5.75,55.0,1.1458333333333333,7,83.0,12.0,6.548555059586844,2.9642857142857144,2.9642857142857144,28,0,6.0,0.5026913394681761,6,71.0,0.3869712198527378,0,0.0,0.7021734616746637,1,6.0,0.4638030817625979,0,0.0,1.0,0,0.0,1.0,0,0.0,1.0,0,0.0,1.0
2320.0,8,20.0,0.3773584905660377,7.775613223831811,53,324.0,6.113207547169812,48.0,0.9056603773584906,7,67.0,0.0,6.284402752177827,2.576923076923077,2.576923076923077,26,5,13.0,0.2347323424798159,1,44.0,0.6457025791903934,0,0.0,0.7128855258542621,1,10.0,0.0,0,0.0,1.0,0,0.0,1.0,0,0.0,1.0,0,0.0,1.0
2328.0,4,15.0,0.2678571428571428,8.457539463458453,56,334.0,5.964285714285714,10.0,0.1785714285714285,4,45.0,0.0,7.974940447930681,1.4516129032258065,1.4516129032258065,31,0,7.0,0.6858877558467459,1,29.0,0.6642821899560475,3,9.0,0.6163408756690191,0,0.0,1.0,0,0.0,1.0,0,0.0,0.9136897035756708,0,0.0,1.0,0,0.0,1.0
2336.0,3,8.0,0.1333333333333333,9.035836641836196,60,326.0,5.433333333333334,0.0,0.0,2,37.0,0.0,9.0357696840309,1.0571428571428572,1.0571428571428572,35,2,9.0,0.6871575676928525,0,14.0,0.909889719787927,0,7.0,0.6145651770281181,0,4.0,0.9952440078721496,0,0.0,0.2206723545557965,0,0.0,0.9368575290627364,0,3.0,0.8779832469853408,0,0.0,1.0
2344.0,5,19.0,0.3064516129032258,7.90636893929402,62,337.0,5.435483870967742,11.0,0.1774193548387097,5,53.0,16.0,7.387621766839795,1.2926829268292683,1.2926829268292683,41,3,13.0,0.5555062843234644,0,9.0,0.7681388185170651,0,6.0,0.6072309890862168,0,8.0,0.7943383266404166,0,0.0,0.9793977649814484,1,5.0,0.4067250238347611,1,12.0,0.1551148194199864,0,0.0,1.0
2352.0,6,24.0,0.3692307692307692,7.847556403284005,65,366.0,5.630769230769231,29.0,0.4461538461538462,6,36.0,0.0,7.288533956598534,1.0,1.0,36,3,16.0,0.5458494115350603,0,6.0,0.8934448576233796,3,14.0,0.5131667830966831,0,0.0,0.9019111078137588,0,0.0,1.0,0,0.0,1.0,0,0.0,1.0,0,0.0,0.9196347205145544
2360.0,7,55.0,0.859375,7.792227492997379,64,369.0,5.765625,3.0,0.046875,7,95.0,59.0,7.339902097521514,2.065217391304348,2.065217391304348,46,5,50.0,0.5045192309233947,0,6.0,0.7928749925310524,2,25.0,0.554832082784886,0,6.0,0.9026823734702404,0,0.0,1.0,0,3.0,0.915859263757011,0,5.0,0.94451741163999,0,0.0,0.9164171897133144
2368.0,5,41.0,0.6119402985074627,7.7029763607938175,67,404.0,6.029850746268656,35.0,0.5223880597014925,4,96.0,1.0,6.575765253016778,2.1333333333333333,2.1333333333333333,45,2,57.0,0.4877757549137758,0,13.0,0.8458721300059757,0,14.0,0.5471341123507895,0,0.0,0.8482367271883752,0,0.0,1.0,1,7.0,0.468219220488601,1,5.0,0.4637584083570851,0,0.0,1.0
2376.0,3,48.0,0.6956521739130435,8.232786583741028,69,351.0,5.086956521739131,0.0,0.0,3,73.0,0.0,7.581598524718328,1.553191489361702,1.553191489361702,47,3,50.0,0.481349418872221,0,15.0,0.8750923623482953,0,8.0,0.7089624000827887,0,0.0,0.9032350658700484,0,0.0,1.0,0,0.0,0.0273155134806817,0,0.0,1.0,0,0.0,1.0
2384.0,6,25.0,0.3472222222222222,8.063181773523288,72,339.0,4.708333333333333,0.0,0.0,6,48.0,0.0,7.527135417479485,0.8888888888888888,0.8888888888888888,54,2,10.0,0.5304341210786713,1,17.0,0.8095509352822499,0,8.0,0.8118054369720178,2,6.0,0.4771155326889916,0,0.0,0.3014748886236673,1,7.0,0.4590220669964686,0,0.0,1.0,0,0.0,1.0
2392.0,12,72.0,0.935064935064935,6.876156731647803,77,334.0,4.337662337662338,0.0,0.0,11,90.0,42.0,6.559408040289782,1.5789473684210529,1.5789473684210529,57,7,53.0,0.4542120634627815,0,12.0,0.7883682759158729,1,5.0,0.6816229433889818,1,2.0,0.2226880936809194,0,0.0,0.5012453908666035,2,18.0,0.0003874287829833,0,0.0,1.0,0,0.0,1.0
2416.0,8,46.0,0.5411764705882353,7.056408201547281,85,428.0,5.035294117647059,26.0,0.3058823529411765,7,106.0,0.0,6.074000337380633,1.827586206896552,1.827586206896552,58,4,59.0,0.3840944705171267,1,17.0,0.7693975361985556,2,27.0,0.682095998045134,0,0.0,0.0491108961687331,0,0.0,1.0,0,0.0,0.1387822093411953,0,3.0,0.8203072420558547,0,0.0,1.0
2424.0,12,113.0,1.4303797468354431,7.140886314469505,79,460.0,5.822784810126582,32.0,0.4050632911392405,12,154.0,48.0,6.018261203905522,2.8,2.8,55,7,71.0,0.2633587278406067,0,15.0,0.7976889432135993,2,43.0,0.7009322348338356,2,15.0,0.311604034276627,0,3.0,0.7054087392977069,0,0.0,1.0,1,7.0,2.467277246801936e-05,0,0.0,1.0
2432.0,10,33.0,0.44,6.78032679446802,75,465.0,6.2,5.0,0.0666666666666666,9,84.0,0.0,6.207140229689621,1.7142857142857142,1.7142857142857142,49,4,34.0,0.3511216179989845,3,32.0,0.7059297036882202,2,16.0,0.5916740437314901,0,0.0,0.950482136474271,0,0.0,1.0,0,0.0,1.0,0,2.0,0.9659013470095869,0,0.0,1.0
2440.0,10,73.0,0.948051948051948,7.705997474433089,77,536.0,6.961038961038961,71.0,0.922077922077922,10,118.0,34.0,5.637746450263392,2.6222222222222222,2.6222222222222222,45,3,34.0,0.4568289569484839,5,69.0,0.5931655661846775,2,15.0,0.6555540010388092,0,0.0,0.8895891931948995,0,0.0,1.0,0,0.0,1.0,0,0.0,1.0,0,0.0,1.0
2448.0,8,43.0,0.581081081081081,7.423301573381718,74,550.0,7.432432432432432,14.0,0.1891891891891892,7,101.0,0.0,6.316319110607098,2.1956521739130435,2.1956521739130435,46,0,6.0,0.8462129440012907,4,60.0,0.467743718621806,3,32.0,0.5782060294806051,0,0.0,0.894926540660538,0,0.0,1.0,0,0.0,0.8474287114189384,0,3.0,0.919431987166916,0,0.0,1.0
2456.0,8,79.0,1.082191780821918,7.875278898629056,73,559.0,7.657534246575342,9.0,0.1232876712328767,8,138.0,37.0,6.872095664292665,2.875,2.875,48,1,13.0,0.7680410700850745,2,52.0,0.6627831112879181,4,65.0,0.5680605132679116,0,0.0,0.7439551078011811,0,0.0,1.0,0,3.0,0.6155467925890123,1,5.0,0.0020898890504604,0,0.0,1.0
2464.0,14,141.0,1.9054054054054053,6.478842238170968,74,584.0,7.891891891891892,25.0,0.3378378378378378,14,206.0,68.0,6.042472687573797,3.433333333333333,3.433333333333333,60,3,32.0,0.4982761213356697,4,44.0,0.6183555360215673,4,101.0,0.5511456774086988,1,1.0,0.5465672947433885,0,0.0,1.0,1,13.0,0.680040782505457,1,15.0,0.4941782712586182,0,0.0,1.0
2472.0,21,233.0,2.9125,5.200473310838499,80,729.0,9.1125,145.0,1.8125,19,311.0,105.0,4.502596380461278,5.016129032258065,5.016129032258065,62,9,91.0,0.3879561377384941,0,43.0,0.6343553666636718,4,133.0,0.5432465285582547,3,15.0,0.0795724087149272,0,0.0,1.0,3,29.0,0.0334166133618412,0,0.0,0.2239770380345361,0,0.0,1.0
2480.0,9,82.0,0.9879518072289156,6.873564793509915,83,835.0,10.060240963855422,106.0,1.2771084337349397,9,255.0,0.0,6.044662929067408,4.25,4.25,60,7,125.0,0.4744885898954611,2,25.0,0.6554676530298686,0,68.0,0.7520062843719468,0,18.0,0.3013338717810367,0,0.0,0.1380165116131712,0,19.0,0.6939408678233945,0,0.0,1.0,0,0.0,1.0
2488.0,18,159.0,1.8705882352941177,6.529037151034266,85,921.0,10.83529411764706,86.0,1.011764705882353,18,265.0,10.0,5.230328794888695,4.649122807017544,4.649122807017544,57,8,138.0,0.3966537589612949,5,31.0,0.4232729416361576,3,80.0,0.5327844689518583,0,0.0,0.584746963829921,0,0.0,1.0,2,9.0,0.0022031876710061,0,7.0,0.910935865009205,0,0.0,1.0
2496.0,15,62.0,0.7126436781609196,6.215438446755243,87,1072.0,12.32183908045977,151.0,1.735632183908046,15,215.0,0.0,4.143648301014824,4.056603773584905,4.056603773584905,53,6,104.0,0.2448067742048273,4,43.0,0.3361506857512477,0,33.0,0.7379868249296334,3,10.0,0.218600456218761,0,0.0,0.3240142628760393,2,25.0,0.0,0,0.0,0.8647343374346486,0,0.0,1.0
2504.0,16,123.0,1.4137931034482758,7.54288624688953,87,1089.0,12.517241379310343,17.0,0.1954022988505747,15,212.0,0.0,5.996622924788974,3.925925925925926,3.925925925925926,54,5,52.0,0.6054029667186012,2,38.0,0.6124892174820633,2,47.0,0.6976897833842048,0,21.0,0.0858394868022137,2,8.0,1.7432523065253408e-05,2,41.0,0.0,2,5.0,0.0013125644664928,0,0.0,1.0
2528.0,8,33.0,0.4230769230769231,8.257674223932664,78,859.0,11.012820512820513,0.0,0.0,8,78.0,0.0,6.747012411263386,2.108108108108108,2.108108108108108,37,6,30.0,0.4807228868273699,1,4.0,0.4457540136582589,1,34.0,0.7429567714903095,0,0.0,1.0,0,0.0,1.0,0,7.0,0.947808005735734,0,3.0,0.9889058133420906,0,0.0,1.0
2536.0,7,26.0,0.3661971830985915,8.189067435524075,71,716.0,10.084507042253522,0.0,0.0,6,83.0,5.0,6.388588804104639,2.2432432432432434,2.2432432432432434,37,3,38.0,0.5038594554638927,1,4.0,0.0004164679085197,0,23.0,0.8707247252642631,0,0.0,1.0,0,0.0,1.0,1,13.0,0.4180065246298188,1,5.0,0.4612955192945686,0,0.0,1.0
2544.0,7,24.0,0.3809523809523809,7.730918148565439,63,558.0,8.857142857142858,0.0,0.0,6,92.0,9.0,5.552612653124957,2.967741935483871,2.967741935483871,31,6,65.0,0.4173472060222458,0,0.0,1.0,0,19.0,0.835236948002145,0,0.0,1.0,0,0.0,1.0,0,8.0,0.2245011551900801,0,0.0,1.0,0,0.0,1.0
2552.0,5,54.0,0.9642857142857144,8.27537236906363,56,539.0,9.625,0.0,0.0,5,128.0,36.0,5.959734895811296,4.571428571428571,4.571428571428571,28,5,100.0,0.3158674409375043,0,0.0,1.0,0,19.0,0.8558160453901464,0,0.0,1.0,0,0.0,1.0,0,3.0,0.8275097024826059,0,6.0,0.8897289833250585,0,0.0,1.0
2560.0,5,15.0,0.3061224489795918,7.689138289871953,49,482.0,9.83673469387755,0.0,0.0,5,91.0,0.0,5.748409492161664,3.3703703703703702,3.3703703703703702,27,3,57.0,0.3348068133823033,0,4.0,0.7653926875684236,0,19.0,0.8044642340427247,0,0.0,0.512969716632929,0,0.0,1.0,2,11.0,0.3197913321488255,0,0.0,0.576807831607661,0,0.0,1.0
2568.0,11,84.0,1.9090909090909087,7.5497737395381,44,485.0,11.022727272727272,3.0,0.0681818181818181,11,144.0,53.0,5.201910910673922,5.333333333333333,5.333333333333333,27,7,83.0,0.2981372215118401,0,4.0,0.857602479842441,0,19.0,0.8283381553991687,0,0.0,1.0,0,0.0,1.0,2,27.0,0.0,2,11.0,0.2435998995884271,0,0.0,1.0
2576.0,7,41.0,1.0,6.92413830128665,41,514.0,12.53658536585366,29.0,0.7073170731707317,7,129.0,0.0,5.018119171925483,5.608695652173913,5.608695652173913,23,2,80.0,0.5001430154960036,2,11.0,0.3196017463602428,3,30.0,0.388236678547314,0,0.0,1.0,0,0.0,1.0,0,0.0,1.0,0,8.0,0.3826214922237023,0,0.0,1.0
2584.0,6,27.0,0.6428571428571429,7.801322545801257,42,512.0,12.19047619047619,0.0,0.0,5,83.0,0.0,5.927039847003717,4.611111111111111,4.611111111111111,18,0,19.0,0.8531609639169213,2,17.0,1.1137898109378112e-05,0,28.0,0.7071580414430644,0,0.0,1.0,0,0.0,0.4473620171561768,0,0.0,1.0,3,19.0,0.0004555012830111,0,0.0,1.0
2592.0,1,5.0,0.131578947368421,9.482019453701689,38,412.0,10.842105263157896,0.0,0.0,1,25.0,0.0,9.41215195613806,2.272727272727273,2.272727272727273,11,0,11.0,0.8952572801302319,0,0.0,1.0,1,14.0,0.684426325146479,0,0.0,1.0,0,0.0,0.5169509683688059,0,0.0,1.0,0,0.0,1.0,0,0.0,1.0
2600.0,1,5.0,0.1388888888888889,9.89313957216649,36,359.0,9.97222222222222,0.0,0.0,1,25.0,0.0,9.411251279766812,2.5,2.5,10,1,16.0,0.7940841493026854,0,0.0,1.0,0,9.0,0.9263827677045718,0,0.0,1.0,0,0.0,1.0,0,0.0,1.0,0,0.0,0.5096688854503686,0,0.0,1.0
2608.0,3,18.0,0.4864864864864865,9.222146842742909,37,308.0,8.324324324324325,0.0,0.0,3,48.0,23.0,8.517255219368693,2.823529411764706,2.823529411764706,17,1,31.0,0.8427034654496959,1,3.0,0.5247455654389467,0,9.0,0.9152231090654226,0,0.0,1.0,0,0.0,1.0,0,0.0,1.0,1,5.0,0.0,0,0.0,1.0
2616.0,1,13.0,0.3823529411764705,9.278500314244903,34,254.0,7.470588235294118,0.0,0.0,1,41.0,0.0,9.270167724616655,2.1578947368421053,2.1578947368421053,19,0,14.0,0.9456857505868678,0,3.0,0.8079918434127047,0,9.0,0.6142816601284183,0,0.0,0.9708392432275288,0,0.0,1.0,0,2.0,0.859885674928295,1,13.0,0.0,0,0.0,1.0
2624.0,3,34.0,0.8947368421052632,9.127960966970964,38,249.0,6.552631578947368,0.0,0.0,3,62.0,21.0,9.222588161574532,2.48,2.48,25,0,14.0,0.8479247376690235,0,3.0,0.681656176383158,1,17.0,0.752622443294221,0,0.0,0.8480109286211707,0,0.0,1.0,1,7.0,2.044580858414416e-05,1,21.0,0.4881107597864813,0,0.0,1.0
2632.0,4,36.0,0.9,9.778265927988896,40,256.0,6.4,7.0,0.175,4,61.0,0.0,8.983140116369633,2.772727272727273,2.772727272727273,22,0,11.0,0.956299780472644,1,6.0,0.7090538795946093,1,25.0,0.756991818320936,0,0.0,1.0,0,0.0,0.5632589563934108,1,15.0,0.0,1,4.0,2.8491429914089783e-05,0,0.0,1.0
2640.0,5,27.0,0.6923076923076923,8.131335497313204,39,258.0,6.615384615384615,2.0,0.0512820512820512,5,46.0,0.0,6.579592626708899,2.3,2.3,20,1,14.0,0.6025144703944957,2,11.0,0.6179345022054101,1,9.0,0.4794928284144149,0,0.0,0.961273557110679,0,0.0,1.0,0,0.0,1.0,1,12.0,0.0,0,0.0,1.0
2648.0,5,53.0,1.5588235294117647,7.791564766682863,34,271.0,7.970588235294118,13.0,0.3823529411764705,5,72.0,26.0,5.918873929512204,4.8,4.8,15,0,10.0,0.7579048418276172,3,30.0,0.3025206187108095,1,12.0,0.4695630287526904,0,0.0,1.0,0,0.0,1.0,0,0.0,1.0,1,20.0,0.0,0,0.0,1.0
2656.0,6,58.0,1.6571428571428573,6.46280906218151,35,284.0,8.114285714285714,13.0,0.3714285714285714,6,80.0,8.0,3.71984355535767,5.0,5.0,16,3,23.0,0.1806691744375702,2,26.0,0.41912984657158,0,3.0,0.905124450134692,0,0.0,0.6184130068762212,0,0.0,1.0,0,0.0,1.0,1,28.0,0.0,0,0.0,1.0
2664.0,9,107.0,3.147058823529412,5.990555413006423,34,330.0,9.705882352941176,46.0,1.3529411764705883,9,129.0,49.0,3.825573616051236,6.45,6.45,20,3,27.0,0.2479592968078828,3,49.0,0.4278222439138873,0,10.0,0.9073097176962928,2,7.0,0.0125821229852712,0,0.0,1.0,0,0.0,0.907666870810546,1,36.0,0.0,0,0.0,1.0
2672.0,8,104.0,3.1515151515151514,6.603663874940195,33,388.0,11.757575757575758,58.0,1.7575757575757576,8,130.0,1.0,5.082821762588648,6.190476190476191,6.190476190476191,21,3,51.0,0.2340386952632515,3,55.0,0.5539924818969276,1,17.0,0.679818305735809,0,5.0,0.3533517744096098,0,0.0,1.0,1,2.0,0.0156324297572798,0,0.0,0.8031485728047945,0,0.0,1.0
2680.0,4,25.0,0.7142857142857143,8.201506856469628,35,409.0,11.685714285714283,21.0,0.6,4,53.0,0.0,6.318028834451204,3.3125,3.3125,16,0,3.0,0.9055482435697396,0,7.0,0.7084639143813196,2,25.0,0.5482994831065128,1,10.0,0.4078033741756084,0,0.0,1.0,1,8.0,0.0,0,0.0,1.0,0,0.0,1.0
2688.0,2,26.0,0.7222222222222222,9.80701271013602,36,370.0,10.27777777777778,0.0,0.0,2,60.0,7.0,9.326167002389957,2.608695652173913,2.608695652173913,23,0,13.0,0.9223978309077304,1,11.0,0.5981955134359489,1,33.0,0.7702685771307629,0,0.0,0.8004611755404669,0,0.0,0.5247324949534573,0,0.0,1.0,0,3.0,0.9127007592875708,0,0.0,1.0
2696.0,3,33.0,0.9705882352941176,9.757306725806554,34,302.0,8.882352941176471,0.0,0.0,2,64.0,4.0,9.725466445459109,3.2,3.2,20,0,13.0,0.8924202932443397,0,2.0,0.8952872900516813,1,41.0,0.7766423169466229,1,5.0,0.457624718277752,0,0.0,1.0,0,0.0,0.9291731991223878,0,3.0,0.9482324039688536,0,0.0,1.0
2704.0,4,12.0,0.3157894736842105,8.022595874138416,38,308.0,8.105263157894736,6.0,0.1578947368421052,4,37.0,0.0,6.057219933640494,1.681818181818182,1.681818181818182,22,3,17.0,0.4893479345455613,0,2.0,0.6637565596981717,0,16.0,0.7529593742556707,1,2.0,0.135339971284871,0,0.0,1.0,0,0.0,0.0068598934169863,0,0.0,1.0,0,0.0,1.0
2712.0,8,64.0,1.641025641025641,7.587806049730088,39,309.0,7.923076923076923,1.0,0.0256410256410256,8,89.0,52.0,6.77116535811424,3.423076923076923,3.423076923076923,26,3,41.0,0.6538067390980965,2,12.0,0.4574004896195269,2,28.0,0.6514831590098026,0,0.0,0.3321481093283445,0,0.0,1.0,1,8.0,0.3858526702292748,0,0.0,1.0,0,0.0,1.0
2720.0,3,10.0,0.2439024390243902,8.621980304361074,41,348.0,8.487804878048781,39.0,0.951219512195122,2,33.0,0.0,8.398983037489842,1.65,1.65,20,0,9.0,0.8338445246487289,2,7.0,0.2624913179938409,0,13.0,0.9442447879033168,0,0.0,0.9097928553116668,0,0.0,1.0,0,4.0,0.4877018378020611,0,0.0,1.0,0,0.0,1.0
2728.0,3,9.0,0.2142857142857142,9.080886410985586,42,330.0,7.857142857142857,0.0,0.0,3,46.0,13.0,8.884335181110442,2.1904761904761907,2.1904761904761907,21,0,12.0,0.8455705130098405,0,6.0,0.929799767527464,1,14.0,0.6577008812358786,1,2.0,0.495953372811153,0,0.0,0.4891319880358912,1,6.0,0.0,0,6.0,0.7764489640058196,0,0.0,1.0
2736.0,7,25.0,0.5319148936170213,8.000379586285828,47,314.0,6.680851063829787,0.0,0.0,7,60.0,14.0,6.988667472437209,2.0689655172413794,2.0689655172413794,29,2,18.0,0.661425908855727,1,6.0,0.63152619657839,3,30.0,0.3623021361955321,0,0.0,0.5789869250373102,1,5.0,0.2427420088988523,0,0.0,0.7678563843742319,0,1.0,0.756751922049177,0,0.0,1.0
2768.0,8,45.0,0.8181818181818182,8.169494236511904,55,365.0,6.636363636363637,0.0,0.0,7,70.0,0.0,6.904182752354251,3.0434782608695654,3.0434782608695654,23,1,31.0,0.8595052580222818,1,13.0,0.5341747534844592,1,7.0,0.0,3,16.0,0.1954536755182839,0,0.0,1.0,1,3.0,0.0002187669644294,0,0.0,1.0,0,0.0,1.0
2776.0,6,36.0,0.7346938775510204,8.232954200585294,49,378.0,7.714285714285714,13.0,0.2653061224489796,6,74.0,4.0,6.527708527019613,3.083333333333333,3.083333333333333,24,1,7.0,0.8011083342051281,0,6.0,0.8830192478393606,1,22.0,0.6177657215157412,3,28.0,0.0839251952552601,0,0.0,1.0,1,11.0,0.613668213028464,0,0.0,0.9571818282655709,0,0.0,1.0
2784.0,7,37.0,0.7708333333333334,7.699126110825669,48,369.0,7.6875,0.0,0.0,7,102.0,28.0,4.99518572733523,4.25,4.25,24,0,4.0,0.7950651974956389,1,7.0,0.5891121711615545,1,30.0,0.6143169266664897,4,54.0,0.2485913226552513,0,0.0,1.0,0,3.0,0.4559166606058252,1,4.0,0.0924111889264667,0,0.0,1.0
2792.0,11,104.0,2.363636363636364,7.384176093772504,44,384.0,8.727272727272727,15.0,0.3409090909090909,10,168.0,66.0,6.363434743413976,6.461538461538462,6.461538461538462,26,0,3.0,0.7972527438487939,0,6.0,0.9283004099015056,1,38.0,0.7355086164676278,7,103.0,0.2150412414339172,0,0.0,1.0,2,14.0,0.2542970667624222,0,4.0,0.9038553615393088,0,0.0,1.0
2800.0,10,67.0,1.5952380952380951,6.441830809461305,42,425.0,10.11904761904762,41.0,0.9761904761904762,9,174.0,6.0,5.05003908817351,6.6923076923076925,6.6923076923076925,26,0,3.0,0.9307439097292056,0,6.0,0.6236872661540839,2,22.0,0.6060941383501967,3,101.0,0.0838979785914958,0,0.0,1.0,2,33.0,0.3136868532592813,2,9.0,0.0018546228528662,0,0.0,1.0
2808.0,7,30.0,0.7142857142857143,6.765314521954902,42,471.0,11.214285714285714,46.0,1.0952380952380951,7,89.0,0.0,5.410838275803876,4.045454545454546,4.045454545454546,22,1,4.0,0.6736071368288081,2,14.0,0.4325266560663933,0,14.0,0.7752684099559826,2,38.0,0.188607944052079,0,0.0,0.5296305814539706,2,19.0,0.3620203083805491,0,0.0,1.0,0,0.0,1.0
2816.0,5,38.0,0.8636363636363636,7.93979914780628,44,519.0,11.795454545454543,48.0,1.0909090909090908,5,87.0,0.0,7.479630072083432,4.578947368421052,4.578947368421052,19,0,3.0,0.8938015464158631,0,0.0,0.8333316174352415,0,10.0,0.8692887228695515,1,20.0,0.0,0,0.0,1.0,4,47.0,0.1831916109520783,0,7.0,0.8152816091440661,0,0.0,1.0
2824.0,4,38.0,0.8085106382978723,7.830710315331374,47,515.0,10.95744680851064,0.0,0.0,4,68.0,0.0,6.144552989964968,4.0,4.0,17,0,6.0,0.7480281268902766,0,0.0,0.5656939602227656,0,10.0,0.8956541858428791,0,0.0,1.0,0,0.0,0.5716594364447806,2,35.0,0.0,2,17.0,0.0,0,0.0,1.0
2832.0,7,20.0,0.4347826086956521,6.906668464279544,46,515.0,11.195652173913045,0.0,0.0,6,33.0,0.0,5.741851800941231,1.736842105263158,1.736842105263158,19,2,6.0,0.5125980176573857,3,13.0,0.3653553071308641,0,10.0,0.8947857502383377,0,0.0,1.0,1,4.0,0.1466678521492538,0,0.0,0.266720233999185,0,0.0,0.9679833476838832,0,0.0,1.0
2840.0,4,41.0,0.9761904761904762,7.328762366522341,42,493.0,11.738095238095235,0.0,0.0,4,64.0,31.0,7.4730701084943325,3.764705882352941,3.764705882352941,17,1,12.0,0.7903533421418445,2,29.0,0.3682457156497584,0,13.0,0.8923044825542279,0,0.0,1.0,0,0.0,1.0,1,6.0,0.4641644314138592,0,4.0,0.9390928777108104,0,0.0,1.0
2848.0,5,28.0,0.6666666666666666,7.186206183500348,42,452.0,10.761904761904765,0.0,0.0,5,61.0,0.0,6.962366800360104,3.388888888888889,3.388888888888889,18,0,13.0,0.9223048144471192,1,2.0,0.6058640842351019,1,17.0,0.6955718137933592,0,0.0,0.5813388328040169,0,0.0,1.0,2,21.0,0.4519233227443481,1,8.0,0.0,0,0.0,1.0
2856.0,6,48.0,1.2,7.221912680548115,40,438.0,10.95,0.0,0.0,6,84.0,23.0,6.573156062987846,3.652173913043478,3.652173913043478,23,0,17.0,0.9487185805811972,1,3.0,0.5987740175841916,1,12.0,0.6267492307323828,1,8.0,0.4616169202323588,0,0.0,1.0,3,44.0,0.3833332199480646,0,0.0,1.0,0,0.0,1.0
2864.0,6,53.0,1.2325581395348837,6.817881216855388,43,473.0,11.0,35.0,0.813953488372093,6,92.0,8.0,5.170644095415383,4.0,4.0,23,1,18.0,0.7418841818050106,2,18.0,0.4110016034666688,0,6.0,0.9190835969971658,0,2.0,0.0296770543128326,0,0.0,1.0,3,48.0,0.13238941925111,0,0.0,0.9605943718725604,0,0.0,1.0
2872.0,7,38.0,0.95,7.269440384729739,40,499.0,12.475,26.0,0.65,6,79.0,0.0,6.813117810936541,3.761904761904762,3.761904761904762,21,0,10.0,0.955331743620886,2,19.0,0.6709153207035156,0,3.0,0.9317973557295692,1,9.0,0.0,0,0.0,1.0,3,31.0,0.1749139892729205,0,7.0,0.6292466904975235,0,0.0,1.0
2880.0,8,69.0,1.6829268292682926,6.646396412726062,41,523.0,12.75609756097561,24.0,0.5853658536585366,7,118.0,39.0,5.423495586313174,5.9,5.9,20,0,10.0,0.8816817809604223,0,3.0,0.4692136549983361,0,9.0,0.9409954555031894,1,17.0,0.0,0,0.0,1.0,5,70.0,0.0,1,9.0,0.4340336137362873,0,0.0,1.0
2888.0,4,21.0,0.525,7.187064032627262,40,523.0,13.075,0.0,0.0,4,99.0,0.0,5.738668438592156,5.5,5.5,18,2,16.0,0.4750547087674452,2,18.0,0.4267324296997165,0,9.0,0.9534166942338528,0,0.0,1.0,0,0.0,1.0,0,56.0,0.5130754749623258,0,0.0,0.2859696366383741,0,0.0,1.0
2896.0,7,63.0,1.75,6.650258059206987,36,497.0,13.805555555555555,0.0,0.0,7,142.0,43.0,5.162930898799772,7.473684210526316,7.473684210526316,19,2,32.0,0.5229311564423422,3,37.0,0.3389606854899982,0,9.0,0.911731636524439,0,0.0,0.9037423557166362,0,0.0,1.0,2,60.0,0.0188902730766482,0,4.0,0.8968120280356728,0,0.0,1.0
2904.0,1,2.0,0.0555555555555555,8.086317947374544,36,490.0,13.61111111111111,0.0,0.0,1,58.0,0.0,7.512091896712787,3.625,3.625,16,0,12.0,0.6789517051081385,0,3.0,0.6378262239607574,0,9.0,0.842054223128224,0,0.0,0.8901504147635828,0,0.0,1.0,0,28.0,0.5158759539523188,1,6.0,0.0002823431878627,0,0.0,1.0
2912.0,5,30.0,0.8823529411764706,7.972579306202506,34,511.0,15.029411764705882,21.0,0.6176470588235294,5,75.0,17.0,7.427463784752109,3.409090909090909,3.409090909090909,22,2,32.0,0.6737967412432246,1,9.0,0.4475066175752571,1,14.0,0.4669948593612439,0,0.0,0.8744156626948603,0,0.0,1.0,0,3.0,0.9717614989813558,1,17.0,0.6257773208448223,0,0.0,1.0
2920.0,9,60.0,1.818181818181818,5.250920288078449,33,441.0,13.363636363636363,0.0,0.0,9,95.0,20.0,3.681198758733512,4.523809523809524,4.523809523809524,21,2,33.0,0.4112100559300086,1,17.0,0.4848165509854761,4,35.0,0.1941764528432706,1,2.0,0.4666829588110121,0,0.0,1.0,1,8.0,0.0,0,0.0,0.2560661143386531,0,0.0,1.0
2928.0,10,40.0,1.0526315789473684,5.899010619936189,38,510.0,13.421052631578949,69.0,1.8157894736842104,9,81.0,0.0,4.024244061709164,4.2631578947368425,4.2631578947368425,19,0,16.0,0.6682433361686324,2,5.0,0.2573685134050485,1,31.0,0.5520861751512078,4,21.0,0.0099022968605985,0,0.0,1.0,0,0.0,1.0,2,8.0,0.0005684306985415,0,0.0,1.0
2936.0,11,96.0,2.4615384615384617,7.40558463619911,39,583.0,14.948717948717947,73.0,1.871794871794872,10,137.0,56.0,6.20954266410823,5.48,5.48,25,1,17.0,0.7804272165905977,0,7.0,0.8125177694726402,2,26.0,0.3243364701994304,5,60.0,0.1528850310349974,0,0.0,1.0,0,0.0,1.0,2,27.0,0.2272941066491174,0,0.0,0.9256851515067204
2944.0,2,7.0,0.2121212121212121,8.251064631496579,33,509.0,15.424242424242424,0.0,0.0,2,42.0,0.0,7.485504411616896,3.0,3.0,14,0,10.0,0.8912306807010818,2,14.0,0.3410879716660847,0,6.0,0.8650306349381838,0,12.0,0.5083401879195018,0,0.0,1.0,0,0.0,1.0,0,0.0,0.8010733266648475,0,0.0,0.9948403811012062
2960.0,5,24.0,0.6486486486486487,9.015886455665646,37,527.0,14.243243243243244,19.0,0.5135135135135135,4,60.0,0.0,8.337984755290124,3.333333333333333,3.333333333333333,18,2,38.0,0.6776359333239258,0,7.0,0.8096799894234541,1,15.0,0.4887321557306003,0,0.0,1.0,1,0.0,0.0,0,0.0,1.0,0,0.0,0.7129877222525494,0,0.0,1.0
2968.0,1,5.0,0.1470588235294117,9.969850592585454,34,450.0,13.235294117647058,0.0,0.0,1,43.0,0.0,9.992076817446025,2.263157894736842,2.263157894736842,19,0,24.0,0.9360386689899616,0,7.0,0.8755161663275294,0,7.0,0.6743452441682113,0,0.0,1.0,0,0.0,1.0,0,0.0,0.92508519980841,1,5.0,0.5970934136154037,0,0.0,1.0
2976.0,8,35.0,1.0,7.623449883586467,35,474.0,13.542857142857144,24.0,0.6857142857142857,8,77.0,34.0,5.540824336081583,3.347826086956522,3.347826086956522,23,1,26.0,0.6734828527688491,1,9.0,0.5144774065397214,1,18.0,0.3420177501945421,0,0.0,0.990861554626546,1,0.0,0.0,1,6.0,0.0,3,18.0,0.0013872867199954,0,0.0,1.0
2984.0,5,57.0,1.6285714285714286,7.5638456717501885,35,513.0,14.657142857142857,39.0,1.1142857142857143,5,103.0,26.0,6.386880500092856,4.904761904761905,4.904761904761905,21,3,45.0,0.5537834014629273,0,7.0,0.7829485858065682,0,10.0,0.6226036641365437,0,0.0,1.0,0,0.0,0.6464192545696544,1,17.0,0.4365146018580217,1,24.0,0.1299720761954438,0,0.0,1.0
2992.0,2,7.0,0.1794871794871795,8.880613226718681,39,460.0,11.794871794871796,0.0,0.0,2,30.0,0.0,8.41344773049501,1.5,1.5,20,0,13.0,0.7433072222521359,1,7.0,0.6817400160724849,0,0.0,0.8311012240968891,0,0.0,1.0,0,0.0,0.4197057549861543,0,0.0,1.0,1,10.0,0.0,0,0.0,1.0
3000.0,3,7.0,0.1627906976744186,9.882292398543616,43,470.0,10.930232558139537,10.0,0.2325581395348837,3,35.0,5.0,9.250877961755716,1.5909090909090908,1.5909090909090908,22,2,27.0,0.7298822423059095,0,7.0,0.8983864815170787,0,0.0,0.8978343008688404,0,0.0,1.0,1,0.0,0.0,0,0.0,1.0,0,1.0,0.9637531565133556,0,0.0,1.0
3008.0,5,25.0,0.5952380952380952,7.850767044092576,42,297.0,7.071428571428571,0.0,0.0,5,51.0,16.0,7.028858142523793,1.8214285714285716,1.8214285714285716,28,4,44.0,0.4655588853627837,1,7.0,0.6575133043299408,0,0.0,0.9721991891353454,0,0.0,0.5927090517118753,0,0.0,1.0,0,0.0,1.0,0,0.0,0.9314896542860212,0,0.0,1.0
3016.0,3,10.0,0.2127659574468085,8.014139343875744,47,291.0,6.191489361702128,0.0,0.0,3,47.0,0.0,7.392982384985169,1.6785714285714286,1.6785714285714286,28,2,31.0,0.5068864154819528,1,16.0,0.7560572492755749,0,0.0,0.483296848108239,0,0.0,0.5416983249215944,0,0.0,0.2975511052727091,0,0.0,1.0,0,0.0,0.8977351724101286,0,0.0,1.0
3024.0,7,22.0,0.44,8.173563233290214,50,239.0,4.78,0.0,0.0,7,59.0,12.0,7.219978968322144,1.9666666666666663,1.9666666666666663,30,2,33.0,0.6825168590849463,3,21.0,0.5114517936401319,0,0.0,0.9022052717259548,2,5.0,0.27966353838583,0,0.0,0.3986276343243295,0,0.0,1.0,0,0.0,0.6862071292826816,0,0.0,1.0
3032.0,3,7.0,0.1372549019607843,9.063294522816756,51,258.0,5.0588235294117645,19.0,0.3725490196078431,3,30.0,0.0,8.374102257359779,1.1111111111111112,1.1111111111111112,27,0,16.0,0.9133846317642264,2,6.0,0.6281871998395206,0,0.0,0.8939674636111351,0,4.0,0.1822844181517545,0,0.0,0.3268756412225782,0,0.0,0.6041605638506548,1,4.0,2.6394998458793107e-05,0,0.0,1.0
3040.0,5,23.0,0.4893617021276595,9.221487370693652,47,260.0,5.531914893617022,2.0,0.0425531914893617,4,44.0,14.0,8.368055189882455,2.095238095238096,2.095238095238096,21,1,19.0,0.8438681690540736,3,23.0,0.3801939437562038,0,2.0,0.7985218451864039,0,0.0,1.0,0,0.0,1.0,0,0.0,1.0,0,0.0,1.0,0,0.0,1.0
3048.0,4,27.0,0.5625,8.081262333780357,48,281.0,5.854166666666667,21.0,0.4375,4,56.0,12.0,7.011264726505065,2.5454545454545454,2.5454545454545454,22,2,33.0,0.6858800617455892,1,12.0,0.5197027343732399,1,7.0,0.430101778132422,0,0.0,1.0,0,0.0,1.0,0,0.0,0.899617531897723,0,4.0,0.2790333147474167,0,0.0,1.0
3056.0,9,47.0,1.0,6.622973991868274,47,319.0,6.787234042553192,38.0,0.8085106382978723,7,76.0,20.0,4.7872830312228665,3.8,3.8,20,3,27.0,0.2863984319567778,2,22.0,0.4558510993171383,2,27.0,0.5314727440917825,0,0.0,1.0,0,0.0,1.0,0,0.0,1.0,0,0.0,1.0,0,0.0,1.0
3064.0,5,21.0,0.4468085106382978,8.101073221225096,47,315.0,6.702127659574468,0.0,0.0,5,49.0,0.0,6.393620126576779,2.8823529411764706,2.8823529411764706,17,4,39.0,0.3620580178505551,1,4.0,0.6686026304824179,0,4.0,0.6896899986733231,0,0.0,1.0,0,0.0,1.0,0,0.0,1.0,0,2.0,0.4761909054856828,0,0.0,1.0
3072.0,2,5.0,0.1020408163265306,8.27074552974523,49,299.0,6.1020408163265305,0.0,0.0,1,28.0,0.0,7.882261629438608,1.6470588235294117,1.6470588235294117,17,0,13.0,0.8181219007321261,0,10.0,0.7043440234388738,0,0.0,0.8987477586905022,0,0.0,0.5179840981716141,0,0.0,1.0,0,0.0,0.9207424119144944,1,5.0,0.0,0,0.0,1.0
3080.0,3,8.0,0.1666666666666666,8.481927785496465,48,231.0,4.8125,0.0,0.0,3,30.0,2.0,8.000198135406997,1.2,1.2,25,2,18.0,0.6709513604379601,0,10.0,0.7806805174857968,0,0.0,0.9218714375713074,0,0.0,0.4271313687255401,0,0.0,0.9266161164874326,1,2.0,9.86148110017401e-05,0,0.0,0.5630501419014705,0,0.0,1.0
3088.0,6,34.0,0.68,7.597153624055345,50,182.0,3.64,0.0,0.0,6,60.0,30.0,7.076453136482748,2.142857142857143,2.142857142857143,28,2,34.0,0.6432709358280502,0,10.0,0.9149226854998178,0,0.0,0.9052363429203192,3,12.0,0.0603537320689209,0,0.0,1.0,0,0.0,1.0,1,4.0,0.0,0,0.0,1.0
3096.0,5,10.0,0.1886792452830188,7.597292057722744,53,205.0,3.867924528301887,23.0,0.4339622641509434,5,48.0,0.0,6.3918233332895245,1.7777777777777777,1.7777777777777777,27,2,11.0,0.6749960430626114,1,13.0,0.6525255352092575,1,1.0,0.0321638823173423,1,20.0,0.12505220959349,0,0.0,1.0,0,0.0,1.0,0,3.0,0.6759935057026385,0,0.0,1.0
3104.0,9,46.0,0.8363636363636363,8.079856405520195,55,252.0,4.581818181818182,47.0,0.8545454545454545,9,70.0,22.0,6.393620695484811,2.592592592592593,2.592592592592593,27,6,28.0,0.5035306461673008,2,33.0,0.5510459687904183,0,0.0,0.6086411523358277,0,1.0,0.7154476174597646,0,0.0,1.0,0,0.0,1.0,1,8.0,0.0,0,0.0,1.0
3112.0,3,7.0,0.125,9.233459114835162,56,233.0,4.160714285714286,0.0,0.0,3,29.0,0.0,9.684842075144182,1.2608695652173914,1.2608695652173914,23,1,10.0,0.8397492435506066,1,13.0,0.6826186652833341,1,6.0,2.062927288083104e-05,0,0.0,1.0,0,0.0,1.0,0,0.0,1.0,0,0.0,0.6467115921891315,0,0.0,1.0
3120.0,6,25.0,0.3846153846153846,9.31706479159399,65,255.0,3.923076923076923,22.0,0.3384615384615385,4,64.0,35.0,10.049178281937944,2.0,2.0,32,1,18.0,0.8395419460684066,1,19.0,0.7760863477771445,1,22.0,0.5551384097778819,0,0.0,0.5074778845710229,0,0.0,1.0,0,0.0,1.0,1,5.0,1.6180580439862367e-05,0,0.0,1.0
3128.0,6,23.0,0.3770491803278688,8.011667141789472,61,251.0,4.114754098360656,0.0,0.0,6,51.0,0.0,6.761733992363685,1.8214285714285716,1.8214285714285716,28,1,20.0,0.6736740087793919,2,9.0,0.3998082710864544,0,5.0,0.4426410762039425,3,17.0,0.2215517108787104,0,0.0,1.0,0,0.0,1.0,0,0.0,1.0,0,0.0,1.0
3136.0,6,47.0,0.8545454545454545,7.852874875880049,55,295.0,5.363636363636363,44.0,0.8,6,90.0,39.0,6.703142178659209,3.333333333333333,3.333333333333333,27,2,33.0,0.6841577123824036,4,37.0,0.2749707359118826,0,0.0,1.0,0,17.0,0.2115512324041042,0,0.0,0.3438751330971978,0,3.0,0.9846133169637014,0,0.0,0.354299422585114,0,0.0,1.0
3144.0,12,97.0,1.6724137931034482,7.164208054028573,58,360.0,6.206896551724138,65.0,1.1206896551724137,12,139.0,49.0,5.540626063719391,4.964285714285714,4.964285714285714,28,2,32.0,0.6308264296262919,6,76.0,0.0006704720722229,0,0.0,1.0,3,25.0,0.2052143646975557,0,0.0,0.2318084429439142,0,0.0,0.852906731043396,1,6.0,0.0,0,0.0,1.0
3152.0,7,54.0,0.9642857142857144,7.920727414073424,56,402.0,7.178571428571429,42.0,0.75,7,80.0,0.0,7.241006526527031,3.4782608695652173,3.4782608695652173,23,3,22.0,0.6090409488286344,2,27.0,0.0,0,0.0,1.0,1,17.0,0.1215670532861622,0,0.0,1.0,0,0.0,0.3798816059784049,1,14.0,0.4918282240578852,0,0.0,0.9898756354157666
3160.0,5,45.0,0.7758620689655172,8.329086194670088,58,424.0,7.310344827586207,22.0,0.3793103448275862,3,72.0,0.0,8.2168551603647,2.6666666666666665,2.6666666666666665,27,0,20.0,0.7022431816415107,0,3.0,0.7524158060742544,0,7.0,0.9715260637258284,1,14.0,0.0,0,0.0,0.3954359057929875,1,6.0,0.4396011859286503,1,22.0,0.473236852324067,0,0.0,1.0
3168.0,7,31.0,0.5535714285714286,8.280713148702148,56,374.0,6.678571428571429,0.0,0.0,7,61.0,0.0,7.356797704831689,2.259259259259259,2.259259259259259,27,5,32.0,0.5358174067929052,0,3.0,0.990113340141433,1,9.0,0.4587708654936684,0,0.0,1.0,0,0.0,1.0,1,14.0,0.1225693257838057,0,3.0,0.953758803831211,0,0.0,0.93756221998775
3176.0,5,46.0,0.7796610169491526,7.776478200183901,59,388.0,6.576271186440678,14.0,0.2372881355932203,4,91.0,30.0,6.663585376149324,3.3703703703703702,3.3703703703703702,27,0,34.0,0.5722975574906592,0,0.0,1.0,1,17.0,0.490755086222468,0,0.0,0.967006040836143,0,0.0,1.0,2,33.0,0.3000171572642853,1,7.0,0.0214452611884882,0,0.0,1.0
3184.0,5,13.0,0.2096774193548387,7.897414901555332,62,389.0,6.274193548387097,1.0,0.0161290322580645,5,55.0,0.0,6.563032639151903,1.896551724137931,1.896551724137931,29,4,36.0,0.4929042663746538,1,4.0,0.4860582906589014,0,8.0,0.9184695286809368,0,0.0,1.0,0,0.0,1.0,0,4.0,0.4848255855389664,0,3.0,0.2116121257728413,0,0.0,1.0
3192.0,3,27.0,0.4426229508196721,8.498812429765737,61,397.0,6.508196721311475,8.0,0.1311475409836065,3,79.0,24.0,6.8934974187063816,2.393939393939394,2.393939393939394,33,1,46.0,0.4210733170937952,0,4.0,0.7415637766397011,0,4.0,0.8626937442395732,0,0.0,0.930283019793158,0,0.0,1.0,1,13.0,0.4499932667943258,1,12.0,0.6377907477992789,0,0.0,0.9446437167906224
3200.0,3,41.0,0.6949152542372882,7.19465818036637,59,390.0,6.610169491525424,0.0,0.0,3,78.0,0.0,5.527892889658224,2.2285714285714286,2.2285714285714286,35,1,47.0,0.4371063648331224,0,0.0,1.0,0,4.0,0.9555971820023992,0,0.0,0.6027704708463845,0,0.0,1.0,0,0.0,0.7013503722078931,2,27.0,0.264238383935106,0,0.0,0.0151320202121206
3216.0,4,21.0,0.3962264150943396,6.531658819884311,53,358.0,6.754716981132075,0.0,0.0,4,58.0,0.0,5.004659334126309,1.870967741935484,1.870967741935484,31,3,39.0,0.3636267275930699,0,0.0,1.0,0,4.0,0.5884432419350053,0,0.0,1.0,0,0.0,1.0,1,15.0,0.0,0,0.0,1.0,0,0.0,1.0
3224.0,4,21.0,0.3818181818181818,6.188536256611818,55,296.0,5.381818181818182,0.0,0.0,4,65.0,7.0,5.006213480236187,1.911764705882353,1.911764705882353,34,3,57.0,0.3205823567484589,0,0.0,1.0,1,5.0,0.4914872529419008,0,0.0,1.0,0,0.0,1.0,0,3.0,0.5222114845192682,0,0.0,1.0,0,0.0,0.9464825612723252
3232.0,4,49.0,0.875,6.313945873715966,56,278.0,4.964285714285714,0.0,0.0,4,83.0,18.0,4.776812659067886,2.305555555555556,2.305555555555556,36,2,58.0,0.351152200390677,0,0.0,1.0,1,13.0,0.1222222711977541,0,0.0,1.0,0,0.0,1.0,1,9.0,4.316925127593945e-05,0,3.0,0.5422362394637694,0,0.0,0.9662354551582892
3240.0,5,13.0,0.2363636363636363,6.882633523516596,55,282.0,5.127272727272727,4.0,0.0727272727272727,5,35.0,0.0,4.745466866823316,1.1290322580645162,1.1290322580645162,31,4,28.0,0.3630083843361093,0,0.0,1.0,1,7.0,0.0,0,0.0,1.0,0,0.0,1.0,0,0.0,1.0,0,0.0,1.0,0,0.0,1.0
3248.0,2,6.0,0.1132075471698113,7.3194732170114305,53,282.0,5.320754716981132,0.0,0.0,2,42.0,7.0,5.5964662482094925,1.2727272727272727,1.2727272727272727,33,2,39.0,0.3256325144058279,0,0.0,1.0,0,0.0,0.9315358784517692,0,0.0,1.0,0,3.0,0.9356720855637742,0,0.0,1.0,0,0.0,0.9669327891894246,0,0.0,1.0
3256.0,7,16.0,0.2962962962962963,5.9511842268321855,54,201.0,3.7222222222222223,0.0,0.0,7,45.0,3.0,4.005534235696899,1.25,1.25,36,4,41.0,0.2829103449854501,1,0.0,0.2176390915859524,1,2.0,2.2266597837196065e-05,0,0.0,0.932620778690776,0,0.0,1.0,0,0.0,1.0,1,2.0,8.545895877443796e-05,0,0.0,1.0
3264.0,4,37.0,0.6981132075471698,6.211768391697587,53,177.0,3.339622641509434,0.0,0.0,4,58.0,13.0,3.6666713900641295,1.7575757575757576,1.7575757575757576,33,2,47.0,0.2226924489194835,0,0.0,0.94865670020245,1,10.0,0.0,1,1.0,0.3275421614126013,0,0.0,1.0,0,0.0,1.0,0,0.0,1.0,0,0.0,1.0
3272.0,13,44.0,0.8301886792452831,4.687041950344506,53,182.0,3.4339622641509435,5.0,0.0943396226415094,12,74.0,16.0,2.8890657781293583,1.947368421052632,1.947368421052632,38,7,46.0,0.172111202339953,2,10.0,0.3284727945740562,0,0.0,0.960524854336177,3,15.0,0.1753234631132703,0,0.0,1.0,0,0.0,1.0,0,3.0,0.4112877781409249,0,0.0,1.0
3280.0,8,56.0,1.037037037037037,5.245209440180872,54,236.0,4.37037037037037,54.0,1.0,8,106.0,32.0,3.604419590448516,2.717948717948718,2.717948717948718,39,4,56.0,0.2138010963545604,0,6.0,0.980944153053608,0,3.0,0.4768488756194259,4,41.0,0.1228484838988935,0,0.0,1.0,0,0.0,1.0,0,0.0,1.0,0,0.0,1.0
3288.0,8,22.0,0.3928571428571428,5.040205659201106,56,282.0,5.035714285714286,46.0,0.8214285714285714,8,93.0,0.0,3.1201845982962304,2.325,2.325,40,3,42.0,0.2657936605211175,0,6.0,0.1266485468649699,1,10.0,0.4405692382653198,3,35.0,0.0845455860464492,0,0.0,1.0,0,0.0,1.0,1,0.0,0.1769271281014171,0,0.0,1.0
3296.0,6,42.0,0.7636363636363637,6.18658430286387,55,292.0,5.3090909090909095,10.0,0.1818181818181818,6,94.0,1.0,3.598010375264846,2.8484848484848486,2.8484848484848486,33,2,44.0,0.2052946314607173,3,26.0,0.0,1,18.0,0.5116695068146633,0,6.0,0.5497404084559728,0,0.0,1.0,0,0.0,1.0,0,0.0,0.9228621475225116,0,0.0,1.0
3304.0,5,34.0,0.6538461538461539,7.386747233214868,52,270.0,5.1923076923076925,0.0,0.0,4,58.0,0.0,5.524655101877888,2.230769230769231,2.230769230769231,26,3,48.0,0.3042843742040305,0,0.0,0.9234953843139254,0,3.0,0.9157857950796064,0,0.0,0.93304324627321,0,0.0,1.0,0,3.0,0.9531846583936888,1,4.0,2.08921596862318e-05,0,0.0,1.0
3312.0,4,11.0,0.2075471698113207,7.62391573158327,53,273.0,5.150943396226415,3.0,0.0566037735849056,4,42.0,0.0,6.368915415699776,1.4482758620689655,1.4482758620689655,29,4,26.0,0.3151273040561669,0,6.0,0.7610392228659232,0,10.0,0.8886893438384605,0,0.0,1.0,0,0.0,1.0,0,0.0,1.0,0,0.0,1.0,0,0.0,1.0
3320.0,5,13.0,0.2452830188679245,7.238316442925282,53,280.0,5.283018867924528,7.0,0.1320754716981132,4,58.0,16.0,6.502133968435777,1.870967741935484,1.870967741935484,31,3,38.0,0.2921031568793198,0,6.0,0.6496136593594303,1,10.0,0.8008826434178272,0,0.0,0.9416354756256644,0,4.0,0.5305079918235867,0,0.0,1.0,0,0.0,1.0,0,0.0,1.0
3328.0,4,10.0,0.1785714285714285,7.185992706110781,56,280.0,5.0,0.0,0.0,4,50.0,0.0,5.819833242214109,1.5151515151515151,1.5151515151515151,33,1,22.0,0.4464944790731107,3,18.0,0.3768533613120183,0,10.0,0.6691160532392908,0,0.0,1.0,0,0.0,1.0,0,0.0,1.0,0,0.0,1.0,0,0.0,1.0
3336.0,9,58.0,1.0545454545454545,7.108544609188746,55,300.0,5.454545454545454,20.0,0.3636363636363636,9,82.0,32.0,6.158200422183458,2.411764705882353,2.411764705882353,34,3,17.0,0.5316842458776347,3,38.0,0.3691940239766166,3,27.0,0.560730971396481,0,0.0,0.210784620551276,0,0.0,1.0,0,0.0,1.0,0,0.0,1.0,0,0.0,1.0
3344.0,4,28.0,0.509090909090909,7.960399587629741,55,283.0,5.1454545454545455,0.0,0.0,4,49.0,0.0,7.370886944918086,1.4848484848484849,1.4848484848484849,33,4,31.0,0.4724375997005073,0,2.0,0.8923513463955479,0,13.0,0.7669036932871731,0,0.0,0.9115114572269124,0,0.0,1.0,0,3.0,0.7817060937415754,0,0.0,1.0,0,0.0,1.0
3352.0,6,20.0,0.3773584905660377,8.038034154678305,53,306.0,5.773584905660377,23.0,0.4339622641509434,6,46.0,0.0,7.150206018464194,1.3142857142857145,1.3142857142857145,35,5,19.0,0.4492228903071923,0,10.0,0.8541997009241296,1,17.0,0.8115502214079061,0,0.0,0.2129160900844882,0,0.0,1.0,0,0.0,0.621137761471986,0,0.0,0.8960107917755916,0,0.0,1.0
3360.0,7,25.0,0.5102040816326531,7.310567218875939,49,289.0,5.8979591836734695,0.0,0.0,7,70.0,24.0,6.381429807935527,1.8421052631578947,1.8421052631578947,38,1,30.0,0.5713774184659889,1,11.0,0.7809138902425463,1,13.0,0.651430316571101,1,7.0,0.0,0,0.0,1.0,2,6.0,0.0122600350861001,1,3.0,0.3597172011338843,0,0.0,1.0
3368.0,7,38.0,0.8085106382978723,7.276570276184093,47,301.0,6.404255319148936,12.0,0.2553191489361702,6,69.0,0.0,6.680632893724914,2.3,2.3,30,1,9.0,0.6517293636830072,3,29.0,0.5944893929083046,2,27.0,0.56625349079751,0,0.0,1.0,0,0.0,1.0,0,4.0,0.5036773733173824,0,0.0,0.9438631854530882,0,0.0,1.0
3376.0,10,71.0,1.4489795918367347,7.445330013624187,49,355.0,7.244897959183674,54.0,1.1020408163265305,10,120.0,51.0,5.94982155758299,3.870967741935484,3.870967741935484,31,3,15.0,0.2433789417145055,5,68.0,0.5280621420728759,1,17.0,0.5803208109661483,0,0.0,1.0,0,0.0,0.619809937053674,1,13.0,0.459497141596218,0,7.0,0.9540626204027016,0,0.0,1.0
3384.0,12,80.0,1.6326530612244898,6.124235108986852,49,435.0,8.877551020408163,80.0,1.6326530612244898,11,137.0,17.0,4.878577050074086,4.151515151515151,4.151515151515151,33,4,42.0,0.38486008705402,0,35.0,0.6446937337672413,4,40.0,0.2276882787289091,0,0.0,1.0,0,0.0,1.0,2,13.0,0.344527598744661,1,7.0,0.0,0,0.0,1.0
3392.0,4,31.0,0.6078431372549019,8.587081467890382,51,492.0,9.647058823529411,57.0,1.1176470588235294,4,77.0,0.0,7.3644621011189075,2.9615384615384617,2.9615384615384617,26,0,24.0,0.6710137652617392,1,11.0,0.7494814389025951,3,42.0,0.5345505187771911,0,0.0,1.0,0,0.0,1.0,0,0.0,1.0,0,0.0,1.0,0,0.0,1.0
3400.0,1,0.0,0.0,10.103309855535002,48,437.0,9.104166666666666,0.0,0.0,1,39.0,0.0,9.460276774610684,1.4444444444444444,1.4444444444444444,27,1,12.0,0.8021895459156174,0,8.0,0.8663343536151654,0,18.0,0.7527392370967971,0,0.0,1.0,0,0.0,1.0,0,0.0,1.0,0,1.0,0.7225072073019673,0,0.0,1.0
3408.0,3,10.0,0.2127659574468085,9.5072531191411,47,362.0,7.702127659574468,0.0,0.0,3,48.0,9.0,9.079460301047792,1.5,1.5,32,2,20.0,0.739929245349324,0,15.0,0.8462744211944891,0,7.0,0.8525952354351263,0,0.0,0.7923075246369455,0,0.0,1.0,0,0.0,1.0,1,6.0,0.0,0,0.0,1.0
3416.0,4,28.0,0.6363636363636364,7.83329040702104,44,304.0,6.909090909090909,0.0,0.0,4,66.0,18.0,7.414059236704359,2.0625,2.0625,32,1,25.0,0.6180938022408851,0,15.0,0.7993565307909659,1,9.0,0.6815117694488971,1,3.0,8.10030156774211e-06,0,0.0,1.0,0,0.0,1.0,1,14.0,0.4257259248471904,0,0.0,1.0
3424.0,6,40.0,0.8888888888888888,7.931024664936499,45,338.0,7.511111111111111,34.0,0.7555555555555555,6,85.0,19.0,7.057226785334674,2.833333333333333,2.833333333333333,30,2,24.0,0.6288158923723689,0,19.0,0.6663886503871459,3,27.0,0.5549471074321033,1,15.0,0.6411661546737685,0,0.0,1.0,0,0.0,1.0,0,0.0,1.0,0,0.0,1.0
3432.0,5,33.0,0.7021276595744681,8.207952935079286,47,370.0,7.872340425531915,32.0,0.6808510638297872,5,84.0,0.0,7.281883292776111,2.625,2.625,32,0,15.0,0.7873493203443837,3,40.0,0.6298170856310632,1,24.0,0.5419749797082574,1,5.0,0.6284590721601025,0,0.0,1.0,0,0.0,0.6917559415027656,0,0.0,1.0,0,0.0,1.0
3440.0,8,21.0,0.42,7.331770780732137,50,403.0,8.06,33.0,0.66,8,81.0,0.0,6.061302143044079,2.25,2.25,36,2,22.0,0.4475603716868533,2,34.0,0.625153698628207,3,20.0,0.5613111424976583,0,0.0,0.8978622602699162,0,0.0,1.0,1,5.0,0.1599970700473598,0,0.0,0.9193948695073936,0,0.0,1.0
3448.0,9,46.0,0.92,7.380132244290886,50,437.0,8.74,34.0,0.68,9,115.0,34.0,6.549358108936036,3.026315789473684,3.026315789473684,38,5,48.0,0.3859214301670348,1,34.0,0.6657566615263223,0,17.0,0.7629160117916556,1,4.0,0.490808445306909,0,0.0,1.0,1,8.0,0.4882608000702559,1,4.0,1.5016303006328345e-05,0,0.0,1.0
3456.0,12,67.0,1.2641509433962264,6.188283584851876,53,519.0,9.79245283018868,82.0,1.5471698113207548,11,152.0,37.0,5.173207521177544,3.897435897435898,3.897435897435898,39,2,69.0,0.3351584360732913,0,21.0,0.8616395527216054,4,16.0,0.5654618606971603,2,14.0,0.0002409708908772,0,0.0,1.0,2,20.0,1.1110450464166369e-05,1,12.0,0.0,0,0.0,1.0
3464.0,10,62.0,1.169811320754717,7.130899585448147,53,551.0,10.39622641509434,32.0,0.6037735849056604,10,116.0,0.0,5.436358965251702,3.741935483870968,3.741935483870968,31,4,50.0,0.4951141819705553,0,21.0,0.8539802009247744,6,45.0,0.3109790481599139,0,0.0,1.0,0,0.0,1.0,0,0.0,1.0,0,0.0,1.0,0,0.0,1.0
3472.0,7,31.0,0.5740740740740741,8.050286636199884,54,564.0,10.444444444444445,13.0,0.2407407407407407,6,111.0,0.0,7.159492474795879,3.46875,3.46875,32,1,20.0,0.6399566492488796,0,25.0,0.87134693612549,5,56.0,0.2461524905351292,0,0.0,1.0,0,0.0,1.0,0,3.0,0.985051484717401,0,7.0,0.9373162579223824,0,0.0,1.0
3480.0,2,22.0,0.4489795918367347,9.271320145682417,49,511.0,10.428571428571429,0.0,0.0,2,61.0,0.0,7.5094267297963375,2.772727272727273,2.772727272727273,22,0,0.0,0.726485056969506,0,23.0,0.8839063580970595,2,38.0,0.3790892214871081,0,0.0,1.0,0,0.0,1.0,0,0.0,1.0,0,0.0,0.4457215335170602,0,0.0,1.0
3488.0,9,64.0,1.3061224489795915,8.064657297891753,49,432.0,8.816326530612244,0.0,0.0,8,97.0,36.0,6.859579419051206,3.2333333333333334,3.2333333333333334,30,3,9.0,0.5303163497497864,2,32.0,0.6984436896860948,2,44.0,0.4243154725033177,0,3.0,0.952681856986074,0,0.0,1.0,0,1.0,0.9610185264575314,1,8.0,0.0,0,0.0,1.0
3496.0,6,32.0,0.64,8.00364712402823,50,429.0,8.58,0.0,0.0,6,64.0,0.0,7.316210063227787,2.4615384615384617,2.4615384615384617,26,2,6.0,0.6411957647706299,2,28.0,0.6359181907290931,1,10.0,0.7016513647567048,0,4.0,0.939410859052394,0,0.0,1.0,0,0.0,1.0,1,16.0,0.0,0,0.0,1.0
3504.0,0,0.0,0.0,9.347750515407933,49,440.0,8.979591836734693,11.0,0.2244897959183673,0,27.0,0.0,9.67370553830429,1.2272727272727273,1.2272727272727273,22,0,7.0,0.8122484073086967,0,17.0,0.8383985706998529,0,3.0,0.95321736560182,0,0.0,0.8481192611144289,0,0.0,1.0,0,0.0,1.0,0,0.0,1.0,0,0.0,1.0
3512.0,4,8.0,0.1739130434782608,8.403898478294208,46,410.0,8.91304347826087,0.0,0.0,4,36.0,9.0,6.711241024316414,1.7142857142857142,1.7142857142857142,21,1,2.0,0.7203510176334866,1,20.0,0.6251069674783606,0,6.0,0.5981564551042313,2,5.0,0.330031917701561,0,0.0,1.0,0,3.0,0.9728614324874002,0,0.0,1.0,0,0.0,1.0
3520.0,6,37.0,0.7872340425531915,7.805541901096297,47,435.0,9.25531914893617,25.0,0.5319148936170213,6,59.0,23.0,5.301427653438722,3.1052631578947367,3.1052631578947367,19,2,10.0,0.3941232242134956,3,39.0,0.5718897652537646,1,10.0,0.4703888291083724,0,0.0,1.0,0,0.0,1.0,0,0.0,0.9323406149559824,0,0.0,1.0,0,0.0,1.0
3528.0,1,5.0,0.119047619047619,8.989518477000617,42,395.0,9.404761904761903,0.0,0.0,1,34.0,0.0,7.781216215447984,2.125,2.125,16,0,3.0,0.9067349766243002,0,23.0,0.7551171442097585,0,3.0,0.9889315191749796,0,0.0,1.0,0,0.0,1.0,1,5.0,0.0,0,0.0,1.0,0,0.0,1.0
3536.0,8,32.0,0.7804878048780488,7.57848589705381,41,375.0,9.146341463414634,0.0,0.0,7,72.0,38.0,6.184515456798809,3.0,3.0,24,2,10.0,0.5792307372115058,4,40.0,0.3884691052717495,0,3.0,0.9086221121134496,0,1.0,0.928104789156027,0,0.0,0.9289693328283566,1,13.0,0.4947987904035941,0,5.0,0.0339934736219846,0,0.0,1.0
3544.0,1,8.0,0.1904761904761904,7.535413720384277,42,399.0,9.5,24.0,0.5714285714285714,1,44.0,0.0,4.870779391425358,2.933333333333333,2.933333333333333,15,0,10.0,0.3595548617879593,0,18.0,0.5786368123780706,0,3.0,0.4490954475721146,0,0.0,0.9100425301877048,0,0.0,0.5851126088051259,0,0.0,1.0,1,13.0,0.0,0,0.0,1.0
3552.0,4,29.0,0.6590909090909091,8.896590261688859,44,398.0,9.045454545454543,0.0,0.0,4,58.0,14.0,8.100287331043287,3.625,3.625,16,2,24.0,0.5798547108044669,1,13.0,0.6065872191613074,1,11.0,0.4508597112744718,0,0.0,1.0,0,4.0,0.5976819065618182,0,0.0,1.0,0,6.0,0.903453347718472,0,0.0,1.0
3560.0,3,23.0,0.6052631578947368,8.256641797468843,38,354.0,9.31578947368421,0.0,0.0,3,35.0,0.0,7.237659447687822,3.1818181818181817,3.1818181818181817,11,0,0.0,0.6856141569103427,1,6.0,0.6034042035596862,1,19.0,0.4785022636947749,0,0.0,1.0,0,0.0,0.4240501728883751,0,3.0,0.9381508710693852,1,7.0,0.0,0,0.0,1.0
3568.0,2,15.0,0.4166666666666667,8.567519963265518,36,303.0,8.416666666666666,0.0,0.0,2,21.0,0.0,7.87117609232504,2.625,2.625,8,0,0.0,0.9104396000170132,1,14.0,0.6254277705339183,0,3.0,0.8969605466880199,0,0.0,0.8838834882545756,1,4.0,0.0,0,0.0,1.0,0,0.0,1.0,0,0.0,1.0
3576.0,4,26.0,0.7647058823529411,7.111289136152101,34,202.0,5.941176470588236,0.0,0.0,3,35.0,14.0,6.144545061168859,2.9166666666666665,2.9166666666666665,12,0,0.0,0.4995189930540384,2,25.0,0.3226509142917786,1,7.0,1.3536715082477234e-05,0,0.0,0.6814415351801012,0,0.0,1.0,0,3.0,0.9593649589968728,0,0.0,1.0,0,0.0,1.0
3584.0,4,43.0,1.2285714285714286,7.642617771387418,35,202.0,5.771428571428571,0.0,0.0,4,46.0,11.0,5.931027466766128,4.181818181818182,4.181818181818182,11,1,8.0,0.6261746153639919,1,30.0,0.4550208951486026,0,0.0,1.0,1,6.0,0.4835083336444063,0,0.0,1.0,1,2.0,5.443520729678194e-05,0,0.0,1.0,0,0.0,1.0
3592.0,4,41.0,1.28125,8.017372885210566,32,181.0,5.65625,0.0,0.0,4,47.0,1.0,7.241510764513687,2.9375,2.9375,16,1,19.0,0.7342772983138378,0,3.0,0.9152263134554148,0,0.0,1.0,2,15.0,0.0022171629583786,0,0.0,0.5873759596442893,1,10.0,0.5191725936128004,0,0.0,1.0,0,0.0,0.9648644296551658
