step,system_total_stopped,system_total_waiting_time,system_mean_waiting_time,system_mean_speed,system_cars_present,system_accumulated_waiting_time (100),system_accumulated_mean_waiting_time (100),system_accumulated_waiting_time (delta),system_accumulated_mean_waiting_time (delta),agents_total_stopped,agents_total_accumulated_waiting_time (100),agents_total_accumulated_waiting_time (delta),agents_mean_speed,agents_mean_waiting_time (100),agents_mean_waiting_time (delta),agents_cars_present,B1_stopped,B1_accumulated_waiting_time,B1_average_speed,B10_stopped,B10_accumulated_waiting_time,B10_average_speed,B11_stopped,B11_accumulated_waiting_time,B11_average_speed,B12_stopped,B12_accumulated_waiting_time,B12_average_speed,B2_stopped,B2_accumulated_waiting_time,B2_average_speed,B3_stopped,B3_accumulated_waiting_time,B3_average_speed,B4_stopped,B4_accumulated_waiting_time,B4_average_speed,B5_stopped,B5_accumulated_waiting_time,B5_average_speed,B6_stopped,B6_accumulated_waiting_time,B6_average_speed,B7_stopped,B7_accumulated_waiting_time,B7_average_speed,B8_stopped,B8_accumulated_waiting_time,B8_average_speed,B9_stopped,B9_accumulated_waiting_time,B9_average_speed
16.0,1,0.0,0.0,6.988864718532831,7.0,0.0,0.0,0.0,0.0,1,0.0,0.0,0.0,0.0,0.0,1.0,0.0,0.0,1.0,0.0,0.0,1.0,1.0,0.0,0.0,0.0,0.0,1.0,0.0,0.0,1.0,0.0,0.0,1.0,0.0,0.0,1.0,0.0,0.0,1.0,0.0,0.0,1.0,0.0,0.0,1.0,0.0,0.0,1.0,0.0,0.0,1.0
24.0,2,0.0,0.0,10.323760833128372,17.0,0.0,0.0,0.0,0.0,0,0.0,0.0,8.874532427041094,0.0,0.0,6.0,0.0,0.0,1.0,0.0,0.0,0.921310921523232,0.0,0.0,0.7914826231332275,0.0,0.0,1.0,0.0,0.0,1.0,0.0,0.0,0.3460374666620165,0.0,0.0,0.3160934754865548,0.0,0.0,1.0,0.0,0.0,1.0,0.0,0.0,0.8161243115363721,0.0,0.0,1.0,0.0,0.0,1.0
32.0,1,3.0,0.1578947368421052,11.91537758218377,19.0,4.0,0.2105263157894736,4.0,0.2105263157894736,1,3.0,3.0,10.847522856332125,0.75,0.75,4.0,0.0,0.0,1.0,0.0,0.0,1.0,0.0,0.0,1.0,0.0,0.0,1.0,0.0,0.0,1.0,0.0,0.0,0.989296041120613,0.0,0.0,1.0,0.0,0.0,1.0,0.0,0.0,1.0,1.0,3.0,0.4316111561371993,0.0,0.0,1.0,0.0,0.0,1.0
40.0,3,0.0,0.0,10.86630640944056,33.0,9.0,0.2727272727272727,5.0,0.1515151515151515,1,2.0,0.0,8.020935303387965,0.2222222222222222,0.2222222222222222,9.0,1.0,0.0,0.0,0.0,0.0,1.0,0.0,1.0,0.2888676676045117,0.0,0.0,1.0,0.0,0.0,1.0,0.0,1.0,0.8214495777557733,0.0,0.0,0.364145743825076,0.0,0.0,0.0893086272217557,0.0,0.0,1.0,0.0,0.0,0.934815721920186,0.0,0.0,1.0,0.0,0.0,0.4416097595071103
48.0,1,4.0,0.1052631578947368,12.358050022758745,38.0,13.0,0.3421052631578947,4.0,0.1052631578947368,1,4.0,2.0,9.10608381637451,0.2857142857142857,0.2857142857142857,14.0,0.0,0.0,1.0,0.0,0.0,1.0,0.0,0.0,0.2752118899793115,0.0,0.0,0.5136963573375218,0.0,0.0,0.673207759873906,0.0,0.0,0.5339949471258632,0.0,0.0,0.315700624686433,0.0,0.0,0.9536318762895408,0.0,0.0,1.0,0.0,0.0,0.9614404141149858,0.0,0.0,1.0,1.0,4.0,0.424048906914907
56.0,7,25.0,0.5813953488372093,9.363022187240388,43.0,36.0,0.8372093023255814,23.0,0.5348837209302325,7,25.0,21.0,3.478294828263757,1.6666666666666667,1.6666666666666667,15.0,0.0,0.0,0.243689473576016,0.0,0.0,1.0,0.0,0.0,0.5867462953519567,0.0,0.0,1.0,0.0,0.0,1.0,5.0,21.0,1.3593694512758454e-05,0.0,0.0,0.9824327355253468,1.0,1.0,0.0901308616638536,0.0,0.0,0.1534766129386263,1.0,3.0,0.0,0.0,0.0,0.9978153671571576,0.0,0.0,1.0
64.0,8,73.0,1.6222222222222222,10.47203430655411,45.0,96.0,2.1333333333333333,60.0,1.3333333333333333,8,76.0,51.0,5.866793705390187,5.428571428571429,5.428571428571429,14.0,3.0,18.0,7.77532640618244e-06,0.0,0.0,0.9995541323856064,0.0,0.0,1.0,0.0,0.0,1.0,0.0,0.0,1.0,4.0,53.0,0.1859762018376781,0.0,0.0,0.8967145793571347,0.0,0.0,1.0,0.0,3.0,0.5576718511795952,0.0,0.0,0.9847493091704596,0.0,0.0,1.0,1.0,2.0,0.361165540205526
72.0,2,2.0,0.0408163265306122,11.131728679002626,49.0,123.0,2.510204081632653,27.0,0.5510204081632653,2,7.0,0.0,7.623273483944963,0.5,0.5,14.0,0.0,0.0,0.9099982600168064,0.0,0.0,0.701967835176825,0.0,0.0,0.9333149313074453,0.0,0.0,1.0,0.0,0.0,1.0,0.0,0.0,0.9689331579647764,0.0,0.0,0.4932483346594203,0.0,0.0,1.0,0.0,5.0,0.4058193672745192,1.0,0.0,0.2929412559755325,0.0,0.0,1.0,1.0,2.0,0.0
80.0,3,2.0,0.0357142857142857,12.290771303245752,56.0,131.0,2.3392857142857144,8.0,0.1428571428571428,3,7.0,0.0,10.629748374169612,0.3043478260869565,0.3043478260869565,23.0,0.0,0.0,1.0,1.0,1.0,0.375826573409438,2.0,1.0,0.0422523222284465,0.0,0.0,0.8791416297353861,0.0,0.0,0.0084447911900017,0.0,0.0,0.920186406065916,0.0,4.0,0.5010022610739863,0.0,0.0,1.0,0.0,1.0,0.6778964773818437,0.0,0.0,0.9022975166491356,0.0,0.0,1.0,0.0,0.0,0.7774308453259938
88.0,6,9.0,0.1428571428571428,11.295395284881076,63.0,150.0,2.380952380952381,19.0,0.3015873015873015,5,25.0,18.0,9.29093140186808,1.3157894736842106,1.3157894736842106,19.0,0.0,0.0,1.0,0.0,0.0,1.0,0.0,0.0,0.895549989233272,1.0,3.0,8.195291184059877e-05,0.0,0.0,1.0,2.0,3.0,0.2966616141458907,1.0,11.0,0.3155783301766055,0.0,3.0,0.9633434197832436,0.0,0.0,0.7840592932678613,0.0,3.0,0.8969586534254829,0.0,0.0,1.0,1.0,2.0,0.4067398426102215
96.0,2,5.0,0.0704225352112676,10.664637223937484,71.0,171.0,2.408450704225352,21.0,0.2957746478873239,2,18.0,0.0,8.529770668646188,1.0588235294117647,1.0588235294117647,17.0,0.0,2.0,0.0227671327998013,0.0,3.0,0.6062005809742416,0.0,0.0,0.8489322408289439,0.0,0.0,0.9780053102803808,0.0,0.0,1.0,0.0,0.0,0.966933474980074,0.0,0.0,1.0,0.0,2.0,0.9863307779399728,1.0,8.0,0.5876801918661932,1.0,3.0,0.0089403203990258,0.0,0.0,0.987791357850812,0.0,0.0,0.5667076805562852
104.0,7,37.0,0.4805194805194805,12.842188362584968,77.0,211.0,2.74025974025974,40.0,0.5194805194805194,7,43.0,25.0,8.757664645710658,2.15,2.15,20.0,2.0,15.0,0.0,0.0,3.0,0.8046587417561516,0.0,3.0,0.6444070035482623,0.0,0.0,0.3545990275608366,0.0,0.0,1.0,0.0,0.0,0.9794534521127573,1.0,0.0,0.6437463851483569,0.0,0.0,0.9426565287700884,2.0,3.0,0.312455968826296,2.0,19.0,0.127956446257017,0.0,0.0,1.0,0.0,0.0,1.0
112.0,8,61.0,0.7530864197530864,11.575931852956591,81.0,250.0,3.08641975308642,39.0,0.4814814814814814,8,69.0,26.0,6.598191166926858,3.0,3.0,23.0,2.0,31.0,0.0,0.0,0.0,0.3859966598161948,1.0,2.0,0.108573600471169,1.0,5.0,0.4744677750172016,0.0,0.0,1.0,0.0,0.0,0.5816513057181497,0.0,4.0,0.7274080845378651,0.0,0.0,0.9792086808894048,4.0,27.0,0.1874540450014185,0.0,0.0,1.0,0.0,0.0,1.0,0.0,0.0,0.927695456780819
120.0,12,89.0,1.0113636363636365,9.977684957922458,88.0,310.0,3.522727272727273,60.0,0.6818181818181818,12,106.0,37.0,5.344015859736835,3.925925925925926,3.925925925925926,27.0,2.0,47.0,0.0477997907707193,0.0,0.0,0.9569722521428026,2.0,11.0,0.0524035426427909,1.0,13.0,0.0,0.0,0.0,1.0,2.0,10.0,1.0460387781183374e-05,1.0,9.0,0.3213406571739919,1.0,4.0,0.1986352918288705,1.0,8.0,0.5288242720656308,0.0,0.0,0.998010418155598,0.0,0.0,1.0,2.0,4.0,0.2983304337415904
128.0,4,27.0,0.2903225806451613,12.40825341496902,93.0,363.0,3.903225806451613,53.0,0.5698924731182796,4,31.0,0.0,9.557623341738234,2.583333333333333,2.583333333333333,12.0,0.0,0.0,1.0,1.0,3.0,6.12951499058612e-05,0.0,0.0,1.0,0.0,0.0,1.0,0.0,0.0,0.927165444455932,1.0,16.0,0.4315130241253897,0.0,0.0,1.0,0.0,0.0,0.6677295713410749,2.0,9.0,0.3115571104530888,0.0,3.0,0.8225002233005166,0.0,0.0,1.0,0.0,0.0,1.0
136.0,4,14.0,0.1505376344086021,12.948568780986252,93.0,349.0,3.752688172043011,0.0,0.0,1,21.0,0.0,11.864308969351985,0.9545454545454546,0.9545454545454546,22.0,0.0,0.0,0.1328735773727834,0.0,0.0,1.0,0.0,3.0,0.9476474377304402,0.0,0.0,1.0,0.0,3.0,0.1405964841098869,0.0,9.0,0.5859323148178494,0.0,3.0,0.7427365974517229,0.0,0.0,1.0,1.0,1.0,0.5911737254945023,0.0,0.0,0.9274776514569292,0.0,0.0,0.8775928999914817,0.0,2.0,0.9897827172150356
144.0,5,6.0,0.0638297872340425,11.731497002729466,94.0,340.0,3.617021276595745,0.0,0.0,1,4.0,0.0,11.984037894991957,0.25,0.25,16.0,0.0,0.0,1.0,0.0,0.0,1.0,0.0,3.0,0.7349788227619971,0.0,0.0,1.0,0.0,0.0,1.0,0.0,0.0,0.6361036720344507,0.0,0.0,0.8059027468297506,0.0,0.0,0.928538979293664,0.0,0.0,0.5263155086473404,0.0,0.0,0.9676994230436348,0.0,0.0,0.9352547904391828,1.0,1.0,0.4835015513568397
152.0,6,21.0,0.2333333333333333,11.314836777714026,90.0,356.0,3.955555555555556,16.0,0.1777777777777777,3,45.0,41.0,9.401927081493696,1.4516129032258065,1.4516129032258065,31.0,0.0,6.0,0.4770857555052566,0.0,4.0,0.8229112003304528,1.0,11.0,0.2262448862044961,0.0,0.0,0.4418159108108017,0.0,0.0,1.0,0.0,0.0,0.6795195912707629,0.0,9.0,0.5313034080293827,0.0,0.0,0.3004222909572203,1.0,2.0,0.4570022497570301,0.0,0.0,0.7927121476682286,0.0,0.0,0.9448541844196244,1.0,13.0,0.6403288167789652
160.0,12,57.0,0.6063829787234043,10.454424612369642,94.0,381.0,4.053191489361702,25.0,0.2659574468085106,7,49.0,4.0,7.002210979852189,2.45,2.45,20.0,0.0,0.0,1.0,0.0,3.0,0.5860992061370037,0.0,0.0,0.9224508000604548,2.0,10.0,0.3267183667119882,0.0,3.0,0.9534169732418322,0.0,0.0,0.4699603577159297,0.0,0.0,0.7926084470544441,0.0,0.0,1.0,1.0,10.0,0.0,2.0,4.0,0.0002069504988556,1.0,2.0,0.4899717924089841,1.0,17.0,0.1394322404267447
168.0,7,58.0,0.6373626373626373,11.595811469133665,91.0,425.0,4.670329670329671,44.0,0.4835164835164835,3,44.0,0.0,8.844805338552915,2.095238095238096,2.095238095238096,21.0,0.0,0.0,1.0,0.0,0.0,1.0,0.0,3.0,0.8300135259099033,0.0,2.0,0.2423756567955892,0.0,0.0,1.0,1.0,7.0,0.5173967735844381,1.0,6.0,0.4752257635014097,0.0,0.0,0.9295357630128188,1.0,21.0,0.2578174125528851,0.0,0.0,0.9755513225726044,0.0,0.0,0.9548922539455084,0.0,5.0,0.3673323103368936
176.0,11,114.0,1.2391304347826086,11.30657985246718,92.0,495.0,5.380434782608695,70.0,0.7608695652173914,7,75.0,31.0,7.193300354267538,3.75,3.75,20.0,0.0,0.0,0.5145893924734035,0.0,7.0,0.879713176343907,2.0,5.0,0.3254138466329025,0.0,0.0,1.0,0.0,0.0,1.0,1.0,6.0,0.1731291642480581,1.0,17.0,0.6462501422599302,0.0,3.0,0.9948215595735306,1.0,30.0,0.3338051436221076,0.0,0.0,0.9638008450992366,0.0,0.0,1.0,2.0,7.0,0.3256880923602948
184.0,7,72.0,0.7578947368421053,10.874101497677978,95.0,548.0,5.768421052631579,53.0,0.5578947368421052,4,31.0,0.0,8.136330689728206,1.7222222222222223,1.7222222222222223,18.0,0.0,0.0,0.9611174925806764,0.0,7.0,0.1569118711050487,0.0,6.0,0.5939927067746678,0.0,0.0,0.9405860300954856,0.0,0.0,1.0,0.0,0.0,1.0,0.0,0.0,0.3416120315112008,0.0,0.0,0.9748572297818068,3.0,17.0,0.3018460972280947,0.0,0.0,0.5539174124962832,0.0,0.0,1.0,1.0,1.0,0.0017479294870638
192.0,5,16.0,0.1818181818181818,11.655709484535386,88.0,543.0,6.170454545454546,0.0,0.0,5,36.0,5.0,8.995227135872497,1.7142857142857142,1.7142857142857142,21.0,1.0,10.0,0.5344039354226052,0.0,0.0,1.0,0.0,0.0,0.5410511744835511,0.0,0.0,1.0,0.0,0.0,1.0,0.0,0.0,1.0,1.0,5.0,0.4953947277949168,1.0,11.0,0.4543107131318523,1.0,3.0,0.7828793818637431,0.0,6.0,0.6352601571397005,0.0,0.0,1.0,1.0,1.0,0.1488695192547342
200.0,9,47.0,0.5053763440860215,11.78965481950682,93.0,542.0,5.827956989247312,0.0,0.0,5,57.0,21.0,10.141184297590462,2.28,2.28,25.0,0.0,0.0,1.0,1.0,5.0,0.0,1.0,8.0,0.4100129903228044,0.0,0.0,0.3236851943745625,0.0,3.0,0.9861084103264032,0.0,0.0,0.9915948595527933,1.0,1.0,0.0014298272155569,0.0,0.0,0.8976065615575017,1.0,10.0,0.6073587802351006,0.0,7.0,0.7087666560061888,0.0,0.0,1.0,1.0,23.0,0.6851138229020196
208.0,6,46.0,0.4842105263157895,11.545854253623384,95.0,562.0,5.91578947368421,20.0,0.2105263157894736,5,96.0,39.0,7.791216683657883,3.84,3.84,25.0,0.0,0.0,0.2061215370152986,0.0,2.0,0.4430750674218499,0.0,29.0,0.4530368096300143,0.0,0.0,0.5640590607698056,1.0,7.0,3.879221065216951e-05,0.0,3.0,0.6620912536074345,0.0,4.0,0.6535814803162765,0.0,3.0,0.972017152564642,2.0,22.0,0.2698645728137084,0.0,0.0,1.0,0.0,0.0,1.0,2.0,26.0,0.4761298443748008
216.0,15,70.0,0.7446808510638298,9.576382760095766,94.0,562.0,5.97872340425532,0.0,0.0,14,148.0,52.0,6.074342914434074,3.523809523809524,3.523809523809524,42.0,1.0,7.0,0.0,1.0,6.0,0.474093709276783,2.0,47.0,0.4458174856737389,1.0,1.0,0.5900918679688357,1.0,15.0,0.0,0.0,0.0,0.9131585848394884,5.0,21.0,0.0373314886546775,0.0,10.0,0.6518757672363732,1.0,9.0,0.3005375198057974,0.0,0.0,0.918364569954186,0.0,0.0,1.0,2.0,32.0,0.1996709761764731
224.0,11,65.0,0.6989247311827957,9.911290656636316,93.0,599.0,6.440860215053763,37.0,0.3978494623655914,10,108.0,0.0,7.796027899871746,3.6,3.6,30.0,1.0,15.0,0.0,0.0,11.0,0.7554881435574226,0.0,6.0,0.9323996480112232,1.0,4.0,0.4278867180007648,1.0,23.0,0.0,0.0,0.0,1.0,0.0,10.0,0.2606455510779614,2.0,12.0,0.4371520037085459,2.0,16.0,0.4567938573176225,0.0,0.0,0.9541729681092604,0.0,0.0,1.0,3.0,11.0,0.2717416832002773
232.0,16,146.0,1.5368421052631578,10.362421438027216,95.0,653.0,6.873684210526315,54.0,0.5684210526315789,14,189.0,81.0,6.185941928968154,4.973684210526316,4.973684210526316,38.0,2.0,25.0,0.1766155183733714,1.0,17.0,0.713075384192,1.0,8.0,0.049056414780002,3.0,20.0,0.0004058723480616,1.0,31.0,0.2078640475478104,0.0,8.0,0.6735482176361408,0.0,0.0,0.9347768788188062,1.0,17.0,0.5145528938847956,2.0,32.0,0.3369764944721144,0.0,1.0,0.9432604954501964,0.0,0.0,1.0,3.0,30.0,0.0
240.0,14,138.0,1.4526315789473685,9.88251584422205,95.0,698.0,7.347368421052631,45.0,0.4736842105263157,12,171.0,0.0,6.178259598227772,5.516129032258065,5.516129032258065,31.0,2.0,12.0,0.3096086503900118,1.0,24.0,0.451445157686401,0.0,3.0,0.6796786791379585,0.0,10.0,0.3848157622904546,0.0,0.0,1.0,2.0,9.0,0.3525357778757082,0.0,0.0,1.0,0.0,0.0,0.8550910909177254,4.0,59.0,0.2872828138926804,0.0,0.0,1.0,0.0,0.0,1.0,3.0,54.0,0.2489757870412555
248.0,13,152.0,1.5670103092783505,9.45644214290126,97.0,771.0,7.948453608247423,73.0,0.7525773195876289,12,212.0,41.0,5.477764002745141,6.235294117647059,6.235294117647059,34.0,3.0,34.0,0.0036660365531353,1.0,32.0,0.0,1.0,7.0,0.0,2.0,16.0,0.3292549733817936,0.0,0.0,0.4920415340594103,0.0,3.0,0.7386563146240024,0.0,2.0,0.7405874066237402,0.0,0.0,0.0108389213586558,4.0,94.0,0.2259752422647912,0.0,0.0,1.0,0.0,0.0,1.0,1.0,24.0,0.3179874365708489
256.0,17,165.0,1.71875,9.767151009705062,96.0,857.0,8.927083333333334,86.0,0.8958333333333334,15,237.0,25.0,6.916554820573967,6.405405405405405,6.405405405405405,37.0,1.0,14.0,0.4867503205381573,0.0,1.0,0.45896953152183,0.0,7.0,0.8922899054614716,0.0,5.0,0.5969114288592923,1.0,5.0,8.807757920959792e-05,2.0,8.0,0.4572351524158939,4.0,31.0,0.2798438570944093,1.0,8.0,0.3583083327873969,4.0,129.0,0.4665673677408364,0.0,0.0,1.0,0.0,0.0,1.0,2.0,29.0,6.82299856200287e-05
264.0,7,174.0,1.6730769230769231,10.551977313315748,104.0,908.0,8.73076923076923,51.0,0.4903846153846153,7,213.0,0.0,7.424101319209556,7.607142857142857,7.607142857142857,28.0,1.0,21.0,0.3930850216107981,1.0,7.0,2.5601721594316456e-05,0.0,3.0,0.6548050200725571,1.0,7.0,0.0,0.0,3.0,0.6780816943080772,0.0,6.0,0.7864944260961787,0.0,10.0,0.436987758821194,0.0,0.0,0.2428758905325896,4.0,151.0,0.0,0.0,0.0,0.5907852348640015,0.0,0.0,1.0,0.0,5.0,0.6005903584178318
272.0,14,76.0,0.7524752475247525,11.404102684332916,101.0,917.0,9.07920792079208,9.0,0.0891089108910891,13,165.0,0.0,8.271340775257766,4.342105263157895,4.342105263157895,38.0,3.0,37.0,0.1511883934630419,0.0,0.0,1.0,5.0,31.0,0.2853892614774326,1.0,18.0,0.4757478978676542,0.0,0.0,1.0,2.0,19.0,0.6034172576816613,2.0,22.0,0.6967008639424298,0.0,3.0,0.805854520348035,0.0,35.0,0.2445520158626183,0.0,0.0,1.0,0.0,0.0,1.0,0.0,0.0,0.6609987701473795
280.0,13,82.0,0.7663551401869159,10.074406350100018,107.0,941.0,8.794392523364486,24.0,0.2242990654205607,12,137.0,0.0,5.197325069844224,4.566666666666666,4.566666666666666,30.0,1.0,18.0,0.0914513659626064,0.0,0.0,0.4865326042543218,2.0,28.0,0.3608094661118612,0.0,0.0,1.0,0.0,0.0,0.1223440536269649,2.0,27.0,0.4317671719535362,5.0,16.0,0.1420963176387391,0.0,2.0,0.7681279104673685,0.0,36.0,0.4853121128082499,0.0,0.0,1.0,0.0,0.0,1.0,2.0,10.0,0.2242664603291811
288.0,12,83.0,0.8137254901960784,9.980902798624236,102.0,811.0,7.950980392156863,0.0,0.0,9,117.0,0.0,5.943800768786259,4.0344827586206895,4.0344827586206895,29.0,2.0,22.0,0.0399885631730774,0.0,0.0,1.0,4.0,51.0,0.1196361126518319,0.0,0.0,0.9814957279378528,0.0,0.0,1.0,0.0,4.0,0.7875424871582184,0.0,5.0,0.639912721272157,2.0,24.0,0.346182430671256,1.0,7.0,0.3040177621253645,0.0,0.0,0.4897732836894277,0.0,0.0,1.0,0.0,4.0,0.0917569461014628
296.0,11,107.0,1.009433962264151,10.64709282243757,106.0,910.0,8.584905660377359,99.0,0.9339622641509434,8,135.0,18.0,9.277776896201011,4.354838709677419,4.354838709677419,31.0,0.0,1.0,0.3007796496854678,0.0,0.0,1.0,5.0,84.0,0.1604840582433518,1.0,4.0,0.4861069463397334,0.0,0.0,1.0,1.0,13.0,0.5209804721237288,1.0,21.0,0.7319634628695081,0.0,6.0,0.7758510785311882,0.0,0.0,1.0,0.0,0.0,0.9078471040663696,0.0,0.0,1.0,0.0,6.0,0.6240234893870098
304.0,14,159.0,1.5742574257425743,10.628234455060277,101.0,806.0,7.98019801980198,0.0,0.0,12,174.0,39.0,6.551719927348192,5.2727272727272725,5.2727272727272725,33.0,2.0,13.0,0.0820312032037162,0.0,0.0,1.0,5.0,127.0,0.1402940020382788,0.0,3.0,0.9209536776252276,0.0,0.0,1.0,1.0,3.0,0.4720191803565366,0.0,3.0,0.266394247340546,2.0,5.0,0.3205441791105652,0.0,7.0,0.6356889787445822,1.0,3.0,0.5237460525594156,0.0,0.0,0.9363628261811126,1.0,10.0,0.4585941055147421
312.0,12,173.0,1.696078431372549,10.56324786755219,102.0,843.0,8.264705882352942,37.0,0.3627450980392157,11,209.0,35.0,7.761016644490805,5.358974358974359,5.358974358974359,39.0,2.0,13.0,0.0093087635260618,0.0,0.0,1.0,7.0,149.0,0.1231607807746649,0.0,0.0,0.8835793210929133,0.0,0.0,1.0,1.0,17.0,0.6990868109492314,0.0,5.0,0.628832937550327,0.0,7.0,0.5343691417381362,0.0,12.0,0.682708750530524,0.0,0.0,0.9348529799378672,1.0,3.0,0.5431344125053749,0.0,3.0,0.019976036569965
320.0,17,230.0,2.110091743119266,9.506169661478086,109.0,794.0,7.284403669724771,0.0,0.0,16,266.0,57.0,5.411602702196856,7.0,7.0,38.0,0.0,0.0,0.9203224776167398,0.0,0.0,1.0,6.0,184.0,0.0151714778308164,2.0,4.0,0.0028329986074003,0.0,0.0,0.5620771427922229,2.0,26.0,0.3082127587309609,0.0,0.0,1.0,0.0,6.0,0.4997909412988394,3.0,25.0,0.4111252676766709,0.0,0.0,1.0,1.0,1.0,0.4778430055195142,2.0,20.0,0.3146904889040932
328.0,21,339.0,3.0267857142857144,10.263069450339891,112.0,916.0,8.178571428571429,122.0,1.0892857142857142,18,353.0,87.0,6.567727661495473,7.844444444444444,7.844444444444444,45.0,1.0,4.0,0.1681179732607615,0.0,0.0,1.0,6.0,232.0,0.2858633658319751,0.0,0.0,0.6576473191537702,2.0,14.0,0.2232169674035477,2.0,41.0,0.4752483469187118,0.0,0.0,0.9788036509491814,1.0,8.0,0.6072957624412626,6.0,49.0,0.223681872388259,0.0,0.0,0.9753166041735116,0.0,0.0,0.5086766630896182,0.0,5.0,0.3879903288209858
336.0,23,367.0,3.247787610619469,8.754742300925027,113.0,1033.0,9.141592920353984,117.0,1.0353982300884956,21,387.0,34.0,4.792052190158986,8.0625,8.0625,48.0,2.0,9.0,0.3176263000925973,0.0,3.0,0.0231235441919301,8.0,291.0,0.2608085035879134,0.0,3.0,0.9423329655971204,2.0,27.0,0.1160652226329257,2.0,7.0,0.2041697340548079,0.0,13.0,0.821682971416005,1.0,3.0,0.0974220741826943,0.0,3.0,0.3281041205931936,1.0,2.0,0.4948968369071739,0.0,0.0,0.96562218610555,5.0,26.0,0.2409241547285637
344.0,12,88.0,0.7333333333333333,9.949163158497043,120.0,1141.0,9.508333333333333,108.0,0.9,9,258.0,0.0,7.217228751474303,7.166666666666667,7.166666666666667,36.0,3.0,28.0,0.1733217280858698,1.0,10.0,0.0,3.0,192.0,0.2440455398404109,1.0,7.0,0.181575523090616,0.0,0.0,1.0,0.0,0.0,0.7291429063615609,0.0,10.0,0.9985824912299712,0.0,0.0,0.898027894113308,0.0,3.0,0.8622224513115693,0.0,0.0,0.7305314114628679,1.0,1.0,0.0013641099374119,0.0,7.0,0.4633197286827035
352.0,16,117.0,1.017391304347826,10.54561353738862,115.0,1157.0,10.060869565217391,16.0,0.1391304347826087,16,305.0,47.0,5.381157688964332,7.82051282051282,7.82051282051282,39.0,4.0,52.0,0.0314191190205707,1.0,18.0,0.0,4.0,161.0,0.2616956470448043,0.0,0.0,1.0,0.0,1.0,0.0558383495396729,0.0,0.0,0.9765422734838398,0.0,3.0,0.9511012619514227,1.0,5.0,0.5409659396671151,1.0,6.0,1.8474011619555303e-05,1.0,22.0,0.5769317484662887,1.0,9.0,0.0,3.0,28.0,0.3723549191738062
360.0,11,42.0,0.3620689655172414,10.828549015166196,116.0,1239.0,10.68103448275862,82.0,0.7068965517241379,9,216.0,0.0,5.228823254639335,9.0,9.0,24.0,1.0,29.0,0.10134663570221,0.0,0.0,1.0,5.0,155.0,0.0040246204099881,0.0,0.0,1.0,0.0,0.0,0.5359258810560846,0.0,3.0,0.9700234589786518,0.0,0.0,1.0,1.0,3.0,0.000118290947605,1.0,2.0,0.1644197003934608,1.0,20.0,0.3899721438735786,0.0,0.0,1.0,0.0,4.0,0.6872049346705361
368.0,7,39.0,0.3391304347826087,11.499209659197124,115.0,1259.0,10.94782608695652,20.0,0.1739130434782608,5,137.0,0.0,5.73801552268759,6.227272727272728,6.227272727272728,22.0,2.0,29.0,0.3246886074546496,0.0,0.0,1.0,1.0,84.0,0.2983019214557397,0.0,0.0,1.0,0.0,0.0,1.0,0.0,4.0,0.4184031688614967,0.0,0.0,1.0,1.0,11.0,0.0,0.0,7.0,0.3633480494617613,0.0,0.0,0.5103393149115065,0.0,0.0,1.0,1.0,2.0,0.3986930875463368
376.0,15,82.0,0.7008547008547008,10.915887690330418,117.0,1316.0,11.247863247863249,57.0,0.4871794871794871,12,186.0,49.0,4.430533520418714,6.888888888888889,6.888888888888889,27.0,2.0,13.0,0.0902631138720891,0.0,14.0,0.7929579013649989,3.0,89.0,0.1974328418276666,0.0,0.0,1.0,0.0,0.0,1.0,1.0,11.0,0.2182667126008214,0.0,3.0,0.6822546439888733,1.0,19.0,0.3903672531226286,2.0,11.0,0.0005515015760542,0.0,3.0,0.8965279215363848,0.0,0.0,1.0,3.0,23.0,0.2483766436238539
384.0,13,121.0,1.0521739130434782,10.65174918078738,115.0,1277.0,11.104347826086956,0.0,0.0,8,152.0,0.0,6.615873871804083,5.62962962962963,5.62962962962963,27.0,4.0,36.0,0.1015416889776182,0.0,0.0,1.0,0.0,44.0,0.2471626550509317,0.0,0.0,1.0,0.0,0.0,1.0,0.0,4.0,0.9951989395711132,0.0,3.0,0.8623165598967559,1.0,27.0,0.2358078772613011,2.0,27.0,0.0,0.0,0.0,1.0,0.0,0.0,0.8996487077922195,1.0,11.0,0.4850595794148654
392.0,19,147.0,1.2457627118644068,11.169109637834191,118.0,1363.0,11.55084745762712,86.0,0.7288135593220338,14,173.0,21.0,7.216117259172472,5.242424242424242,5.242424242424242,33.0,2.0,20.0,0.3731776123415116,0.0,18.0,0.998843447700822,3.0,48.0,0.199133407652951,1.0,0.0,0.4960851977075081,0.0,0.0,0.1882577834718257,0.0,3.0,0.9392520386643992,0.0,3.0,0.7574439295398342,1.0,38.0,0.701745411672059,1.0,2.0,0.2944536171614803,0.0,0.0,1.0,0.0,0.0,0.9257420873239984,6.0,41.0,0.1335785131408343
400.0,9,154.0,1.3162393162393162,11.472922732123145,117.0,1383.0,11.82051282051282,20.0,0.1709401709401709,6,118.0,0.0,8.228214991169416,4.37037037037037,4.37037037037037,27.0,4.0,35.0,5.477562920453154e-06,0.0,3.0,0.9744312851148276,0.0,15.0,0.5579048697584104,0.0,0.0,0.6319697869470519,0.0,4.0,0.4846343571591818,1.0,9.0,0.5759123816105604,0.0,0.0,0.5373116521292386,1.0,47.0,0.6400987444930216,0.0,3.0,0.5628590353570692,0.0,0.0,1.0,0.0,0.0,1.0,0.0,2.0,0.3653172429626049
408.0,17,142.0,1.2347826086956522,10.623218123981568,115.0,1364.0,11.860869565217392,0.0,0.0,15,131.0,13.0,6.055834943152012,3.4473684210526314,3.4473684210526314,38.0,2.0,13.0,0.004721385069444,0.0,3.0,0.9858924883810584,6.0,35.0,0.2141288588277689,0.0,7.0,0.6120532260602333,0.0,0.0,0.8969187482904629,4.0,17.0,0.1925231697389979,1.0,5.0,0.4701639301230946,2.0,51.0,0.2430259191176042,0.0,0.0,0.58122379923795,0.0,0.0,0.7276619882504212,0.0,0.0,1.0,0.0,0.0,0.9739060801283784
416.0,14,180.0,1.69811320754717,10.574535741877725,106.0,1406.0,13.264150943396226,42.0,0.3962264150943396,9,192.0,61.0,8.234590217220465,6.0,6.0,32.0,1.0,9.0,0.0,0.0,0.0,1.0,0.0,46.0,0.5945765809303616,2.0,9.0,0.4944922212376614,0.0,0.0,1.0,3.0,47.0,0.3838601423314388,0.0,5.0,0.6149336965190174,2.0,65.0,0.3101034311695816,0.0,6.0,0.6575914350567097,1.0,5.0,0.4625618146200176,0.0,0.0,1.0,0.0,0.0,0.9249383953367756
424.0,19,171.0,1.6601941747572817,9.82499975961324,103.0,1415.0,13.737864077669904,9.0,0.087378640776699,15,200.0,8.0,6.264886086986446,5.714285714285714,5.714285714285714,35.0,1.0,20.0,0.1800533034734845,0.0,8.0,0.9670714917191564,3.0,63.0,0.4062212762690644,3.0,28.0,0.2411445606704924,0.0,0.0,1.0,1.0,14.0,0.3363315296726186,0.0,0.0,0.7685048715542769,1.0,19.0,0.4055386380183519,3.0,23.0,0.3102621852087774,2.0,19.0,0.0,0.0,0.0,1.0,1.0,6.0,0.6314793386259031
432.0,7,77.0,0.7475728155339806,10.508168100468293,103.0,1432.0,13.902912621359222,17.0,0.1650485436893204,7,166.0,0.0,7.0088128597275015,5.533333333333333,5.533333333333333,30.0,1.0,25.0,0.0,0.0,13.0,0.533688131703302,1.0,19.0,0.5382764918904381,0.0,11.0,0.5946302424653395,0.0,0.0,1.0,1.0,7.0,0.0,1.0,7.0,0.2933088487175534,1.0,23.0,0.6037129125089264,1.0,29.0,0.3211392281703128,0.0,0.0,1.0,0.0,0.0,1.0,1.0,32.0,0.3445917535405248
440.0,11,132.0,1.2815533980582523,11.58680732480886,103.0,1447.0,14.048543689320388,15.0,0.145631067961165,9,164.0,0.0,8.120981083777652,6.307692307692308,6.307692307692308,26.0,1.0,33.0,0.352019694381639,0.0,0.0,1.0,2.0,36.0,0.6269760543026385,1.0,4.0,0.0017434435764117,0.0,0.0,0.257928793378825,1.0,15.0,0.0,0.0,1.0,0.630862603427724,1.0,33.0,0.652064869327368,1.0,26.0,0.4903430010687761,0.0,0.0,1.0,0.0,0.0,1.0,2.0,16.0,1.145099050083306e-05
448.0,9,185.0,1.8877551020408163,12.383901172159357,98.0,1400.0,14.285714285714286,0.0,0.0,8,210.0,46.0,9.075353551092617,8.4,8.4,25.0,1.0,41.0,0.0,0.0,0.0,0.6765867542718885,2.0,49.0,0.2901463773813158,0.0,3.0,0.953651250563156,0.0,0.0,0.1121674356494568,1.0,23.0,0.0,0.0,0.0,0.9669597219767456,2.0,50.0,0.6282851745839383,2.0,41.0,0.0,0.0,0.0,0.9868050053672076,0.0,0.0,1.0,0.0,3.0,0.9296803764467276
456.0,8,145.0,1.4646464646464648,11.690587644907502,99.0,1361.0,13.747474747474747,0.0,0.0,8,184.0,0.0,8.580036930043004,5.575757575757576,5.575757575757576,33.0,1.0,52.0,0.3775961664183688,0.0,3.0,0.8734734173059067,0.0,15.0,0.5407609335719676,1.0,9.0,0.3389037524888345,1.0,7.0,0.0,1.0,33.0,0.7105477014480399,0.0,0.0,1.0,1.0,2.0,0.375729776478324,2.0,57.0,0.4733688313742212,1.0,2.0,0.0005633064330357,0.0,0.0,1.0,0.0,4.0,0.7371149560434224
464.0,17,217.0,2.3085106382978724,10.414806952853423,94.0,1216.0,12.936170212765957,0.0,0.0,16,239.0,55.0,5.180050675554717,7.966666666666667,7.966666666666667,30.0,2.0,66.0,0.4652579375572267,0.0,0.0,0.8449867865206729,2.0,10.0,0.0002912500470847,0.0,0.0,0.8386992167251248,1.0,1.0,0.0002614020731243,1.0,39.0,0.3929466165920152,0.0,0.0,0.8909230344993453,3.0,19.0,0.0049776197416615,3.0,83.0,0.3770261397639532,1.0,10.0,0.0,0.0,0.0,1.0,3.0,11.0,0.1741269510420574
472.0,14,142.0,1.4343434343434345,10.730780790208303,99.0,1279.0,12.91919191919192,63.0,0.6363636363636364,11,151.0,0.0,7.696132469143011,5.392857142857143,5.392857142857143,28.0,2.0,82.0,0.3373765620477276,0.0,0.0,0.8263525096626922,2.0,26.0,0.2289646195619484,0.0,0.0,1.0,0.0,0.0,0.8286285123825948,2.0,4.0,0.0028952928587038,1.0,4.0,0.4958093446141569,1.0,9.0,0.1420943066914897,2.0,5.0,0.3255046466744092,1.0,18.0,0.5751409555582657,0.0,0.0,0.9421321330669528,0.0,3.0,0.8365470233074616
480.0,13,212.0,2.32967032967033,11.438261247021485,91.0,1145.0,12.582417582417582,0.0,0.0,11,226.0,75.0,6.441570746720281,9.04,9.04,25.0,3.0,104.0,0.0,0.0,3.0,0.4879194604251688,3.0,51.0,0.3971125255551698,0.0,0.0,1.0,0.0,0.0,1.0,2.0,20.0,0.0,0.0,0.0,0.9468612190158916,1.0,17.0,0.0,0.0,0.0,0.9689217748209188,1.0,29.0,0.4062649345428454,0.0,0.0,0.9639806610022978,1.0,2.0,0.424457685219088
488.0,9,128.0,1.4222222222222225,10.889634572002668,90.0,1115.0,12.38888888888889,0.0,0.0,7,168.0,0.0,7.144327159328001,7.636363636363637,7.636363636363637,22.0,1.0,81.0,0.0,0.0,0.0,1.0,1.0,17.0,0.1522998275522817,0.0,0.0,1.0,0.0,4.0,0.9728248993398542,0.0,3.0,0.9035005470372702,0.0,0.0,0.2235754679197713,1.0,28.0,0.6425587103376811,0.0,0.0,0.9145769423349062,1.0,15.0,0.3636923281243986,0.0,0.0,0.9318932738249768,3.0,20.0,0.3306807357154528
496.0,7,144.0,1.5157894736842106,10.332269479502964,95.0,1032.0,10.863157894736842,0.0,0.0,6,200.0,32.0,6.652609673479808,7.6923076923076925,7.6923076923076925,26.0,1.0,92.0,0.2294565535090796,0.0,0.0,1.0,1.0,14.0,0.2157351536894094,0.0,3.0,0.9109746772005234,1.0,6.0,0.0014695409454201,0.0,3.0,0.1907466900853594,1.0,11.0,0.4606483128173878,1.0,33.0,0.4700044413611052,0.0,12.0,0.4623563094115476,1.0,9.0,0.0225890628129025,0.0,11.0,0.9686832110387458,0.0,6.0,0.7863314686163156
504.0,7,164.0,1.690721649484536,10.791884221424915,97.0,1018.0,10.494845360824742,0.0,0.0,7,183.0,0.0,6.480891927076549,7.32,7.32,25.0,3.0,109.0,0.0970851523951231,0.0,3.0,0.9049828189779124,1.0,7.0,0.0,0.0,0.0,1.0,1.0,14.0,0.0,0.0,0.0,0.6907585739747408,0.0,0.0,1.0,1.0,41.0,0.5488315296696252,0.0,3.0,0.4429283367268865,0.0,0.0,0.3303931946019486,0.0,0.0,0.9476475946051098,1.0,6.0,0.3857150172736835
512.0,10,98.0,1.0,10.513680917544512,98.0,973.0,9.928571428571429,0.0,0.0,9,110.0,0.0,6.447963620502545,5.0,5.0,22.0,2.0,20.0,0.3246797807079869,0.0,0.0,0.9660752170783434,0.0,0.0,0.521733958684387,0.0,0.0,1.0,1.0,22.0,0.0,0.0,0.0,0.1160502108107143,0.0,0.0,1.0,2.0,51.0,0.3250085680316819,3.0,13.0,0.5371390062624568,0.0,0.0,0.507133787900064,0.0,0.0,0.0133302741443859,1.0,4.0,4.3507610813635086e-05
520.0,13,107.0,1.0808080808080809,10.911894134429447,99.0,969.0,9.787878787878787,0.0,0.0,11,129.0,19.0,6.7982209574195664,4.03125,4.03125,32.0,2.0,29.0,0.2108606301575604,0.0,0.0,1.0,0.0,0.0,0.9247300096132206,0.0,0.0,0.7619751739583007,1.0,30.0,0.0992027239860192,0.0,3.0,0.9013805167955448,0.0,4.0,0.9661580122653434,0.0,1.0,0.546839559410259,6.0,43.0,0.1578622336977652,0.0,0.0,0.8092656382850723,0.0,0.0,1.0,2.0,19.0,0.3511547605641081
528.0,8,32.0,0.3368421052631579,11.04165642313594,95.0,919.0,9.673684210526316,0.0,0.0,7,47.0,0.0,7.622126591418841,1.88,1.88,25.0,1.0,3.0,0.0042619970689377,0.0,0.0,1.0,0.0,0.0,0.6175754021906059,1.0,5.0,0.0,0.0,5.0,0.2497010151396873,0.0,0.0,0.9223073760873384,0.0,3.0,0.8559271608516451,2.0,10.0,0.4421089404299355,1.0,13.0,0.664526234395891,0.0,0.0,1.0,0.0,0.0,1.0,2.0,8.0,0.0748831980226668
536.0,8,65.0,0.7222222222222222,11.614289274790352,90.0,797.0,8.855555555555556,0.0,0.0,6,76.0,29.0,8.543979934901985,2.7142857142857144,2.7142857142857144,28.0,0.0,6.0,0.4065382856560507,0.0,1.0,0.944718240512949,1.0,1.0,0.0005413315970329,0.0,6.0,0.8516861396639509,0.0,3.0,0.110002918196746,0.0,2.0,0.8222486745198121,0.0,3.0,0.9208128220636258,1.0,9.0,0.7584789052395818,2.0,21.0,0.0001386601455576,0.0,0.0,0.4714276760113906,0.0,0.0,1.0,2.0,24.0,0.2647357728159254
544.0,8,78.0,0.8387096774193549,11.667724580500597,93.0,829.0,8.913978494623656,32.0,0.3440860215053763,8,98.0,22.0,8.95561213546599,3.769230769230769,3.769230769230769,26.0,2.0,9.0,0.0776924823672347,0.0,0.0,1.0,1.0,10.0,0.7535067863363648,0.0,0.0,1.0,1.0,11.0,0.0,0.0,3.0,0.9499657289066124,1.0,8.0,0.4847633685491397,1.0,13.0,0.4633175523065887,2.0,37.0,0.5293604909083673,0.0,1.0,0.9464291500746876,0.0,0.0,1.0,0.0,6.0,0.9511333638718442
552.0,8,74.0,0.7956989247311828,11.652701474507971,93.0,747.0,8.03225806451613,0.0,0.0,8,89.0,0.0,5.554781224896103,4.684210526315789,4.684210526315789,19.0,0.0,0.0,1.0,0.0,0.0,0.9965827826682784,4.0,25.0,0.0008969184955914,0.0,0.0,1.0,1.0,19.0,0.0,0.0,0.0,0.95345284590686,1.0,13.0,0.6335145368746584,1.0,21.0,0.1015860754434589,1.0,7.0,0.1202689944028469,0.0,1.0,0.3595477024258429,0.0,0.0,1.0,0.0,3.0,0.9946236812262954
560.0,6,37.0,0.3814432989690721,11.34313034900334,97.0,681.0,7.020618556701031,0.0,0.0,6,49.0,0.0,6.911129559516538,2.5789473684210527,2.5789473684210527,19.0,1.0,4.0,0.2768859763968598,0.0,0.0,0.9929274492182224,0.0,0.0,0.3274883177482585,0.0,0.0,0.9915285483679276,1.0,27.0,0.0453135678267888,1.0,2.0,0.6206864498134734,2.0,9.0,0.13722847313831,0.0,0.0,1.0,1.0,7.0,0.5528589963775693,0.0,0.0,1.0,0.0,0.0,1.0,0.0,0.0,0.0287708628026677
568.0,11,85.0,0.8585858585858586,11.79183857977814,99.0,739.0,7.464646464646464,58.0,0.5858585858585859,10,110.0,61.0,8.549810863239411,4.230769230769231,4.230769230769231,26.0,2.0,18.0,0.0157022472975429,0.0,3.0,0.9513147119279726,0.0,0.0,0.8033565727525654,0.0,3.0,0.9567757012968694,1.0,35.0,0.0,3.0,15.0,0.0,0.0,7.0,0.800614197117454,0.0,0.0,0.934801946183636,3.0,21.0,0.3768970024848765,0.0,0.0,1.0,0.0,0.0,1.0,1.0,8.0,0.5903431351997827
576.0,11,150.0,1.4851485148514851,11.595963700515156,101.0,811.0,8.029702970297029,72.0,0.7128712871287128,11,190.0,80.0,7.152525343221369,6.333333333333333,6.333333333333333,30.0,4.0,46.0,0.0883322716330496,0.0,3.0,0.9789492322355188,0.0,0.0,0.5090353951030228,0.0,0.0,0.6315516510234332,1.0,43.0,0.0,3.0,39.0,0.1588548803991773,0.0,2.0,0.6315588080888328,0.0,5.0,0.98055963917816,2.0,32.0,0.0,0.0,2.0,0.899957294222457,0.0,0.0,1.0,1.0,18.0,0.3720467227870341
584.0,5,62.0,0.6262626262626263,10.990375505317608,99.0,828.0,8.363636363636363,17.0,0.1717171717171717,5,92.0,0.0,8.336704927152375,4.181818181818182,4.181818181818182,22.0,1.0,9.0,0.0,0.0,0.0,1.0,0.0,6.0,0.3544517561310843,1.0,5.0,0.0,0.0,0.0,0.3453313897999632,0.0,0.0,1.0,0.0,19.0,0.9411623811044628,0.0,0.0,1.0,2.0,48.0,0.564124431485246,1.0,2.0,0.103850800425265,0.0,0.0,1.0,0.0,3.0,0.9831595731621132
592.0,11,65.0,0.6632653061224489,10.873182487293546,98.0,832.0,8.489795918367347,4.0,0.0408163265306122,9,85.0,0.0,6.767964080578898,2.575757575757576,2.575757575757576,33.0,1.0,20.0,0.0524283785427596,0.0,0.0,1.0,5.0,34.0,0.2704177256360918,1.0,13.0,0.4838977462419658,0.0,6.0,0.4934989151792864,0.0,0.0,0.7252253428337594,0.0,6.0,0.4803670757211123,0.0,2.0,0.6812380655694789,1.0,3.0,0.0320390141323975,0.0,0.0,0.9266815458105676,0.0,0.0,0.924550267381464,1.0,1.0,0.644302393455193
600.0,11,77.0,0.77,10.71251786098118,100.0,832.0,8.32,0.0,0.0,11,105.0,20.0,5.903599723157378,3.75,3.75,28.0,3.0,35.0,0.000894804361474,0.0,0.0,0.7506795617751808,0.0,10.0,0.4369022613643804,2.0,23.0,0.000273641236903,0.0,0.0,1.0,0.0,0.0,0.5188950325780077,0.0,0.0,1.0,2.0,6.0,5.082339583798426e-05,0.0,3.0,0.5603301000900988,0.0,0.0,0.9429109021274268,0.0,0.0,0.9523682574024596,4.0,28.0,0.3418928143265576
608.0,9,114.0,1.175257731958763,11.08252043721498,97.0,805.0,8.29896907216495,0.0,0.0,7,127.0,22.0,7.0447587957801465,6.047619047619048,6.047619047619048,21.0,1.0,36.0,0.1178965184730411,0.0,6.0,0.6325312144350942,1.0,3.0,0.478806467433027,2.0,39.0,0.0,0.0,4.0,0.891279757388835,0.0,0.0,0.5972047024734255,0.0,0.0,1.0,0.0,0.0,0.6462580926807602,0.0,0.0,0.7150332940257819,0.0,0.0,1.0,0.0,0.0,1.0,3.0,39.0,0.2315747713399259
616.0,11,46.0,0.4742268041237113,10.915611500811837,97.0,782.0,8.061855670103093,0.0,0.0,7,63.0,0.0,8.05873078825952,2.739130434782609,2.739130434782609,23.0,1.0,5.0,0.2408974435981952,1.0,8.0,0.4694140014008234,1.0,11.0,0.4537177425526904,0.0,3.0,0.9244255642296144,1.0,5.0,0.00232358253741,1.0,11.0,0.6858872326972206,0.0,5.0,0.7544720247685034,0.0,0.0,0.928872554795437,0.0,3.0,0.0138085536214808,0.0,0.0,1.0,0.0,0.0,0.9464079290992948,2.0,12.0,0.4797101768729013
624.0,15,89.0,0.8811881188118812,10.432838991439828,101.0,856.0,8.475247524752476,74.0,0.7326732673267327,9,85.0,22.0,7.620765116958781,3.269230769230769,3.269230769230769,26.0,1.0,13.0,0.3180388027616324,1.0,10.0,0.0,1.0,2.0,0.1869324978658383,1.0,7.0,0.4993189339759376,1.0,13.0,0.0,3.0,28.0,0.3533902446962174,0.0,0.0,0.9287750182629092,0.0,0.0,0.9327531531694564,1.0,7.0,0.5848725916687304,0.0,0.0,0.916299731552482,0.0,1.0,0.925931997268478,0.0,4.0,0.5019087821665095
632.0,12,68.0,0.7010309278350515,9.901683467489416,97.0,862.0,8.88659793814433,6.0,0.0618556701030927,9,52.0,0.0,5.134197545607185,2.260869565217391,2.260869565217391,23.0,1.0,5.0,0.1111276356951901,1.0,18.0,0.0,0.0,0.0,1.0,0.0,0.0,1.0,0.0,0.0,1.0,1.0,4.0,0.409526903233206,1.0,0.0,0.6446067372373345,0.0,0.0,0.4666159167104455,2.0,9.0,0.0824986609563631,0.0,0.0,1.0,0.0,1.0,0.5164964766091237,3.0,15.0,0.200462274212145
640.0,7,85.0,0.8947368421052632,11.171861497874149,95.0,871.0,9.16842105263158,9.0,0.0947368421052631,4,64.0,12.0,9.19745520752396,2.909090909090909,2.909090909090909,22.0,0.0,3.0,0.4878643837803819,1.0,26.0,0.0,0.0,16.0,0.6059449360708469,0.0,0.0,1.0,0.0,0.0,1.0,1.0,8.0,0.4651305761294394,1.0,3.0,0.6433258328613718,1.0,5.0,0.7021294682626802,0.0,0.0,0.6585174842334116,0.0,0.0,1.0,0.0,0.0,0.9919822440632036,0.0,3.0,0.4961695713398258
648.0,11,57.0,0.6129032258064516,10.240752409811636,93.0,764.0,8.21505376344086,0.0,0.0,10,142.0,78.0,6.997508428270783,4.896551724137931,4.896551724137931,29.0,2.0,14.0,8.488822994589917e-05,0.0,39.0,0.7697462726796017,3.0,30.0,0.4362875556267938,0.0,7.0,0.7672276395748204,0.0,0.0,1.0,1.0,19.0,0.3299676636990181,1.0,5.0,0.6348594037295079,1.0,10.0,0.0820216410975601,2.0,16.0,0.2838102282043975,0.0,0.0,1.0,0.0,0.0,1.0,0.0,2.0,0.0438611640353815
656.0,12,78.0,0.7959183673469388,10.493302032614848,98.0,837.0,8.540816326530612,73.0,0.7448979591836735,10,129.0,0.0,7.140949676855271,4.607142857142857,4.607142857142857,28.0,1.0,19.0,0.0,1.0,38.0,0.4603147638516932,2.0,20.0,0.41536174927698,0.0,0.0,1.0,1.0,1.0,0.0058794793096384,1.0,2.0,0.3429743888009008,1.0,12.0,0.7271365948381021,0.0,7.0,0.5981378983401632,1.0,15.0,0.3958422134261469,0.0,0.0,0.511524841461758,0.0,0.0,1.0,2.0,15.0,0.3146728533446758
664.0,8,55.0,0.5729166666666666,10.138488313284562,96.0,783.0,8.15625,0.0,0.0,6,91.0,0.0,6.027555834419968,3.64,3.64,25.0,1.0,3.0,0.0431926929670469,1.0,46.0,0.4765162434672755,0.0,7.0,0.6408008036011839,0.0,0.0,1.0,0.0,0.0,0.132888164163322,0.0,3.0,0.8558677537064694,2.0,27.0,0.3044410967336477,1.0,1.0,0.005551714070918,1.0,4.0,0.2106234650035621,0.0,0.0,0.8498902515936594,0.0,0.0,1.0,0.0,0.0,1.0
672.0,9,50.0,0.5208333333333334,10.154987003504033,96.0,728.0,7.583333333333333,0.0,0.0,8,68.0,0.0,7.554744302590892,2.9565217391304346,2.9565217391304346,23.0,0.0,4.0,0.4930137893930446,1.0,3.0,0.0003972094835475,1.0,5.0,0.4718882178885449,0.0,0.0,0.9914073737299964,0.0,0.0,0.9218812664137918,2.0,7.0,0.0002384565807015,3.0,32.0,0.2404542446329689,1.0,9.0,0.0,0.0,2.0,0.6844527616267279,0.0,0.0,1.0,0.0,0.0,0.9662653510507604,0.0,6.0,0.9381636231436216
680.0,5,35.0,0.3846153846153846,10.002719593998362,91.0,711.0,7.813186813186813,0.0,0.0,4,51.0,0.0,5.721923641305775,2.833333333333333,2.833333333333333,18.0,0.0,0.0,0.014104702608191,1.0,11.0,0.0,2.0,19.0,0.4411526646570731,0.0,3.0,0.5191239694600313,0.0,0.0,1.0,0.0,3.0,0.9564175370149322,0.0,0.0,0.5011051919914121,0.0,7.0,0.3098597032313428,1.0,6.0,0.0227892588792021,0.0,0.0,1.0,0.0,0.0,1.0,0.0,2.0,0.9092171209436544
688.0,0,0.0,0.0,11.831345816003743,87.0,690.0,7.931034482758621,0.0,0.0,0,25.0,0.0,10.734570236994022,1.6666666666666667,1.6666666666666667,15.0,0.0,0.0,0.1702166980377258,0.0,3.0,0.960569287093885,0.0,5.0,0.2892642007896835,0.0,0.0,1.0,0.0,0.0,0.9781997887779476,0.0,9.0,0.6526682668475611,0.0,3.0,0.8568243180292223,0.0,0.0,0.9000444247455799,0.0,0.0,1.0,0.0,0.0,1.0,0.0,0.0,1.0,0.0,5.0,0.9416327227772716
696.0,4,14.0,0.1538461538461538,10.759672694027364,91.0,702.0,7.714285714285714,12.0,0.1318681318681318,4,40.0,15.0,6.652723235512455,1.5384615384615383,1.5384615384615383,26.0,1.0,6.0,0.3257326575306479,0.0,4.0,0.8077029044881795,1.0,13.0,0.3318133147224658,0.0,0.0,0.837686591446754,0.0,0.0,1.0,0.0,0.0,1.0,0.0,1.0,0.796661889358916,0.0,0.0,0.6643182981646377,0.0,3.0,0.3339126708045659,0.0,0.0,1.0,0.0,0.0,1.0,2.0,13.0,0.00819857493393
704.0,7,21.0,0.2413793103448276,10.608344950419829,87.0,675.0,7.758620689655173,0.0,0.0,6,72.0,32.0,7.617064338480008,2.3225806451612905,2.3225806451612905,31.0,2.0,8.0,0.2399364660262973,1.0,7.0,0.484339619167438,0.0,10.0,0.6414693188128512,1.0,4.0,0.0050389866269395,0.0,0.0,0.8087591188300315,0.0,2.0,0.618470879515945,2.0,10.0,0.3157391389119489,0.0,0.0,0.8394818205920238,0.0,0.0,1.0,0.0,0.0,0.982663234028934,0.0,0.0,1.0,0.0,31.0,0.1741958042944863
712.0,15,70.0,0.8433734939759037,9.53994316631747,83.0,659.0,7.939759036144578,0.0,0.0,14,107.0,35.0,5.107779596913855,3.821428571428572,3.821428571428572,28.0,4.0,35.0,0.0508106674467889,0.0,1.0,0.4906828892090427,2.0,13.0,0.3430902226747022,1.0,8.0,0.0,0.0,0.0,1.0,3.0,14.0,0.2483343894718735,1.0,1.0,0.0002368276044177,1.0,6.0,0.2747140389586072,0.0,0.0,0.845203316281351,0.0,2.0,0.8050640428405591,0.0,0.0,1.0,2.0,27.0,0.3455207575323267
720.0,16,168.0,1.9534883720930232,10.319082638060536,86.0,752.0,8.744186046511627,93.0,1.0813953488372092,16,198.0,91.0,6.391254211145295,6.1875,6.1875,32.0,4.0,56.0,0.0,0.0,4.0,0.5859262805787607,4.0,36.0,0.1233119996437317,1.0,19.0,0.4961825172969351,0.0,0.0,1.0,3.0,38.0,0.3084063936418068,1.0,9.0,0.0,2.0,27.0,0.6596858174938386,0.0,3.0,0.8959394893832204,1.0,6.0,0.7314289341769558,0.0,0.0,1.0,0.0,0.0,1.0
728.0,5,35.0,0.4022988505747126,11.080885795143804,87.0,804.0,9.241379310344827,52.0,0.5977011494252874,4,58.0,0.0,5.827387156608252,3.625,3.625,16.0,0.0,0.0,1.0,0.0,4.0,0.4616769378023427,0.0,15.0,0.3854210180690758,2.0,30.0,0.009716457490702,0.0,0.0,1.0,0.0,0.0,0.7367898912594589,0.0,0.0,1.0,1.0,6.0,0.4443115847812914,0.0,0.0,0.982494818046064,1.0,3.0,0.000104334624565,0.0,0.0,1.0,0.0,0.0,1.0
736.0,10,45.0,0.5056179775280899,10.725149818167376,89.0,796.0,8.9438202247191,0.0,0.0,8,72.0,14.0,6.559444052492396,3.4285714285714284,3.4285714285714284,21.0,0.0,4.0,0.3306538588075208,0.0,0.0,1.0,3.0,27.0,0.0107048760502185,1.0,0.0,0.0,0.0,0.0,1.0,1.0,11.0,0.6502436189865046,0.0,6.0,0.7553070920432796,1.0,8.0,0.4607040090567905,1.0,1.0,0.4651384757496173,1.0,11.0,0.0,0.0,0.0,1.0,0.0,4.0,0.7583710908878227
744.0,7,67.0,0.7528089887640449,11.048555785298936,89.0,837.0,9.404494382022472,41.0,0.4606741573033708,5,61.0,0.0,6.919572906414104,3.388888888888889,3.388888888888889,18.0,0.0,0.0,0.3430397477979782,0.0,0.0,0.9274901906728292,0.0,4.0,0.3688910952407689,0.0,3.0,0.6727106897839747,0.0,0.0,1.0,0.0,0.0,0.0144658821490066,1.0,8.0,0.2772915767479318,1.0,13.0,0.4905490138076189,1.0,9.0,0.462467341425736,1.0,19.0,0.4764734257463855,0.0,0.0,1.0,1.0,5.0,0.4840246881605106
752.0,11,89.0,1.0113636363636365,10.16875136112986,88.0,810.0,9.204545454545457,0.0,0.0,10,119.0,58.0,4.878556951847065,5.173913043478261,5.173913043478261,23.0,1.0,3.0,0.3995911675430925,0.0,15.0,0.9518943975892952,3.0,15.0,0.0019365620709683,0.0,0.0,1.0,1.0,3.0,0.3833051896562321,0.0,3.0,0.3389359466498792,0.0,0.0,0.911775181191996,1.0,21.0,0.0190251297612029,1.0,17.0,0.0,1.0,27.0,0.3177026454739713,0.0,0.0,1.0,2.0,15.0,0.1261250733834249
760.0,10,117.0,1.3928571428571428,10.425756242943647,84.0,685.0,8.154761904761905,0.0,0.0,8,132.0,13.0,7.997250122276214,5.28,5.28,25.0,1.0,11.0,0.0101079757057089,0.0,0.0,1.0,3.0,42.0,0.2258645432619294,0.0,0.0,1.0,0.0,0.0,1.0,0.0,5.0,0.9221595687200668,0.0,3.0,0.4574394681739374,0.0,0.0,0.6544287521569765,0.0,0.0,0.8402491358591849,2.0,42.0,0.0,0.0,0.0,1.0,2.0,29.0,0.5699666501353038
768.0,4,64.0,0.7619047619047619,10.864695414015706,84.0,660.0,7.857142857142857,0.0,0.0,4,79.0,0.0,7.465616626566566,3.590909090909091,3.590909090909091,22.0,0.0,3.0,0.6493602032256464,0.0,0.0,1.0,0.0,1.0,0.6367337634034175,0.0,2.0,0.8329709741733505,0.0,0.0,0.2900950779365789,0.0,0.0,0.5777838064485766,0.0,2.0,0.6426886268571641,0.0,0.0,1.0,0.0,4.0,0.4960929881655411,2.0,58.0,0.0,0.0,0.0,0.9703057380347349,2.0,9.0,0.2034293552139763
776.0,4,16.0,0.1904761904761904,10.548362729434649,84.0,593.0,7.059523809523809,0.0,0.0,3,34.0,0.0,8.008747271464967,1.4782608695652173,1.4782608695652173,23.0,1.0,11.0,0.0,0.0,0.0,1.0,1.0,6.0,0.4012144408967167,0.0,0.0,1.0,0.0,0.0,0.918027646464208,0.0,7.0,0.8783428909077806,0.0,0.0,0.9468814360787164,1.0,2.0,0.4168062821507338,0.0,5.0,0.1831464189781658,0.0,3.0,0.9336998445689147,0.0,0.0,0.984536635403288,0.0,0.0,0.8442889604471728
784.0,5,37.0,0.425287356321839,11.522536651014097,87.0,553.0,6.35632183908046,0.0,0.0,5,57.0,23.0,9.318239091832297,2.4782608695652173,2.4782608695652173,23.0,2.0,21.0,0.2338319541532027,0.0,0.0,0.380051699684365,1.0,14.0,0.4696796536036061,0.0,3.0,0.9595257062491716,0.0,0.0,0.9669733577335874,0.0,0.0,0.9694445699180336,0.0,3.0,0.950098178578207,0.0,0.0,0.9701544358400778,0.0,7.0,0.2028268840990098,0.0,0.0,0.9563908724187424,0.0,0.0,1.0,2.0,9.0,0.1122622729621495
792.0,8,36.0,0.4337349397590361,10.800482841795862,83.0,459.0,5.530120481927711,0.0,0.0,8,56.0,0.0,6.85745390338624,1.9310344827586208,1.9310344827586208,29.0,1.0,27.0,0.0,0.0,0.0,0.8257970414771736,0.0,0.0,1.0,2.0,7.0,0.000629821556047,1.0,3.0,0.3959161905417399,1.0,1.0,0.6286337185879031,0.0,3.0,0.7752756378767874,2.0,7.0,0.4361126027019067,0.0,7.0,0.3949793334289323,0.0,0.0,1.0,0.0,0.0,1.0,1.0,1.0,0.3522416096097567
800.0,14,83.0,0.988095238095238,10.04105503132952,84.0,485.0,5.773809523809524,26.0,0.3095238095238095,11,108.0,52.0,6.1074847916271215,4.153846153846154,4.153846153846154,26.0,1.0,35.0,0.4913592224520393,0.0,0.0,0.9418598666433472,0.0,3.0,0.7672054168321626,1.0,14.0,0.0,0.0,1.0,0.3702316182665598,0.0,0.0,0.862393985898926,3.0,14.0,0.2376893410639013,0.0,0.0,0.7562072602735226,5.0,35.0,0.0041798218731105,0.0,0.0,0.8021732954518802,0.0,0.0,1.0,1.0,6.0,0.478354272428067
808.0,13,108.0,1.35,9.719524479862446,80.0,532.0,6.65,47.0,0.5875,13,139.0,31.0,5.865455700281262,4.793103448275862,4.793103448275862,29.0,1.0,6.0,0.0,0.0,4.0,0.9412542166962894,0.0,3.0,0.0320136257189762,0.0,0.0,1.0,1.0,5.0,2.8844336265366636e-05,0.0,0.0,0.4905733465575467,1.0,18.0,0.6797326339777834,1.0,4.0,1.887508883887839e-05,7.0,92.0,0.1663313152924726,0.0,2.0,0.8770806554747157,0.0,0.0,1.0,2.0,5.0,0.4376101505819262
816.0,7,59.0,0.7564102564102564,10.710191634294777,78.0,536.0,6.871794871794871,4.0,0.0512820512820512,6,71.0,0.0,6.302731470378765,3.227272727272727,3.227272727272727,22.0,0.0,0.0,1.0,0.0,0.0,0.2404821473976363,1.0,8.0,0.0461811820605726,0.0,0.0,0.4150270277004382,1.0,1.0,0.0018296265497786,1.0,14.0,0.6832456561603576,2.0,25.0,3.72312955333341e-06,1.0,15.0,0.6271547755679209,0.0,6.0,0.2367024833965492,0.0,2.0,0.979219779561897,0.0,0.0,1.0,0.0,0.0,0.5628978149467927
824.0,5,28.0,0.3544303797468354,11.305988724182008,79.0,506.0,6.405063291139241,0.0,0.0,4,46.0,0.0,6.428230079021908,2.875,2.875,16.0,0.0,0.0,1.0,0.0,0.0,0.9509647749394338,0.0,0.0,0.7368352527501981,0.0,0.0,1.0,0.0,0.0,1.0,1.0,19.0,0.4763286624341503,0.0,3.0,0.536502075450799,1.0,8.0,0.3150685208508365,2.0,16.0,0.1978373288529485,0.0,0.0,1.0,0.0,0.0,1.0,0.0,0.0,1.0
832.0,7,26.0,0.3132530120481928,10.91080834628612,83.0,526.0,6.337349397590361,20.0,0.2409638554216867,5,49.0,3.0,7.602480803691392,2.5789473684210527,2.5789473684210527,19.0,1.0,3.0,3.385244342257582e-05,0.0,0.0,1.0,0.0,0.0,0.6496460518893935,0.0,0.0,1.0,0.0,0.0,1.0,1.0,8.0,0.0640186832715168,2.0,19.0,0.1030883139022657,0.0,3.0,0.5481970233899536,1.0,4.0,0.4957995033914277,0.0,3.0,0.5209925201652049,0.0,0.0,1.0,0.0,9.0,0.9423401981944872
840.0,6,38.0,0.4367816091954023,12.157371117854884,87.0,537.0,6.172413793103448,11.0,0.1264367816091954,4,53.0,4.0,10.892032355983416,2.409090909090909,2.409090909090909,22.0,0.0,0.0,1.0,0.0,0.0,1.0,2.0,16.0,0.4401663166612417,0.0,3.0,0.952124075576712,0.0,0.0,0.5466980725829078,1.0,9.0,0.0,0.0,1.0,0.9678984226038484,0.0,3.0,0.9776688936532528,1.0,16.0,0.6503048998283044,0.0,0.0,1.0,0.0,0.0,1.0,0.0,5.0,0.8869573983623249
848.0,8,62.0,0.7209302325581395,12.181865256710076,86.0,579.0,6.732558139534884,42.0,0.4883720930232558,7,70.0,17.0,7.62759788165596,3.333333333333333,3.333333333333333,21.0,0.0,0.0,1.0,0.0,0.0,1.0,2.0,19.0,0.2407218283597617,1.0,4.0,0.6366297693881383,2.0,9.0,0.0421573476266194,0.0,2.0,0.785406215758755,0.0,8.0,0.4261044274301495,0.0,0.0,0.9530169240369514,1.0,20.0,0.0,0.0,0.0,0.9838333243886012,0.0,0.0,1.0,1.0,8.0,0.6447748328543579
856.0,8,88.0,1.035294117647059,12.03555045524572,85.0,562.0,6.6117647058823525,0.0,0.0,6,79.0,9.0,9.795135865859114,3.4347826086956523,3.4347826086956523,23.0,0.0,0.0,0.5492451632297621,0.0,0.0,0.9021035369029966,0.0,0.0,0.8514304985071044,0.0,0.0,1.0,2.0,25.0,0.0,1.0,4.0,0.3427928257288663,0.0,0.0,1.0,0.0,0.0,0.608161183329047,1.0,28.0,0.0,1.0,1.0,0.6382146832001001,0.0,0.0,0.7029838720519461,1.0,21.0,0.6416362651777823
864.0,12,87.0,1.0875,9.89508806317785,80.0,519.0,6.4875,0.0,0.0,11,112.0,33.0,6.188433669745404,3.733333333333333,3.733333333333333,30.0,0.0,0.0,0.1455923729997263,0.0,0.0,0.9807980509740246,1.0,3.0,0.4128900209459249,0.0,0.0,1.0,0.0,0.0,1.0,1.0,12.0,0.0,0.0,0.0,0.9945652238495244,0.0,0.0,0.96006335562195,1.0,39.0,0.4687746131739638,0.0,0.0,1.0,0.0,0.0,0.9120074987783467,8.0,58.0,0.1085426450337461
872.0,14,130.0,1.6049382716049383,10.084129332186398,81.0,617.0,7.617283950617284,98.0,1.2098765432098766,13,148.0,36.0,7.299801672671785,4.625,4.625,32.0,0.0,0.0,1.0,0.0,0.0,0.96222569080517,3.0,20.0,0.4658898465820882,0.0,0.0,1.0,0.0,0.0,1.0,0.0,0.0,0.9075380731237568,0.0,0.0,1.0,0.0,4.0,0.9107375783018036,0.0,2.0,0.5540428103451958,0.0,0.0,1.0,0.0,0.0,0.9727310652990268,10.0,122.0,0.0611531799659305
880.0,1,19.0,0.2375,10.932100176214714,80.0,652.0,8.15,35.0,0.4375,0,28.0,0.0,9.174288270628184,1.75,1.75,16.0,0.0,3.0,0.748108175209997,0.0,0.0,0.4023964641972596,0.0,4.0,0.5660180947070901,0.0,0.0,1.0,0.0,2.0,0.3144373001846195,0.0,3.0,0.6179774745514174,0.0,0.0,0.9157901169218092,0.0,4.0,0.3131585890634181,0.0,0.0,0.7809213853428112,0.0,0.0,1.0,0.0,3.0,0.5054486705349063,0.0,9.0,0.6621767367571563
888.0,3,38.0,0.4691358024691358,12.328838943210862,81.0,620.0,7.654320987654321,0.0,0.0,2,20.0,0.0,8.076896164772192,1.818181818181818,1.818181818181818,11.0,0.0,0.0,0.3207392987629597,0.0,0.0,1.0,1.0,5.0,0.0224790624556202,0.0,0.0,0.5798274064288239,0.0,0.0,1.0,0.0,0.0,1.0,1.0,6.0,0.3089445898450688,0.0,3.0,0.1582566325922482,0.0,0.0,1.0,0.0,0.0,1.0,0.0,3.0,0.998853504705699,0.0,3.0,0.74455911435995
896.0,3,45.0,0.5555555555555556,11.963765168892454,81.0,600.0,7.407407407407407,0.0,0.0,2,30.0,10.0,10.519187551111468,1.875,1.875,16.0,0.0,0.0,0.4961447185894202,0.0,5.0,0.885771992088653,0.0,0.0,0.6131624235290605,0.0,0.0,0.4005179387869673,0.0,0.0,0.935181041103317,0.0,0.0,1.0,0.0,0.0,1.0,1.0,11.0,0.2872341437711577,0.0,10.0,0.6553139058726244,0.0,0.0,0.7147433703245396,0.0,0.0,1.0,1.0,4.0,0.6512066234156006
904.0,5,11.0,0.1341463414634146,11.622589958237162,82.0,603.0,7.353658536585366,3.0,0.0365853658536585,5,17.0,0.0,7.35838268024303,0.85,0.85,20.0,1.0,4.0,5.544444387775395e-06,0.0,0.0,1.0,0.0,0.0,0.0214150333458762,0.0,0.0,1.0,0.0,0.0,0.6575317878569023,0.0,3.0,0.4922943352942612,0.0,0.0,0.7343938710782634,0.0,0.0,0.9475920256862362,0.0,3.0,0.854388992348448,0.0,0.0,1.0,0.0,0.0,1.0,4.0,7.0,0.1496054519704363
912.0,14,55.0,0.632183908045977,9.88567199340335,87.0,652.0,7.494252873563219,49.0,0.5632183908045977,11,76.0,59.0,5.6491395241340685,2.6206896551724137,2.6206896551724137,29.0,2.0,15.0,0.0001043812894799,0.0,0.0,1.0,1.0,5.0,0.3694142646380217,0.0,3.0,0.5474583255842528,2.0,11.0,3.2002349908464064e-05,3.0,22.0,0.2914100687210506,0.0,3.0,0.7365473097957327,1.0,5.0,0.4371591173755255,1.0,7.0,0.2597428574014045,0.0,5.0,0.9680572103931968,0.0,0.0,1.0,1.0,0.0,0.0
920.0,5,47.0,0.5529411764705883,11.339128263944378,85.0,619.0,7.2823529411764705,0.0,0.0,5,60.0,0.0,8.801255660933329,3.333333333333333,3.333333333333333,18.0,0.0,0.0,1.0,0.0,0.0,1.0,0.0,4.0,0.8051212298882211,0.0,0.0,1.0,0.0,0.0,1.0,3.0,46.0,0.2384563584753528,1.0,3.0,0.0001291219278407,0.0,0.0,0.7926989819209131,0.0,0.0,1.0,0.0,0.0,0.7775183167845108,0.0,0.0,1.0,1.0,7.0,0.6292783414299261
928.0,6,18.0,0.216867469879518,10.7541636652498,83.0,608.0,7.325301204819277,0.0,0.0,6,51.0,0.0,7.183372731555078,1.9615384615384612,1.9615384615384612,26.0,1.0,5.0,0.3497148752664882,0.0,0.0,1.0,2.0,16.0,0.194623135818065,0.0,0.0,0.9020109175547598,0.0,4.0,0.6468066834613173,0.0,0.0,0.6853387177251322,0.0,7.0,0.6222298181644832,2.0,14.0,0.2455928102593616,0.0,0.0,0.9736021154692598,0.0,0.0,0.9828187621534578,0.0,0.0,1.0,1.0,5.0,3.743224961946454e-05
936.0,3,15.0,0.1875,11.468659301659894,80.0,605.0,7.5625,0.0,0.0,3,28.0,0.0,8.802227241903747,1.4,1.4,20.0,1.0,14.0,0.4579062973272723,0.0,0.0,1.0,0.0,0.0,0.4401693371762845,0.0,0.0,0.7410613910596929,0.0,0.0,0.2670123989689845,1.0,5.0,2.878968281729409e-05,0.0,3.0,0.7165294960699189,0.0,3.0,0.2510735380404036,1.0,3.0,1.855823427643572e-05,0.0,0.0,0.9464995294641132,0.0,0.0,1.0,0.0,0.0,0.8591017958239269
944.0,9,36.0,0.4864864864864865,11.167602655226409,74.0,486.0,6.567567567567568,0.0,0.0,7,61.0,33.0,9.035421035321248,2.772727272727273,2.772727272727273,22.0,0.0,0.0,1.0,0.0,0.0,1.0,2.0,8.0,4.4844086564057286e-05,1.0,4.0,2.368068219793201e-05,0.0,0.0,0.7898302045178227,1.0,4.0,0.4460067740315496,0.0,6.0,0.872749750897254,1.0,14.0,0.695540571314562,1.0,14.0,0.4919247137706078,0.0,0.0,1.0,0.0,0.0,0.9630725613604764,1.0,11.0,0.4599819460972624
952.0,9,62.0,0.7294117647058823,11.40978424029324,85.0,521.0,6.129411764705883,35.0,0.4117647058823529,7,84.0,23.0,8.904717355515098,3.230769230769231,3.230769230769231,26.0,0.0,0.0,1.0,0.0,10.0,0.7230168163091706,0.0,0.0,0.7637506649744951,1.0,15.0,0.6550343779929911,0.0,0.0,1.0,4.0,20.0,0.3732640023365348,0.0,3.0,0.9276441900091452,1.0,16.0,0.108891041509014,1.0,20.0,0.5369866778177075,0.0,0.0,0.951581811494347,0.0,0.0,1.0,0.0,0.0,0.8381397513222297
960.0,6,56.0,0.6363636363636364,11.154013753306144,88.0,508.0,5.7727272727272725,0.0,0.0,5,60.0,0.0,7.217353611984979,3.333333333333333,3.333333333333333,18.0,1.0,2.0,0.001019126903318,0.0,0.0,0.561080781394573,0.0,0.0,0.3884491331637311,1.0,20.0,0.0,0.0,0.0,1.0,0.0,5.0,0.4906719840991865,0.0,0.0,0.9316314762894377,1.0,1.0,0.4875439119652927,1.0,27.0,0.0,1.0,2.0,0.0005582529169009,0.0,0.0,1.0,0.0,3.0,0.8550283972928124
968.0,7,58.0,0.651685393258427,10.8354553291947,89.0,491.0,5.51685393258427,0.0,0.0,5,76.0,16.0,8.702364113534635,3.619047619047619,3.619047619047619,21.0,1.0,17.0,0.3325180245777809,0.0,9.0,0.6030139771758748,0.0,0.0,0.5458429894131479,1.0,0.0,0.4785302520322596,0.0,0.0,0.8598940017018825,2.0,12.0,0.4742253307759214,0.0,3.0,0.468183396196575,0.0,0.0,1.0,1.0,35.0,0.0,0.0,0.0,0.9776577271574272,0.0,0.0,1.0,0.0,0.0,1.0
976.0,8,73.0,0.8488372093023255,10.571425021195523,86.0,482.0,5.604651162790698,0.0,0.0,7,85.0,9.0,4.897884143300352,4.722222222222222,4.722222222222222,18.0,2.0,16.0,0.099653699113957,0.0,0.0,1.0,3.0,13.0,0.2444512112181364,0.0,0.0,0.3336197316392,0.0,0.0,1.0,0.0,2.0,0.6652298982410298,1.0,8.0,0.0,0.0,0.0,0.9634345376585008,1.0,43.0,0.2681049070008791,0.0,3.0,0.2470115125815143,0.0,0.0,1.0,0.0,0.0,0.2958264664104977
984.0,5,7.0,0.0804597701149425,11.198606648081311,87.0,513.0,5.896551724137931,31.0,0.3563218390804598,4,23.0,0.0,7.632801423126427,1.2105263157894737,1.2105263157894737,19.0,0.0,0.0,0.9718637970036876,0.0,1.0,0.513679704277047,0.0,0.0,0.5931161853316592,1.0,0.0,0.0,0.0,2.0,0.175941522824307,1.0,3.0,0.4415985710899265,0.0,7.0,0.6664879369190393,1.0,2.0,0.370395489362199,0.0,3.0,0.7392909366329735,0.0,0.0,1.0,0.0,0.0,1.0,1.0,5.0,0.1351212973107553
992.0,8,32.0,0.3855421686746988,11.418839671690243,83.0,484.0,5.831325301204819,0.0,0.0,6,43.0,20.0,7.751450385877715,2.0476190476190474,2.0476190476190474,21.0,0.0,0.0,0.3590391313241691,1.0,7.0,0.0,0.0,4.0,0.6649965408901988,0.0,0.0,1.0,1.0,9.0,0.0,2.0,13.0,0.4238127305954446,0.0,0.0,1.0,0.0,0.0,1.0,1.0,4.0,0.4831450460925518,0.0,0.0,1.0,0.0,0.0,1.0,1.0,6.0,0.4133881441173679
1000.0,8,51.0,0.6071428571428571,10.938850463052542,84.0,508.0,6.047619047619048,24.0,0.2857142857142857,6,65.0,22.0,7.377272417784209,2.9545454545454546,2.9545454545454546,22.0,1.0,4.0,0.0,1.0,15.0,0.0,1.0,11.0,0.3765703040966212,0.0,0.0,1.0,1.0,17.0,0.0,0.0,0.0,1.0,0.0,0.0,0.9793120411801328,0.0,0.0,0.9217880542414814,0.0,7.0,0.5276447208978062,0.0,0.0,1.0,0.0,0.0,0.9665866936008302,2.0,11.0,7.70982762504685e-06
1008.0,8,68.0,0.7906976744186046,10.631992665817153,86.0,488.0,5.674418604651163,0.0,0.0,6,73.0,8.0,8.0775264735403,3.65,3.65,20.0,0.0,0.0,0.6430476817239495,1.0,23.0,0.0,1.0,14.0,0.3971155480378974,0.0,0.0,0.5991706645773875,0.0,0.0,1.0,0.0,0.0,1.0,0.0,0.0,0.9714749434887796,1.0,5.0,0.0470765813113163,1.0,3.0,9.026374130302228e-05,0.0,0.0,1.0,0.0,0.0,0.9562653876072468,2.0,28.0,0.477535062446746
1016.0,11,117.0,1.481012658227848,10.972852733644627,79.0,366.0,4.632911392405063,0.0,0.0,9,130.0,57.0,6.832390513745498,6.190476190476191,6.190476190476191,21.0,0.0,0.0,1.0,1.0,31.0,0.0,3.0,25.0,0.177856495081985,0.0,0.0,0.9401638291439888,0.0,0.0,1.0,1.0,1.0,0.0031352347995162,0.0,0.0,1.0,1.0,16.0,0.4181322270104271,1.0,11.0,0.4628711419429856,0.0,0.0,1.0,0.0,0.0,0.4160745818547731,2.0,46.0,0.4769244134663672
1024.0,7,75.0,1.0135135135135136,11.079218760301822,74.0,374.0,5.054054054054054,8.0,0.1081081081081081,6,83.0,0.0,5.598501087597676,5.928571428571429,5.928571428571429,14.0,0.0,0.0,1.0,1.0,39.0,0.0,1.0,25.0,0.3013622459479635,1.0,5.0,0.0,0.0,0.0,1.0,1.0,0.0,0.0,0.0,0.0,1.0,0.0,0.0,0.9814378675490713,1.0,4.0,2.3561499905833736e-05,0.0,0.0,0.6145834632328221,1.0,7.0,0.169543453737301,0.0,3.0,0.84986954027167
1032.0,4,26.0,0.3291139240506329,11.32219844649969,79.0,407.0,5.151898734177215,33.0,0.4177215189873418,4,69.0,0.0,7.238987225325405,3.631578947368421,3.631578947368421,19.0,0.0,3.0,0.907697056794895,0.0,25.0,0.7338799208303811,2.0,18.0,0.3037229232960706,0.0,0.0,1.0,0.0,0.0,1.0,0.0,0.0,1.0,0.0,0.0,0.3198640526842531,0.0,3.0,0.581092334976046,0.0,0.0,1.0,1.0,5.0,0.4049945267107659,1.0,15.0,0.4776230867810049,0.0,0.0,0.1660854153848397
1040.0,8,47.0,0.5529411764705883,10.65738791914075,85.0,428.0,5.035294117647059,21.0,0.2470588235294117,7,76.0,7.0,6.964371380264963,2.923076923076923,2.923076923076923,26.0,1.0,8.0,0.4415842712229604,0.0,6.0,0.8288837936193559,2.0,12.0,0.2275819709301539,0.0,5.0,0.8934800346871934,0.0,0.0,1.0,0.0,0.0,0.4187275737628424,0.0,0.0,0.6524128600085637,1.0,16.0,0.2125950690851115,0.0,3.0,0.9195873200042723,2.0,20.0,0.0,0.0,0.0,0.863023276815559,1.0,6.0,0.2373344476165936
1048.0,9,68.0,0.7816091954022989,10.737750711860492,87.0,485.0,5.574712643678161,57.0,0.6551724137931034,8,83.0,7.0,4.9023836393509646,4.15,4.15,20.0,0.0,0.0,1.0,0.0,6.0,0.4835377273688745,4.0,19.0,0.111141415094855,0.0,1.0,0.9577403700906602,0.0,0.0,1.0,0.0,0.0,1.0,0.0,0.0,1.0,0.0,0.0,1.0,0.0,0.0,0.5404935188553058,2.0,36.0,0.0,0.0,0.0,0.500634797676875,2.0,21.0,0.2716647088214172
1056.0,8,9.0,0.1022727272727272,10.425277875669696,88.0,516.0,5.863636363636363,31.0,0.3522727272727273,5,38.0,0.0,6.723742012770262,1.7272727272727273,1.7272727272727273,22.0,0.0,0.0,1.0,0.0,0.0,1.0,0.0,6.0,0.6697919331665686,0.0,0.0,1.0,0.0,0.0,1.0,0.0,0.0,0.9226616757248318,0.0,3.0,0.8722751006188332,1.0,1.0,0.473311957159266,2.0,10.0,0.1919127622733592,0.0,0.0,0.9940159463652924,1.0,1.0,0.00465976280728,1.0,17.0,0.0884444167798476
1064.0,10,40.0,0.449438202247191,10.76223974859198,89.0,557.0,6.258426966292135,41.0,0.4606741573033708,10,82.0,44.0,5.983593221148824,2.827586206896552,2.827586206896552,29.0,0.0,0.0,0.0093193165968194,0.0,4.0,0.9391683570817928,2.0,14.0,0.2208054863751175,0.0,0.0,0.0950057669406998,0.0,0.0,1.0,1.0,3.0,0.4675310345713707,0.0,0.0,0.9578805939807966,0.0,0.0,0.2509728234269753,1.0,8.0,0.603405123630949,1.0,6.0,0.2213487705574048,0.0,0.0,0.9822702540928364,5.0,47.0,0.1443862198151664
1072.0,8,61.0,0.6853932584269663,11.51121057996101,89.0,562.0,6.314606741573034,5.0,0.0561797752808988,7,91.0,9.0,8.052341123815436,3.7916666666666665,3.7916666666666665,24.0,0.0,0.0,0.8484387387967869,0.0,0.0,1.0,1.0,11.0,0.6900247038294067,0.0,0.0,1.0,0.0,0.0,1.0,0.0,0.0,1.0,0.0,0.0,0.457105272127315,1.0,10.0,0.3004321912748578,1.0,10.0,0.2746975052752851,0.0,7.0,0.8881762404710517,0.0,0.0,1.0,4.0,53.0,0.0
1080.0,8,29.0,0.3333333333333333,11.397881274416289,87.0,542.0,6.2298850574712645,0.0,0.0,7,73.0,0.0,6.880619582226954,3.4761904761904763,3.4761904761904763,21.0,0.0,0.0,1.0,0.0,0.0,0.3625192338998674,1.0,4.0,0.3537835954305969,0.0,0.0,0.9158686053189256,0.0,0.0,0.4823518060987192,0.0,0.0,0.5690099629252836,0.0,0.0,0.9172626838916734,0.0,0.0,1.0,2.0,25.0,0.0129358414971923,2.0,12.0,0.282633276169164,0.0,3.0,0.9791642725357884,2.0,29.0,0.4316794873222559
1088.0,9,69.0,0.7666666666666667,10.50104433573068,90.0,593.0,6.588888888888889,51.0,0.5666666666666667,7,104.0,31.0,8.315498574635,3.851851851851852,3.851851851851852,27.0,0.0,0.0,0.5864823150466465,1.0,6.0,1.0595832874777673e-05,2.0,10.0,0.2313133163442628,0.0,8.0,0.7073341753926077,0.0,0.0,1.0,0.0,0.0,0.8198889668413181,0.0,1.0,0.8571571626676859,0.0,0.0,1.0,3.0,51.0,0.265025655970292,0.0,0.0,1.0,0.0,0.0,0.9807556545010824,1.0,28.0,0.6366179638511817
1096.0,11,75.0,0.8152173913043478,10.508757719938211,92.0,638.0,6.934782608695652,45.0,0.4891304347826087,10,112.0,8.0,5.518099381403367,4.869565217391305,4.869565217391305,23.0,1.0,4.0,0.0001171910305452,1.0,14.0,0.4855107735795537,2.0,25.0,0.1562103891522115,1.0,7.0,0.0,0.0,0.0,1.0,0.0,2.0,0.9116298532549956,0.0,0.0,0.9430922171918124,0.0,0.0,0.9381277833909052,1.0,10.0,0.2823265322061858,0.0,0.0,1.0,1.0,4.0,0.0001153842614269,3.0,46.0,0.0612283953338078
1104.0,14,100.0,1.075268817204301,10.018171695653455,93.0,700.0,7.526881720430108,62.0,0.6666666666666666,12,157.0,45.0,5.627601314554057,5.413793103448276,5.413793103448276,29.0,2.0,12.0,0.0,1.0,22.0,0.4727378648226084,2.0,17.0,0.2080723583319651,0.0,0.0,0.5096936039109901,0.0,0.0,0.9620249994843588,0.0,0.0,0.7734030534830721,0.0,3.0,0.4959408610497511,0.0,0.0,1.0,2.0,19.0,0.4338195638373132,0.0,5.0,0.7021821934557065,0.0,0.0,1.0,5.0,79.0,0.0252688537228542
1112.0,9,72.0,0.8181818181818182,10.873915929220953,88.0,726.0,8.25,26.0,0.2954545454545454,9,114.0,0.0,6.737559799442292,4.75,4.75,24.0,1.0,1.0,0.3378632330316272,0.0,3.0,0.7452204863324574,4.0,46.0,0.2400550096032386,0.0,0.0,0.9866077450353002,1.0,3.0,7.571024983152634e-05,2.0,8.0,0.4635334939226125,0.0,3.0,0.2773084100828381,0.0,2.0,0.9541505147134332,0.0,0.0,1.0,0.0,3.0,0.7058682062174506,0.0,0.0,1.0,1.0,45.0,0.1448538576837301
1120.0,9,77.0,0.8850574712643678,11.102725280094807,87.0,745.0,8.563218390804598,19.0,0.2183908045977011,6,114.0,0.0,9.275016759564764,4.56,4.56,25.0,0.0,0.0,0.6245591540128017,0.0,0.0,0.9510050533917048,3.0,45.0,0.2741618255619127,0.0,0.0,0.7827865532731191,0.0,0.0,0.0138854982974736,1.0,4.0,0.469682715660055,0.0,3.0,0.9558877064863318,0.0,2.0,0.8833659602202122,0.0,0.0,1.0,0.0,0.0,0.9941054039765748,0.0,0.0,1.0,2.0,60.0,0.4056846823453746
1128.0,8,24.0,0.2857142857142857,10.89463342225225,84.0,701.0,8.345238095238095,0.0,0.0,7,39.0,0.0,7.591460362714343,1.8571428571428568,1.8571428571428568,21.0,1.0,4.0,0.1202696164772002,0.0,0.0,1.0,1.0,8.0,0.5351226684372218,1.0,2.0,0.259022961322066,0.0,0.0,0.0232749199455481,3.0,18.0,0.2646716423618008,0.0,0.0,0.9232019381551672,0.0,0.0,0.917254825830708,0.0,4.0,0.943654694668656,0.0,0.0,0.1014872129235661,0.0,0.0,1.0,1.0,3.0,0.1189273644885383
1136.0,10,50.0,0.6024096385542169,10.919283789972134,83.0,706.0,8.506024096385541,5.0,0.0602409638554216,9,75.0,36.0,5.914411153493137,3.125,3.125,24.0,1.0,2.0,0.0013272255752213,0.0,0.0,1.0,1.0,20.0,0.478813505680991,0.0,0.0,1.0,1.0,8.0,0.4713853098154871,0.0,0.0,0.7563810006563696,0.0,6.0,0.908095051483905,1.0,4.0,0.448955132279816,4.0,27.0,0.1620667238283063,0.0,0.0,0.937568648242851,0.0,0.0,1.0,1.0,8.0,0.0
1144.0,6,61.0,0.7093023255813954,10.87676358337895,86.0,736.0,8.55813953488372,30.0,0.3488372093023256,6,97.0,22.0,6.016546531283288,3.88,3.88,25.0,1.0,1.0,0.0227561703597369,0.0,0.0,0.9189841530379396,1.0,27.0,0.3705215435767947,0.0,0.0,0.7619642938593394,2.0,19.0,1.5645888091822657e-05,0.0,0.0,1.0,0.0,10.0,0.8883464263129257,0.0,0.0,1.0,0.0,11.0,0.1451499111104989,0.0,0.0,1.0,0.0,0.0,0.9900864533025054,2.0,29.0,0.0690883921845202
1152.0,10,46.0,0.5411764705882353,10.488627256068236,85.0,739.0,8.694117647058823,3.0,0.0352941176470588,10,69.0,0.0,8.47898596837403,2.3793103448275863,2.3793103448275863,29.0,4.0,25.0,0.0002313518428552,0.0,0.0,1.0,1.0,7.0,0.4076619712173889,1.0,3.0,0.0034757317314751,0.0,0.0,0.9736788879344512,0.0,3.0,0.9746804105495211,1.0,2.0,0.0008071910614435,0.0,9.0,0.97360352338669,3.0,17.0,0.3348876955360136,0.0,3.0,0.2966534536327024,0.0,0.0,1.0,0.0,0.0,0.9261566456899906
1160.0,12,89.0,1.1265822784810129,10.775913869752598,79.0,656.0,8.30379746835443,0.0,0.0,10,99.0,30.0,5.686428784646236,4.5,4.5,22.0,4.0,61.0,0.0792318121218304,0.0,0.0,0.3745318886594758,0.0,0.0,1.0,2.0,19.0,0.0,1.0,4.0,0.0,0.0,0.0,0.9386059015880948,0.0,0.0,0.9351145862647828,0.0,0.0,1.0,2.0,11.0,0.2639342055357961,0.0,0.0,1.0,0.0,0.0,1.0,1.0,4.0,0.5628095879145844
1168.0,9,31.0,0.3875,10.773645516856972,80.0,680.0,8.5,24.0,0.3,9,65.0,0.0,7.233606645852856,2.708333333333333,2.708333333333333,24.0,1.0,11.0,0.0,0.0,0.0,0.8818091803065338,0.0,4.0,0.9404656212351898,0.0,3.0,0.3739990032228134,1.0,12.0,0.0,1.0,6.0,0.5056198525933219,4.0,9.0,0.0026107747456829,0.0,3.0,0.9120311904751276,1.0,13.0,0.4879184011956844,1.0,1.0,0.0030967244290488,0.0,3.0,0.9767207552043102,0.0,0.0,1.0
1176.0,13,89.0,1.0348837209302326,10.78251387947088,86.0,716.0,8.325581395348838,36.0,0.4186046511627907,11,116.0,51.0,5.862556171746215,5.043478260869565,5.043478260869565,23.0,0.0,0.0,1.0,0.0,0.0,1.0,1.0,8.0,0.1730197984427373,0.0,3.0,0.6726083229899362,1.0,20.0,0.0,1.0,6.0,0.6837809712104932,5.0,48.0,0.0,1.0,1.0,0.1870303657689102,1.0,19.0,0.0,0.0,0.0,0.6624500089278113,0.0,3.0,0.9410119503904744,1.0,8.0,0.4113695124436076
1184.0,8,30.0,0.3529411764705882,11.277464684439396,85.0,716.0,8.423529411764706,0.0,0.0,8,53.0,0.0,9.242557040005972,1.7666666666666666,1.7666666666666666,30.0,1.0,6.0,0.3820706105409314,0.0,0.0,1.0,0.0,7.0,0.8846322616718496,1.0,2.0,0.6233664096773349,1.0,5.0,0.0037268635505466,0.0,0.0,0.9282516503345668,0.0,0.0,0.9400558481653494,0.0,0.0,0.9305295689998228,0.0,0.0,0.4772027014691519,1.0,4.0,0.0,0.0,3.0,0.9506935914497996,4.0,26.0,0.1545232666048169
1192.0,8,38.0,0.4269662921348314,10.84758879952089,89.0,732.0,8.224719101123595,16.0,0.1797752808988764,6,60.0,7.0,8.836267248859052,2.3076923076923075,2.3076923076923075,26.0,1.0,13.0,0.2892831460907022,0.0,0.0,1.0,2.0,4.0,0.2605603781612945,2.0,13.0,0.0001008648365782,0.0,0.0,1.0,1.0,13.0,0.6539453910909736,0.0,3.0,0.6859033666864541,0.0,3.0,0.7822943872506011,0.0,7.0,0.5505228144895982,0.0,0.0,1.0,0.0,0.0,1.0,0.0,4.0,0.9223948060378048
1200.0,10,62.0,0.7126436781609196,11.340558077830604,87.0,646.0,7.425287356321839,0.0,0.0,10,75.0,15.0,6.306039008458249,3.125,3.125,24.0,3.0,32.0,1.7553097613916444e-05,1.0,2.0,0.0014595942546295,1.0,10.0,0.6492487729903674,0.0,0.0,0.3830370969139813,0.0,2.0,0.125661031458055,3.0,19.0,4.419736180675301e-05,0.0,0.0,1.0,1.0,2.0,0.6038652198713866,1.0,4.0,0.6387976624082096,0.0,0.0,0.6181824194079242,0.0,0.0,1.0,0.0,4.0,0.941997089542446
1208.0,7,45.0,0.5113636363636364,11.049669319611722,88.0,678.0,7.704545454545454,32.0,0.3636363636363636,5,59.0,0.0,8.166449691649843,2.95,2.95,20.0,0.0,0.0,1.0,0.0,4.0,0.9318376184092028,2.0,21.0,0.314700330094922,1.0,5.0,0.5553242509261371,0.0,0.0,1.0,0.0,0.0,1.0,0.0,3.0,0.1693649538896559,1.0,10.0,0.6531645808233587,1.0,12.0,0.1783232612360125,0.0,0.0,0.7255737166633588,0.0,3.0,0.9416571416172346,0.0,1.0,0.9349743195013812
1216.0,6,28.0,0.3255813953488372,11.911162401999787,86.0,500.0,5.813953488372093,0.0,0.0,5,62.0,3.0,9.791546862442672,2.952380952380953,2.952380952380953,21.0,0.0,7.0,0.7789511113190807,0.0,0.0,0.9335065497981532,1.0,12.0,0.4027260717729696,1.0,3.0,0.0009357500483905,0.0,0.0,1.0,0.0,7.0,0.736303163684665,0.0,3.0,0.9854430387008782,0.0,0.0,0.6338598338957383,2.0,24.0,0.4690108248928216,1.0,6.0,0.4948494257792094,0.0,0.0,1.0,0.0,0.0,1.0
1224.0,10,65.0,0.7065217391304348,11.598163871546737,92.0,498.0,5.413043478260869,0.0,0.0,8,72.0,10.0,8.534475804897495,2.4827586206896552,2.4827586206896552,29.0,1.0,4.0,0.0547686165518225,0.0,0.0,1.0,1.0,7.0,0.684148229475556,1.0,1.0,0.0026585249681354,0.0,0.0,0.55000437632698,1.0,5.0,0.5420717623515311,0.0,0.0,0.245281748823192,1.0,4.0,0.6703367228061935,2.0,37.0,0.570491502293055,1.0,14.0,0.0,0.0,0.0,1.0,0.0,0.0,0.935351657258027
1232.0,9,50.0,0.5154639175257731,10.652329286773057,97.0,493.0,5.082474226804123,0.0,0.0,9,68.0,0.0,6.852274196606403,2.193548387096774,2.193548387096774,31.0,3.0,15.0,0.2048449905092599,0.0,3.0,0.7449009410657446,1.0,8.0,0.6383030966034114,0.0,0.0,1.0,0.0,0.0,0.0103530683283694,1.0,12.0,0.567678896360485,0.0,3.0,0.5440114275454456,3.0,19.0,0.130544859762091,1.0,8.0,0.2173150670160432,0.0,0.0,0.9633758933996396,0.0,0.0,1.0,0.0,0.0,1.0
1240.0,7,38.0,0.3877551020408163,10.311665457595678,98.0,457.0,4.663265306122449,0.0,0.0,4,48.0,0.0,7.972106412073341,2.0869565217391304,2.0869565217391304,23.0,1.0,10.0,0.0,0.0,0.0,0.834975972883768,1.0,7.0,0.3338395178442234,0.0,3.0,0.7293140625826137,0.0,0.0,1.0,1.0,20.0,0.7089763015233239,0.0,0.0,0.0250314167131139,0.0,0.0,0.9315652909862936,1.0,8.0,0.0077261551068794,0.0,0.0,0.1737277866753681,0.0,0.0,1.0,0.0,0.0,0.9867788406448658
1248.0,9,41.0,0.3942307692307692,10.829159636523965,104.0,485.0,4.663461538461538,28.0,0.2692307692307692,9,74.0,26.0,7.302049282017788,2.1142857142857143,2.1142857142857143,35.0,1.0,2.0,0.0564088885675781,0.0,3.0,0.9225655735374478,2.0,19.0,0.0,2.0,10.0,0.4833961121163169,1.0,2.0,0.0057414661304632,0.0,10.0,0.7110267940098505,1.0,12.0,0.4838036501252817,0.0,6.0,0.8312542259770993,0.0,4.0,0.5103027818268087,0.0,0.0,0.6446966611290315,0.0,0.0,1.0,2.0,6.0,0.283785063953839
1256.0,10,64.0,0.5714285714285714,10.999273636767652,112.0,553.0,4.9375,68.0,0.6071428571428571,9,92.0,18.0,7.482673892722143,2.967741935483871,2.967741935483871,31.0,0.0,0.0,0.4528669173860563,0.0,0.0,0.722956457122167,0.0,0.0,1.0,3.0,32.0,0.2237220674689175,0.0,0.0,0.213526765445709,1.0,6.0,0.6550656649470515,1.0,16.0,0.4828653580362029,2.0,11.0,0.3329034349772556,2.0,14.0,0.3786806888991429,0.0,0.0,1.0,0.0,4.0,0.9552315928064052,0.0,9.0,0.5497549140744452
1264.0,13,66.0,0.5454545454545454,10.153274606448806,121.0,600.0,4.958677685950414,47.0,0.3884297520661157,12,75.0,0.0,5.064556809785733,2.5,2.5,30.0,0.0,2.0,0.1494479227109515,0.0,0.0,0.6059055216983551,0.0,0.0,0.9338448446019114,1.0,1.0,0.1985966749122463,0.0,0.0,1.0,1.0,11.0,0.1108871801057755,0.0,0.0,0.4052056835228682,2.0,5.0,0.3597300242682526,5.0,39.0,0.0009077517475233,0.0,0.0,0.7265901157382073,0.0,4.0,0.993572695816935,3.0,13.0,0.1382817603288758
1272.0,15,47.0,0.3852459016393442,10.868817811259753,122.0,613.0,5.024590163934426,13.0,0.1065573770491803,10,56.0,0.0,5.888339575937609,2.1538461538461537,2.1538461538461537,26.0,2.0,15.0,0.0,1.0,5.0,0.7057750384796484,0.0,0.0,0.4479241412254241,2.0,11.0,0.1399895327673994,0.0,0.0,1.0,0.0,0.0,0.562704878302347,1.0,0.0,0.0,2.0,9.0,0.4926692407760218,0.0,4.0,0.5661066637669334,1.0,5.0,0.0,0.0,0.0,1.0,1.0,7.0,0.3194932663701308
1280.0,18,106.0,0.905982905982906,10.620057216103971,117.0,614.0,5.247863247863248,1.0,0.0085470085470085,13,124.0,68.0,7.15086711237533,3.263157894736842,3.263157894736842,38.0,0.0,3.0,0.7454883844139545,1.0,15.0,0.4337657139916859,3.0,37.0,0.3603423835277664,3.0,32.0,2.2321845973999714e-06,0.0,0.0,1.0,1.0,4.0,0.0,1.0,1.0,0.2782336834641299,1.0,8.0,0.7156231773353046,0.0,2.0,0.9390880248509448,1.0,13.0,0.3892016813504907,0.0,0.0,1.0,2.0,9.0,0.3676229284657938
1288.0,15,80.0,0.6299212598425197,10.275008368433992,127.0,703.0,5.535433070866142,89.0,0.7007874015748031,10,68.0,0.0,7.124610364767971,2.3448275862068964,2.3448275862068964,29.0,0.0,0.0,1.0,0.0,13.0,0.6024997396677158,0.0,3.0,0.6228162203216432,0.0,0.0,0.7342568000545628,0.0,0.0,0.3820200698636986,0.0,0.0,0.5756835707701135,0.0,0.0,0.9680637488122344,2.0,10.0,0.4855721524813077,0.0,0.0,0.998352072367834,1.0,2.0,2.147950106572928e-05,0.0,0.0,1.0,7.0,40.0,0.1158739797627428
1296.0,17,96.0,0.7058823529411765,10.06379620781874,136.0,776.0,5.705882352941177,73.0,0.5367647058823529,14,128.0,60.0,5.617823014448492,2.976744186046512,2.976744186046512,43.0,0.0,0.0,0.4573410118037385,2.0,23.0,7.094521316165053e-05,2.0,14.0,0.4328451824405091,3.0,10.0,0.2482918654259518,1.0,1.0,0.1399769244658167,1.0,8.0,0.4800804055349132,1.0,3.0,7.491477297852004e-05,3.0,38.0,0.2115036917558961,1.0,4.0,0.3269203451471867,0.0,4.0,0.7549341017536588,0.0,5.0,0.8123243244324787,0.0,18.0,0.3888469115681104
1304.0,13,97.0,0.7238805970149254,10.546298801881296,134.0,844.0,6.298507462686567,68.0,0.5074626865671642,8,104.0,0.0,7.683690916176145,3.466666666666667,3.466666666666667,30.0,0.0,0.0,0.3730589605841233,2.0,43.0,0.2546724894664619,2.0,14.0,0.369849800274216,1.0,11.0,0.3481668691299938,0.0,0.0,1.0,1.0,13.0,0.0,0.0,0.0,0.7926782198233226,0.0,3.0,0.7157938837543094,0.0,0.0,1.0,1.0,7.0,0.0002141762044084,0.0,5.0,0.9529596492759516,1.0,8.0,0.4808810557617534
1312.0,16,119.0,0.8623188405797102,10.442693951086165,138.0,907.0,6.572463768115942,63.0,0.4565217391304347,14,136.0,32.0,6.622691081286107,3.238095238095238,3.238095238095238,42.0,1.0,2.0,0.4903635727695771,0.0,5.0,0.752568995275515,4.0,30.0,0.1814251971781606,2.0,12.0,0.2014002227811773,0.0,0.0,0.7268114522227668,1.0,22.0,0.2985441375950309,1.0,10.0,0.6213323989775208,2.0,11.0,0.4125135640174561,0.0,4.0,0.8208307746444273,1.0,21.0,0.4987920794241705,0.0,5.0,0.1458171837407655,2.0,14.0,0.2369192395971025
1320.0,16,187.0,1.385185185185185,10.634381699058777,135.0,940.0,6.962962962962963,33.0,0.2444444444444444,14,188.0,52.0,7.317423011257714,4.476190476190476,4.476190476190476,42.0,0.0,0.0,0.1377666375340472,1.0,12.0,0.4717800996315117,8.0,89.0,0.103792383778372,3.0,35.0,0.3866193467248133,0.0,0.0,1.0,1.0,32.0,0.7244888617253158,0.0,0.0,0.6912272897806812,0.0,2.0,0.6527909544081826,0.0,0.0,0.9748046492460318,0.0,3.0,0.6223892445618564,1.0,13.0,0.4681493761586283,0.0,2.0,0.9068368587781008
1328.0,11,84.0,0.6222222222222222,10.633325233669602,135.0,969.0,7.177777777777778,29.0,0.2148148148148148,8,63.0,0.0,7.652132931712269,1.75,1.75,36.0,1.0,1.0,0.06714624362073,0.0,0.0,0.9489712042011456,0.0,4.0,0.540845194916001,0.0,12.0,0.7390112522636433,0.0,0.0,1.0,1.0,8.0,0.4822813889990778,0.0,0.0,0.8451901625584514,1.0,14.0,0.4652961707414299,2.0,11.0,0.2092885856680007,0.0,0.0,1.0,2.0,6.0,0.0008472545047551,1.0,7.0,0.7270202364540352
1336.0,13,36.0,0.2647058823529412,10.65848596463085,136.0,968.0,7.117647058823529,0.0,0.0,12,154.0,91.0,6.378599425933245,3.6666666666666665,3.6666666666666665,42.0,1.0,1.0,0.2830758001971293,1.0,80.0,0.5084177283528295,0.0,3.0,0.947182704564651,3.0,22.0,0.0004904561019554,0.0,0.0,1.0,1.0,14.0,0.6097751515881539,1.0,7.0,0.5964318113607986,0.0,0.0,0.4557311370927042,0.0,0.0,0.9697148557911256,0.0,0.0,1.0,0.0,0.0,0.6294961292079702,5.0,27.0,0.1673414949332379
1344.0,23,114.0,0.8382352941176471,10.358587709013076,136.0,1010.0,7.426470588235294,42.0,0.3088235294117647,16,160.0,6.0,7.476016520130012,3.333333333333333,3.333333333333333,48.0,1.0,7.0,0.4805063425252308,0.0,0.0,0.9362236479505636,1.0,13.0,0.4526994191391857,2.0,38.0,0.4810082806170606,0.0,0.0,0.0086266945590945,5.0,38.0,0.2174639289296331,3.0,30.0,0.515583870941983,0.0,0.0,0.6348456747143,1.0,6.0,0.4453478143096446,0.0,4.0,0.7733381152632166,1.0,5.0,0.487668487062352,2.0,19.0,0.3666817010571974
1352.0,18,109.0,0.8014705882352942,10.427618205238335,136.0,1056.0,7.764705882352941,46.0,0.3382352941176471,13,131.0,0.0,6.494836109557598,3.358974358974359,3.358974358974359,39.0,0.0,0.0,1.0,0.0,0.0,0.996296020359646,1.0,9.0,0.4847797343230066,0.0,6.0,0.8787655334282533,0.0,2.0,0.7600712044633198,0.0,23.0,0.5468453202299977,0.0,5.0,0.3720477832217853,1.0,8.0,0.4989837121522444,5.0,34.0,0.0390116604180464,1.0,6.0,0.4764043454811767,2.0,17.0,0.287708355127023,3.0,21.0,0.2465200101775361
1360.0,24,190.0,1.3768115942028984,9.41073099626992,138.0,1084.0,7.855072463768116,28.0,0.2028985507246377,16,203.0,72.0,6.744533068765914,4.511111111111111,4.511111111111111,45.0,1.0,4.0,0.1524762028823415,0.0,0.0,0.8210698502097188,0.0,9.0,0.6067227120391088,0.0,0.0,1.0,0.0,0.0,1.0,2.0,32.0,0.5579905846065403,2.0,19.0,0.3265899770781986,0.0,10.0,0.768010197953345,7.0,81.0,0.2684928624790611,0.0,0.0,0.9322381759263736,3.0,40.0,0.2475723078710887,1.0,8.0,0.2317144124631211
1368.0,17,144.0,1.006993006993007,10.11776104313762,143.0,1199.0,8.384615384615385,115.0,0.8041958041958042,12,92.0,0.0,8.412373080554326,2.421052631578948,2.421052631578948,38.0,1.0,1.0,0.4703844013586752,1.0,6.0,0.6250525980031029,5.0,31.0,0.1267795359491907,0.0,3.0,0.8908630174942896,0.0,0.0,1.0,3.0,10.0,1.209394191073e-05,0.0,8.0,0.5345170890226192,1.0,4.0,0.7135402814062108,1.0,18.0,0.5178083933628548,0.0,0.0,0.931723856208744,0.0,5.0,0.8338839259038658,0.0,6.0,0.9580157851037612
1376.0,12,52.0,0.3714285714285714,11.081990148547,140.0,1137.0,8.121428571428572,0.0,0.0,9,101.0,9.0,7.201653104565589,2.805555555555556,2.805555555555556,36.0,1.0,9.0,0.2450542770729264,1.0,5.0,0.4592420260029388,0.0,11.0,0.0433917933721049,0.0,3.0,0.0094387585654743,0.0,0.0,1.0,1.0,17.0,0.6179109513639078,0.0,0.0,0.2375099703226297,1.0,8.0,0.5281171207838992,4.0,34.0,0.2976284976406258,1.0,4.0,2.842909208207401e-05,0.0,3.0,0.9492614515033272,0.0,7.0,0.7530890615476278
1384.0,11,58.0,0.4084507042253521,10.31233079876196,142.0,1127.0,7.936619718309859,0.0,0.0,6,85.0,0.0,7.673337167841061,2.4285714285714284,2.4285714285714284,35.0,1.0,17.0,0.4007028063659548,1.0,13.0,0.3369777752038855,0.0,7.0,0.6229578419848372,1.0,11.0,0.1336404817241826,0.0,0.0,1.0,0.0,0.0,0.9840699498266756,0.0,3.0,0.963215517460104,1.0,7.0,0.4084549160074648,1.0,14.0,0.5983926723379843,0.0,3.0,0.5436037300022963,0.0,0.0,1.0,1.0,10.0,0.6277046010926947
1392.0,20,119.0,0.8095238095238095,9.659174889927131,147.0,1130.0,7.687074829931973,3.0,0.0204081632653061,18,263.0,178.0,4.824247668291339,4.87037037037037,4.87037037037037,54.0,2.0,29.0,0.1994288245330128,2.0,29.0,0.3245833480024458,1.0,100.0,0.4850851237175639,1.0,22.0,0.4296644303489552,0.0,0.0,1.0,0.0,0.0,0.9422895636490132,0.0,3.0,0.497534560594953,5.0,24.0,0.2234456587472749,4.0,25.0,0.2377324484505736,0.0,3.0,0.813809964135388,0.0,0.0,1.0,3.0,28.0,0.0731342032535943
1400.0,9,33.0,0.22,10.00242557391067,150.0,1214.0,8.093333333333334,84.0,0.56,7,177.0,0.0,5.173482723020642,5.9,5.9,30.0,4.0,16.0,0.0541897917791989,0.0,0.0,1.0,2.0,111.0,0.2135950028985268,0.0,4.0,0.9260761782598124,0.0,0.0,1.0,0.0,0.0,0.0715606641544737,0.0,0.0,0.999773337863206,0.0,22.0,0.3256523992003429,1.0,13.0,0.3765907099516272,0.0,0.0,1.0,0.0,0.0,1.0,0.0,11.0,0.6071329712455857
1408.0,13,49.0,0.3288590604026846,11.06153476290072,149.0,1216.0,8.161073825503356,2.0,0.0134228187919463,11,154.0,0.0,6.78355012676936,3.6666666666666665,3.6666666666666665,42.0,1.0,11.0,0.2466766213466238,0.0,0.0,0.8945728613708528,0.0,43.0,0.3149038267908067,1.0,1.0,0.3424847879038801,0.0,0.0,1.0,2.0,24.0,0.5878068436593888,1.0,3.0,0.6160816773518912,1.0,5.0,0.478852842517997,5.0,50.0,0.2550685535364192,0.0,16.0,0.7987740542602553,0.0,0.0,1.0,0.0,1.0,0.4797607385012899
1416.0,17,74.0,0.4966442953020134,10.57619561872538,149.0,1187.0,7.966442953020135,0.0,0.0,14,187.0,33.0,6.770509046346604,3.6666666666666665,3.6666666666666665,51.0,2.0,18.0,0.210331505388819,0.0,3.0,0.936692363325797,6.0,70.0,0.2052828204410874,0.0,0.0,1.0,0.0,7.0,0.6951798096697293,1.0,12.0,0.4976359177929728,0.0,3.0,0.949331557672582,1.0,1.0,0.0013616431373591,1.0,43.0,0.2762460857653294,0.0,13.0,0.6063953828063408,0.0,0.0,1.0,3.0,17.0,0.3588499257813329
1424.0,11,57.0,0.3877551020408163,10.286614855284824,147.0,1189.0,8.08843537414966,2.0,0.0136054421768707,8,142.0,0.0,5.907612031363425,3.55,3.55,40.0,0.0,0.0,0.2400521124214729,0.0,0.0,0.8941395088006385,1.0,37.0,0.171212125135771,0.0,7.0,0.4182828599888622,2.0,20.0,0.2510625196630773,1.0,2.0,0.4680446839037049,0.0,0.0,0.919871693314718,0.0,0.0,0.9444789472558538,1.0,36.0,0.2715537738475943,0.0,6.0,0.6098876699748392,0.0,0.0,1.0,3.0,34.0,0.1318979085462041
1432.0,18,84.0,0.5384615384615384,10.295024549590684,156.0,1223.0,7.839743589743589,34.0,0.2179487179487179,17,167.0,25.0,6.290260271587739,3.2745098039215685,3.2745098039215685,51.0,1.0,7.0,0.4375528902810143,0.0,5.0,0.7776257612010694,3.0,53.0,0.0989599427430568,3.0,19.0,0.2298820040542196,2.0,27.0,0.0,3.0,11.0,0.4745062406461968,0.0,7.0,0.3806072941780443,3.0,7.0,0.3165246442021924,0.0,3.0,0.6760391598268983,0.0,0.0,0.933672954837311,0.0,0.0,1.0,2.0,28.0,0.477562572423818
1440.0,18,66.0,0.4074074074074074,9.24175663370665,162.0,1247.0,7.697530864197531,24.0,0.1481481481481481,15,141.0,0.0,3.888539817027224,3.357142857142857,3.357142857142857,42.0,2.0,5.0,0.0007097765692416,1.0,7.0,0.3340338155657976,8.0,97.0,0.0812175871594429,0.0,0.0,1.0,0.0,14.0,0.0302125535793287,0.0,0.0,0.6683172317300037,0.0,0.0,1.0,0.0,0.0,0.4903179813295285,1.0,1.0,0.1656143289567655,0.0,3.0,0.7817388763270249,0.0,0.0,1.0,3.0,14.0,0.2530302396480337
1448.0,14,58.0,0.3580246913580246,10.15341397720344,162.0,1153.0,7.117283950617284,0.0,0.0,10,135.0,0.0,6.275723202722744,2.7,2.7,50.0,2.0,14.0,7.808389304302003e-06,1.0,5.0,0.6400033689847254,1.0,46.0,0.3443090455472173,0.0,0.0,0.3851549559462682,2.0,22.0,0.000144606167979,2.0,9.0,0.3065094268728978,0.0,0.0,0.7797547345253784,1.0,8.0,0.4522248954109573,1.0,16.0,0.3017942229340665,0.0,3.0,0.5368870376554086,0.0,0.0,1.0,0.0,12.0,0.4358286140434875
1456.0,32,190.0,1.1875,9.94888849308278,160.0,1261.0,7.88125,108.0,0.675,28,280.0,145.0,5.6662689766137655,4.827586206896552,4.827586206896552,58.0,1.0,20.0,0.0,0.0,0.0,0.964714382362012,7.0,92.0,0.240766620054546,0.0,0.0,0.9375240283219048,0.0,5.0,0.7876626644566969,1.0,11.0,0.0,0.0,0.0,0.9610881604769138,8.0,60.0,0.3306606896296853,5.0,51.0,0.1785251352342856,0.0,2.0,0.5925668769313236,0.0,0.0,0.991699925205208,6.0,39.0,0.1303732921070835
1464.0,23,201.0,1.25625,9.631526930888771,160.0,1393.0,8.70625,132.0,0.825,22,265.0,0.0,4.868062151013604,5.520833333333333,5.520833333333333,48.0,1.0,28.0,0.6444237959701802,0.0,0.0,0.9903398295801767,9.0,121.0,0.1052462458313524,0.0,0.0,0.9488825910774497,3.0,22.0,0.0798263746023784,1.0,22.0,0.2514888007290909,0.0,3.0,0.8066260015765344,1.0,6.0,0.6064881276632262,4.0,40.0,5.718783149861118e-05,1.0,7.0,0.3895605275305427,0.0,0.0,1.0,2.0,16.0,0.4086280506552431
1472.0,16,127.0,0.7470588235294118,9.76691755412226,170.0,1492.0,8.776470588235295,99.0,0.5823529411764706,14,226.0,0.0,6.363943662077927,4.52,4.52,50.0,1.0,36.0,0.0,0.0,0.0,0.9705048538967472,0.0,38.0,0.4275327171556877,0.0,0.0,1.0,5.0,59.0,0.0052336255727084,0.0,3.0,0.0548626134144251,2.0,17.0,0.6717354528193639,2.0,16.0,0.3101931139351935,0.0,17.0,0.4651058518990114,1.0,17.0,0.7173440715406961,0.0,3.0,0.6364515047523757,3.0,20.0,0.1199488778448946
1480.0,21,142.0,0.8554216867469879,10.609295802126052,166.0,1522.0,9.16867469879518,30.0,0.180722891566265,18,242.0,16.0,6.635159013939204,5.260869565217392,5.260869565217392,46.0,1.0,44.0,0.0,1.0,4.0,0.0,8.0,69.0,0.300206742775402,0.0,0.0,1.0,2.0,57.0,0.1659312059832476,0.0,0.0,0.5901636627754847,3.0,20.0,0.2335773276164979,1.0,5.0,0.4766421008148413,1.0,20.0,0.7713501414343017,1.0,23.0,0.0,0.0,0.0,0.9180443997409272,0.0,0.0,0.8288498806660132
1488.0,17,82.0,0.47953216374269,10.027643812226716,171.0,1589.0,9.292397660818713,67.0,0.391812865497076,12,197.0,0.0,6.257586312007625,3.716981132075472,3.716981132075472,53.0,1.0,4.0,0.420426384428255,0.0,0.0,1.0,1.0,25.0,0.3402274576046512,0.0,0.0,0.3337893457645972,2.0,65.0,0.0442991888338436,0.0,0.0,0.7224970381209659,1.0,17.0,0.4303613178459667,1.0,2.0,0.5953849117970965,3.0,31.0,0.1946854449444547,1.0,31.0,0.4958332562575716,0.0,0.0,1.0,2.0,22.0,0.3442456069940304
1496.0,19,58.0,0.3352601156069364,10.242404502944568,173.0,1581.0,9.13872832369942,0.0,0.0,17,217.0,20.0,6.964525034917372,3.807017543859649,3.807017543859649,57.0,3.0,14.0,0.1762745565699408,0.0,26.0,0.8652765501449609,10.0,64.0,0.1550318658389647,1.0,7.0,0.618241856905945,1.0,43.0,0.1307489798825007,0.0,0.0,0.9905727250551902,0.0,2.0,0.6895275235307183,0.0,13.0,0.8020655521188703,0.0,24.0,0.249961292211632,0.0,0.0,1.0,0.0,5.0,0.9028165548802672,2.0,19.0,0.6240820725059605
1504.0,17,81.0,0.4764705882352941,10.337224324927025,170.0,1577.0,9.276470588235297,0.0,0.0,15,153.0,0.0,6.59827029009399,3.3260869565217392,3.3260869565217392,46.0,3.0,27.0,0.028009549730922,0.0,5.0,0.7538843875666902,1.0,18.0,0.430513977096675,2.0,22.0,0.3128019107568425,1.0,11.0,0.0,0.0,0.0,0.8990785262098634,2.0,10.0,0.2996656359089258,1.0,8.0,0.7858884124188095,2.0,24.0,0.3217225302789052,0.0,0.0,0.929070202438504,0.0,8.0,0.9454292540249746,3.0,20.0,0.1453670470297027
1512.0,17,117.0,0.6842105263157895,11.259182230898473,171.0,1589.0,9.292397660818713,12.0,0.0701754385964912,14,189.0,36.0,7.183088239140044,4.2,4.2,45.0,1.0,1.0,0.114047818054719,0.0,0.0,0.9940030321942628,3.0,21.0,0.1940702155726127,0.0,0.0,1.0,0.0,7.0,0.5483403501542617,0.0,3.0,0.4306666479901114,0.0,2.0,0.7374179297896974,2.0,16.0,0.60744995434591,2.0,40.0,0.3591101185874126,0.0,0.0,0.9512415673113588,0.0,12.0,0.4430982849517622,6.0,87.0,0.3062658266327773
1520.0,17,113.0,0.6807228915662651,11.040970929187925,166.0,1429.0,8.608433734939759,0.0,0.0,15,169.0,0.0,6.004904466852778,4.225,4.225,40.0,1.0,11.0,0.0067679542754867,0.0,18.0,0.5887166362620466,5.0,57.0,0.1558796664203588,0.0,3.0,0.444574934137552,1.0,13.0,0.1821832807224233,1.0,13.0,0.6293315728343231,0.0,3.0,0.8854569781405934,1.0,3.0,0.3263998718728205,4.0,16.0,0.2217321616810719,1.0,9.0,0.4840622566928352,0.0,0.0,0.9244362467452224,1.0,23.0,0.2147593532025972
1528.0,27,205.0,1.21301775147929,10.02207121910303,169.0,1441.0,8.52662721893491,12.0,0.0710059171597633,20,273.0,104.0,6.24592906451501,5.055555555555555,5.055555555555555,54.0,2.0,30.0,0.1347720309491036,0.0,0.0,1.0,6.0,101.0,0.1343483654627886,0.0,5.0,0.5038133405519505,1.0,21.0,0.021580162565951,1.0,16.0,0.480169419964835,1.0,10.0,0.5988925661962908,3.0,22.0,0.3496987105474983,1.0,11.0,0.6139603256866678,1.0,20.0,0.5069031409547871,0.0,0.0,0.980360922598105,4.0,37.0,0.2448685841642442
1536.0,19,146.0,0.863905325443787,10.20607515599965,169.0,1526.0,9.029585798816568,85.0,0.5029585798816568,15,213.0,0.0,6.723320393207619,4.840909090909091,4.840909090909091,44.0,3.0,21.0,0.3779358458250683,0.0,0.0,1.0,4.0,60.0,0.1231406438047388,0.0,3.0,0.470334883084873,3.0,36.0,0.248965964868467,1.0,24.0,0.0,0.0,6.0,0.6971083900727219,0.0,3.0,0.5005026277182898,3.0,27.0,0.4456328997054663,1.0,20.0,0.4627165327625625,0.0,0.0,0.0114304626015848,0.0,13.0,0.7827882437558554
1544.0,21,179.0,1.0591715976331362,10.960479444851533,169.0,1544.0,9.136094674556212,18.0,0.1065088757396449,16,243.0,30.0,7.629292914373095,4.764705882352941,4.764705882352941,51.0,3.0,11.0,0.094795974899462,1.0,0.0,0.0193415820522365,2.0,56.0,0.3764655443535109,1.0,3.0,0.2748662373814573,0.0,3.0,0.4301561953551233,1.0,34.0,0.6160755858780744,2.0,26.0,0.5202252145578741,0.0,3.0,0.7983819190922711,4.0,47.0,0.4404283835753582,1.0,42.0,0.6191069101535374,1.0,8.0,0.0,0.0,10.0,0.9657467022239568
1552.0,25,237.0,1.4363636363636365,10.058786057627415,165.0,1411.0,8.55151515151515,0.0,0.0,19,275.0,32.0,6.034601125922571,5.288461538461538,5.288461538461538,52.0,2.0,20.0,0.158511600432285,0.0,4.0,0.8769541186146562,6.0,81.0,0.1730230964817649,0.0,0.0,0.3674849814873367,1.0,7.0,0.4277389898910184,1.0,44.0,0.6854208062127456,5.0,40.0,0.3549669512997346,0.0,0.0,0.6149069421493221,2.0,20.0,0.322905631169773,1.0,43.0,0.6859781138434392,1.0,16.0,0.0,0.0,0.0,0.6334067238730192
1560.0,19,138.0,0.8625,10.652421067302802,160.0,1480.0,9.25,69.0,0.43125,16,223.0,0.0,7.054434669795837,4.46,4.46,50.0,2.0,27.0,0.0,0.0,7.0,0.700243365806405,4.0,70.0,0.3018932212586763,1.0,9.0,0.2631202783179066,0.0,0.0,0.57750128175036,1.0,11.0,0.5016272614915082,0.0,23.0,0.5055964037866417,0.0,3.0,0.8465714612645516,4.0,26.0,0.1509853452913095,2.0,11.0,0.245988366386546,1.0,24.0,0.4580882694238042,1.0,12.0,0.6905666724190682
1568.0,18,129.0,0.8269230769230769,10.274711035046211,156.0,1452.0,9.307692307692308,0.0,0.0,15,237.0,14.0,6.95145926006195,4.74,4.74,50.0,2.0,43.0,0.3186605820967556,0.0,0.0,1.0,2.0,53.0,0.3065638365341311,1.0,14.0,0.2213160999510591,1.0,4.0,0.0002998526662544,1.0,17.0,0.6713907930156998,3.0,34.0,0.3613861756694966,1.0,5.0,0.7205805933057016,2.0,16.0,0.3022760344390502,0.0,0.0,0.4852996453760488,1.0,32.0,0.4602969744381837,1.0,19.0,0.6234789011560747
1576.0,20,160.0,0.975609756097561,10.996310272771264,164.0,1540.0,9.390243902439025,88.0,0.5365853658536586,14,204.0,0.0,7.705253805872443,4.744186046511628,4.744186046511628,43.0,2.0,27.0,0.156558640479265,0.0,0.0,1.0,4.0,51.0,0.3928134643440319,0.0,0.0,0.9812071452959824,0.0,0.0,0.9554816847589848,1.0,12.0,0.441646181794527,0.0,11.0,0.8045118542062836,2.0,18.0,0.390361221408821,2.0,19.0,0.3414206223799766,0.0,0.0,0.6760709794915831,1.0,40.0,0.6158309910438499,2.0,26.0,0.4442955894459137
1584.0,19,153.0,0.95625,10.16884457184855,160.0,1520.0,9.5,0.0,0.0,13,182.0,0.0,6.879414975712967,4.136363636363637,4.136363636363637,44.0,3.0,45.0,0.0582764697881726,0.0,0.0,1.0,4.0,36.0,0.2325414359811586,0.0,5.0,0.8924134072654157,1.0,1.0,0.1889539734813158,0.0,10.0,0.5347254380573623,1.0,6.0,0.0,0.0,10.0,0.7382860053932674,1.0,4.0,0.2671016085686721,1.0,4.0,0.388975846325159,2.0,53.0,0.0,0.0,8.0,0.9626908130557504
1592.0,21,221.0,1.3313253012048192,11.021093197386802,166.0,1599.0,9.632530120481928,79.0,0.4759036144578313,10,209.0,27.0,8.771681234470009,6.147058823529412,6.147058823529412,34.0,2.0,55.0,0.0728030884855011,1.0,12.0,0.3112391566888249,2.0,38.0,0.4892091276953197,0.0,0.0,0.9607372919396274,0.0,0.0,1.0,0.0,0.0,0.6838299114442906,0.0,14.0,0.7788844277085023,1.0,10.0,0.0,1.0,11.0,0.6957103102426881,0.0,0.0,0.986103412362889,2.0,69.0,0.0,1.0,0.0,0.0
1616.0,26,245.0,1.4244186046511629,9.716219730383866,172.0,1679.0,9.761627906976743,133.0,0.7732558139534884,24,298.0,0.0,5.53504609056347,5.8431372549019605,5.8431372549019605,51.0,2.0,82.0,0.0350808931092,1.0,15.0,0.2191464824930694,4.0,68.0,0.3133142192100567,0.0,0.0,0.9432723235562832,1.0,1.0,0.0003058907773121,4.0,17.0,0.2539212749853812,1.0,2.0,0.4588393622523796,1.0,34.0,0.5520654296072242,5.0,41.0,0.21541461140927,0.0,0.0,0.6974387688086459,1.0,11.0,0.0004304524259655,4.0,27.0,0.5340826401105558
1624.0,17,202.0,1.188235294117647,10.941935671573276,170.0,1695.0,9.970588235294118,16.0,0.0941176470588235,11,268.0,0.0,7.412169406799952,8.375,8.375,32.0,1.0,74.0,0.0075317551514974,1.0,23.0,0.3226594657925272,2.0,53.0,0.3637463570669454,0.0,0.0,0.9208133347409936,1.0,3.0,0.1563391430015387,1.0,5.0,0.0,1.0,7.0,0.6527458820034433,1.0,46.0,0.4923711273228217,0.0,6.0,0.5116858284343231,0.0,6.0,0.9525755788456952,0.0,0.0,1.0,3.0,45.0,0.4070022710587779
1632.0,19,275.0,1.687116564417178,11.067234476082856,163.0,1711.0,10.496932515337424,16.0,0.0981595092024539,15,313.0,45.0,6.8545022369888216,7.27906976744186,7.27906976744186,43.0,2.0,96.0,0.339422465290346,1.0,30.0,0.4553081228140452,3.0,38.0,0.229730774551622,0.0,0.0,1.0,1.0,4.0,1.3164689155499052e-05,1.0,21.0,0.6079558824814885,2.0,21.0,0.4522077819722784,1.0,56.0,0.7716478992426467,1.0,10.0,0.6322391020369199,0.0,10.0,0.7414470645772816,0.0,0.0,1.0,3.0,27.0,0.0748542921778111
1640.0,23,274.0,1.7018633540372672,10.405178090976504,161.0,1761.0,10.937888198757763,50.0,0.3105590062111801,20,382.0,69.0,7.005835931511559,7.346153846153846,7.346153846153846,52.0,3.0,101.0,0.0962867640517034,1.0,5.0,0.4487625569965316,4.0,71.0,0.4401740015793647,1.0,51.0,0.5901840494381159,0.0,0.0,0.0533412867243628,6.0,42.0,0.117034201255052,0.0,10.0,0.9161703356230216,1.0,61.0,0.5483543433569144,1.0,18.0,0.5627851488519177,2.0,19.0,0.3334932029112364,0.0,2.0,0.5985183117330898,1.0,2.0,0.6699984941338671
1648.0,23,266.0,1.7161290322580645,9.378188186948153,155.0,1723.0,11.116129032258064,0.0,0.0,19,333.0,0.0,5.736278638025174,6.66,6.66,50.0,1.0,98.0,0.0369705245480016,0.0,0.0,1.0,6.0,74.0,0.1271232491521583,0.0,0.0,0.7661656641764215,0.0,0.0,0.1532678673130173,3.0,45.0,0.3876797612491492,0.0,10.0,0.9215728714426076,1.0,6.0,0.5409654777516143,1.0,26.0,0.1761830051589618,4.0,50.0,0.2521574591387931,0.0,2.0,0.9671488818479532,3.0,22.0,0.3409360097825359
1656.0,20,171.0,1.1176470588235294,10.478474383834277,153.0,1799.0,11.758169934640524,76.0,0.4967320261437908,18,275.0,0.0,6.71726638541803,5.392156862745098,5.392156862745098,51.0,1.0,12.0,0.185879967863546,0.0,0.0,1.0,8.0,128.0,0.2452246139757897,1.0,3.0,0.0,0.0,0.0,1.0,2.0,27.0,0.6078090657184068,2.0,7.0,0.4348765667425164,0.0,0.0,0.9480000674278872,1.0,41.0,0.6259470277934237,0.0,18.0,0.4422600017587452,0.0,2.0,0.96947343613597,3.0,37.0,0.2881695567952436
1664.0,24,246.0,1.651006711409396,9.85084965566438,149.0,1725.0,11.577181208053693,0.0,0.0,21,303.0,28.0,5.054431956653105,5.941176470588236,5.941176470588236,51.0,2.0,20.0,0.2635733475047415,0.0,0.0,1.0,9.0,199.0,0.1566350854450544,1.0,11.0,0.0,0.0,0.0,1.0,4.0,40.0,0.325567909708838,0.0,0.0,0.4837543077072821,1.0,4.0,0.5873094233459587,0.0,6.0,0.3995792534525992,0.0,0.0,1.0,1.0,2.0,0.0604975868730319,3.0,21.0,0.3845208522308408
1672.0,32,383.0,2.470967741935484,8.949695824324197,155.0,1949.0,12.574193548387097,224.0,1.4451612903225806,26,473.0,170.0,5.113066285760646,8.298245614035087,8.298245614035087,57.0,4.0,44.0,0.0024206350011956,0.0,19.0,0.9252397822718604,10.0,286.0,0.1594634043619837,0.0,0.0,1.0,0.0,0.0,0.7666155360721255,0.0,30.0,0.5627852635163698,1.0,7.0,0.7683375064029023,3.0,23.0,0.2365717234617685,3.0,22.0,0.3926321910990313,0.0,0.0,1.0,0.0,0.0,0.98807907629918,5.0,42.0,0.1684195243358222
1680.0,20,158.0,1.0128205128205128,9.311127956848672,156.0,1878.0,12.038461538461538,0.0,0.0,13,314.0,0.0,5.539643892835957,6.680851063829787,6.680851063829787,47.0,1.0,24.0,0.4315803853043833,0.0,0.0,1.0,4.0,183.0,0.1796014840176261,0.0,0.0,0.938128196617444,0.0,0.0,1.0,3.0,35.0,0.0002343274982882,1.0,18.0,0.7611476530194866,0.0,4.0,0.4716327293900654,1.0,8.0,0.3863395214613844,0.0,0.0,0.7119683766826056,0.0,0.0,0.923669891900649,3.0,42.0,0.0713017479052693
1688.0,37,252.0,1.605095541401274,8.793689266963167,157.0,1997.0,12.719745222929935,119.0,0.7579617834394905,29,417.0,103.0,4.307826906964126,7.189655172413793,7.189655172413793,58.0,1.0,32.0,0.4720258350478876,0.0,15.0,0.551277468997592,4.0,190.0,0.059639653863127,1.0,3.0,0.5058620156134136,0.0,0.0,1.0,0.0,3.0,0.8518391867834834,2.0,11.0,0.4455107313060229,7.0,24.0,0.1157777504224348,8.0,57.0,0.1773303695894575,0.0,0.0,0.8667409639507606,1.0,5.0,0.6067536379328728,5.0,77.0,0.1018095642454108
1696.0,23,266.0,1.6625,9.94420146464719,160.0,2138.0,13.3625,141.0,0.88125,15,449.0,32.0,6.861965226833306,9.354166666666666,9.354166666666666,48.0,2.0,44.0,0.3178545170564414,0.0,15.0,0.5006040443915459,8.0,243.0,0.1033689593365479,0.0,0.0,1.0,0.0,0.0,0.7325821417038927,2.0,9.0,0.0001460054150185,1.0,4.0,0.590136160671342,1.0,30.0,0.589145408351485,1.0,25.0,0.4160024721292121,0.0,0.0,1.0,0.0,14.0,0.9578382385827676,0.0,65.0,0.2903128534253975
1704.0,18,162.0,0.9818181818181818,10.487315763612893,165.0,2222.0,13.466666666666669,84.0,0.509090909090909,12,321.0,0.0,7.959138414661765,6.42,6.42,50.0,1.0,48.0,0.1198534048816513,0.0,0.0,1.0,3.0,127.0,0.3819483229832303,0.0,0.0,1.0,0.0,0.0,1.0,0.0,0.0,1.0,0.0,7.0,0.7343004947861305,1.0,24.0,0.7700396547834764,2.0,25.0,0.6044299668113927,0.0,3.0,0.5958463547184116,0.0,10.0,0.7750787287549038,5.0,77.0,0.2625229772862197
1712.0,25,165.0,1.03125,10.055071615076525,160.0,2140.0,13.375,0.0,0.0,18,267.0,0.0,6.425923559797367,5.34,5.34,50.0,3.0,65.0,0.1876667104407839,0.0,0.0,1.0,6.0,111.0,0.3056130599905416,0.0,0.0,0.8841786747982266,0.0,0.0,1.0,0.0,3.0,0.9783554708347004,0.0,9.0,0.848014052019087,2.0,24.0,0.4271459311595446,3.0,13.0,0.1047411452218716,1.0,8.0,0.4283931074482697,1.0,12.0,0.0169035674939356,2.0,22.0,0.2888943387166598
1720.0,23,179.0,1.11875,9.240242699161517,160.0,2153.0,13.45625,13.0,0.08125,19,318.0,51.0,5.641194143626318,6.36,6.36,50.0,1.0,64.0,0.1913003474557326,0.0,0.0,0.9898056252364484,5.0,139.0,0.1793117559037719,2.0,3.0,0.1929801177517136,0.0,0.0,1.0,2.0,4.0,0.4674887400366006,0.0,0.0,0.7236446286053073,2.0,40.0,0.4859190222191449,1.0,10.0,0.596413580620262,0.0,4.0,0.9291895815711174,2.0,27.0,0.0,4.0,27.0,0.2202960237353873
1728.0,23,261.0,1.6838709677419357,10.075874183302236,155.0,2115.0,13.64516129032258,0.0,0.0,19,355.0,37.0,5.252563550683545,8.255813953488373,8.255813953488373,43.0,2.0,77.0,0.0,0.0,12.0,0.532854621705648,7.0,141.0,0.1150853935864299,0.0,0.0,0.6719808777923318,0.0,0.0,1.0,2.0,20.0,0.5698628922226266,2.0,12.0,0.393481794382123,2.0,56.0,0.3181505878519913,4.0,31.0,0.1605251307920877,0.0,3.0,0.434137151842467,0.0,0.0,1.0,0.0,3.0,0.2977971077810207
1736.0,29,324.0,2.131578947368421,9.56919861624945,152.0,2098.0,13.802631578947368,0.0,0.0,19,362.0,7.0,5.851274170804204,7.387755102040816,7.387755102040816,49.0,3.0,96.0,0.3203804256295873,0.0,12.0,0.6832558538899673,2.0,67.0,0.2616713633941299,1.0,5.0,0.4287953085959885,0.0,0.0,1.0,4.0,26.0,0.3466665927110847,2.0,28.0,0.4902408112570324,2.0,72.0,0.2997600440307973,4.0,48.0,0.3430780129334634,0.0,0.0,0.9524216326207768,0.0,0.0,1.0,1.0,8.0,0.0
1744.0,19,260.0,1.699346405228758,9.678382207855275,153.0,2066.0,13.50326797385621,0.0,0.0,10,300.0,0.0,6.311426991810103,8.823529411764707,8.823529411764707,34.0,2.0,112.0,0.3159427924520381,0.0,0.0,0.9642440648023028,3.0,64.0,0.1718067244948604,0.0,0.0,0.3666403742179583,0.0,0.0,1.0,1.0,9.0,0.7201892065487558,0.0,4.0,0.968034032292711,3.0,91.0,0.0,1.0,5.0,0.4140075660290574,0.0,0.0,0.9647996259149044,0.0,0.0,1.0,0.0,15.0,0.1026584327972137
1752.0,32,190.0,1.2582781456953642,9.55342151391008,151.0,2074.0,13.735099337748345,8.0,0.0529801324503311,21,365.0,65.0,6.162662832428785,7.019230769230769,7.019230769230769,52.0,2.0,6.0,0.1962898044177631,0.0,15.0,0.9510226503029852,5.0,141.0,0.4099962664993652,1.0,5.0,0.5851390525081942,0.0,0.0,1.0,2.0,23.0,0.3056920415208886,0.0,4.0,0.7483081578510327,0.0,20.0,0.3872474209250873,6.0,40.0,0.0040689030337286,0.0,0.0,0.9575320271432448,0.0,0.0,0.9555427243868184,5.0,111.0,0.0926387389448825
1760.0,21,203.0,1.2929936305732483,9.905266100796435,157.0,2101.0,13.382165605095542,27.0,0.1719745222929936,9,194.0,0.0,8.573261521358834,4.85,4.85,40.0,0.0,0.0,0.456660188219466,0.0,17.0,0.8021015935343535,3.0,64.0,0.234396724447426,0.0,0.0,0.765019723966403,0.0,0.0,0.9677539191859532,3.0,41.0,0.2131256826883624,1.0,6.0,0.4781984484593309,0.0,3.0,0.5695019264330962,2.0,55.0,0.4378143917176075,0.0,0.0,0.9805141248140168,0.0,0.0,0.9325590027806548,0.0,8.0,0.8657925686076517
1768.0,25,227.0,1.455128205128205,10.47258747135438,156.0,2086.0,13.371794871794872,0.0,0.0,14,192.0,0.0,7.751925009158198,5.1891891891891895,5.1891891891891895,37.0,1.0,7.0,0.0,0.0,0.0,1.0,2.0,28.0,0.3720642943634689,1.0,1.0,0.0932018528340722,1.0,9.0,0.4417533815874388,4.0,71.0,0.2907047695816324,0.0,1.0,0.8400809545477721,0.0,11.0,0.6698618584767431,3.0,53.0,0.3452598214681267,1.0,3.0,0.4856649030132073,0.0,0.0,0.9620084645998088,1.0,8.0,0.6278900506400766
1776.0,20,289.0,1.8176100628930816,10.2920973112014,159.0,2145.0,13.49056603773585,59.0,0.3710691823899371,15,316.0,124.0,7.530057751268437,7.7073170731707314,7.7073170731707314,41.0,1.0,15.0,0.5615353496999743,0.0,24.0,0.951030548951355,2.0,41.0,0.3846490384968164,0.0,14.0,0.9732811857071036,2.0,13.0,0.0029844668880566,4.0,103.0,0.2778140669249176,1.0,1.0,0.5372365017794916,0.0,0.0,0.6417002968234905,4.0,93.0,0.4138508281548108,0.0,0.0,0.9357076884369976,0.0,0.0,1.0,1.0,12.0,0.0
1784.0,27,280.0,1.7721518987341771,9.866586200289465,158.0,1976.0,12.50632911392405,0.0,0.0,21,358.0,42.0,5.993622947433616,7.306122448979591,7.306122448979591,49.0,5.0,37.0,0.0001600906091277,0.0,47.0,0.8859169110711309,1.0,53.0,0.5864565077356146,2.0,23.0,0.0040489474511261,0.0,5.0,0.2548029275999474,6.0,142.0,8.756430488575221e-06,2.0,16.0,0.3168390287316062,1.0,0.0,0.6387460900173201,3.0,21.0,0.2563367603255131,1.0,12.0,0.3971671611302781,0.0,0.0,1.0,0.0,2.0,0.8212357008190668
1792.0,18,331.0,2.1493506493506493,10.231025509547434,154.0,1985.0,12.88961038961039,9.0,0.0584415584415584,14,326.0,0.0,6.940323773598334,7.5813953488372094,7.5813953488372094,43.0,0.0,0.0,1.0,0.0,29.0,0.6943158852793254,0.0,3.0,0.9108113830341455,2.0,25.0,0.5934232289955773,0.0,0.0,1.0,6.0,190.0,0.0886152833413357,1.0,17.0,0.0494238905207445,0.0,4.0,0.7878399195603685,4.0,48.0,0.2526097702950444,0.0,8.0,0.6024777449534228,1.0,2.0,0.0016676539197195,0.0,0.0,0.5515930329023059
1800.0,13,140.0,0.9090909090909092,10.689577863730625,154.0,1965.0,12.75974025974026,0.0,0.0,6,174.0,0.0,7.994098264294739,4.833333333333333,4.833333333333333,36.0,1.0,0.0,0.441863496624328,0.0,0.0,1.0,1.0,4.0,0.6824527065993882,1.0,2.0,0.2806927188677224,0.0,4.0,0.3130634923964196,0.0,92.0,0.408087156992523,0.0,3.0,0.9912571187366348,2.0,10.0,0.3966992049782059,0.0,6.0,0.4153327610422562,0.0,1.0,0.7025316261393684,1.0,10.0,0.0,0.0,42.0,0.955527602866333
1808.0,20,193.0,1.269736842105263,10.427762928454316,152.0,1979.0,13.019736842105264,14.0,0.0921052631578947,16,178.0,4.0,6.244509173150647,4.238095238095238,4.238095238095238,42.0,4.0,16.0,0.0002328060090164,0.0,0.0,1.0,1.0,16.0,0.3295761614342173,0.0,0.0,0.9537091515055892,0.0,0.0,1.0,4.0,102.0,0.2485362676454489,0.0,5.0,0.8194037218678691,2.0,13.0,0.6076832381462614,3.0,16.0,0.2289713746346815,0.0,0.0,0.9712145569602773,0.0,0.0,1.0,2.0,10.0,0.2188395898923572
1816.0,19,221.0,1.3726708074534162,10.57896423624564,161.0,1880.0,11.677018633540373,0.0,0.0,13,234.0,56.0,8.436239567385957,4.97872340425532,4.97872340425532,47.0,0.0,2.0,0.4988839415224385,0.0,16.0,0.9056383871982704,1.0,6.0,0.5463487760072687,0.0,0.0,0.9835175967207632,0.0,0.0,0.8709698778471943,6.0,151.0,0.2485170261394677,0.0,1.0,0.9196884553877868,3.0,12.0,0.4596076067956211,0.0,14.0,0.663855844951772,0.0,0.0,1.0,0.0,3.0,0.9447663087310628,3.0,29.0,0.4140978725740368
1824.0,22,208.0,1.291925465838509,10.273694265461062,161.0,1828.0,11.354037267080743,0.0,0.0,14,176.0,0.0,6.558892950543632,3.2,3.2,55.0,0.0,0.0,0.4230738581299043,0.0,21.0,0.4401736319055608,3.0,33.0,0.475255514536043,1.0,3.0,0.2504522464437865,0.0,0.0,1.0,2.0,65.0,0.4245981996287277,1.0,4.0,0.6361852610695435,0.0,0.0,0.8369483227199126,4.0,23.0,0.0500446286827066,0.0,0.0,0.9519789746790632,0.0,3.0,0.999533518987294,3.0,24.0,0.0843502978072512
1832.0,20,120.0,0.7142857142857143,9.14803654768087,168.0,1884.0,11.214285714285714,56.0,0.3333333333333333,16,262.0,86.0,5.966972936860717,4.295081967213115,4.295081967213115,61.0,3.0,10.0,0.0009668632791707,1.0,8.0,0.379249989764076,2.0,19.0,0.3201206023934147,1.0,17.0,0.65852378385175,0.0,0.0,0.3996571156948622,4.0,81.0,0.1910493077262934,0.0,10.0,0.6503064561561407,1.0,1.0,0.5788593202177236,3.0,67.0,0.3658256684643631,0.0,0.0,1.0,0.0,0.0,0.9693812630991838,1.0,49.0,0.2044418221335822
1840.0,31,172.0,1.017751479289941,9.307916516626484,169.0,1943.0,11.497041420118345,59.0,0.3491124260355029,27,331.0,69.0,4.759965618417636,5.910714285714286,5.910714285714286,56.0,3.0,34.0,0.1102553791416699,0.0,0.0,0.7473971718775988,4.0,37.0,0.2567798038779791,2.0,9.0,0.3090786602190403,0.0,0.0,1.0,10.0,145.0,0.1207820302190679,3.0,24.0,0.3763725804518519,0.0,6.0,0.7971455144768125,1.0,8.0,0.4907918018194908,0.0,3.0,0.5073550585221123,1.0,1.0,0.0018741142081598,3.0,64.0,0.0026324702740598
1848.0,27,229.0,1.3550295857988166,10.01340862869368,169.0,1804.0,10.674556213017752,0.0,0.0,22,371.0,40.0,5.590489505512591,7.729166666666667,7.729166666666667,48.0,3.0,43.0,6.011528947890908e-06,0.0,0.0,0.9530455532202076,6.0,72.0,0.0001035035077536,1.0,0.0,0.0,0.0,0.0,1.0,5.0,129.0,0.098895035852955,0.0,0.0,0.7200854380971625,0.0,7.0,0.8504316462999496,3.0,19.0,0.3054777630868215,0.0,2.0,0.7110430702368393,0.0,0.0,0.7125480869843132,4.0,99.0,0.3153716009332805
1856.0,22,274.0,1.630952380952381,10.002419339847055,168.0,1830.0,10.892857142857142,26.0,0.1547619047619047,20,472.0,101.0,7.222208283485466,7.375,7.375,64.0,2.0,42.0,0.3265820389752232,0.0,40.0,0.9470358047904434,6.0,123.0,0.2816116960130638,0.0,0.0,0.9487762414700808,0.0,3.0,0.3222188730194434,3.0,95.0,0.2799242849143738,1.0,9.0,0.6259765913873147,1.0,7.0,0.5608354348412039,3.0,21.0,0.3332801388293755,0.0,0.0,0.965971731068216,0.0,1.0,0.9482422415588154,4.0,131.0,0.3197948940979569
1864.0,35,273.0,1.6058823529411763,8.626144046546367,170.0,1890.0,11.117647058823527,60.0,0.3529411764705882,30,523.0,51.0,5.030619213820764,7.263888888888889,7.263888888888889,72.0,2.0,58.0,0.0,0.0,5.0,0.7884382407298121,0.0,84.0,0.4988847378220137,1.0,2.0,0.3281511527848755,1.0,5.0,0.2331661021091429,2.0,84.0,0.3203940391282149,6.0,45.0,0.2841213203814268,5.0,36.0,0.020543648526427,3.0,21.0,0.361193633890343,0.0,0.0,0.9258403019946834,1.0,3.0,0.4712983912826763,9.0,180.0,0.1332442065431574
1872.0,35,371.0,2.195266272189349,8.486505140946017,169.0,2051.0,12.136094674556212,161.0,0.9526627218934912,33,634.0,111.0,3.922150738656688,9.462686567164178,9.462686567164178,67.0,0.0,5.0,0.2915116925646037,0.0,0.0,0.9369546443991216,5.0,103.0,0.3343363815260014,2.0,11.0,0.0321276263731034,1.0,11.0,0.0,2.0,68.0,0.2544869349128568,11.0,116.0,0.1317173307375898,4.0,48.0,0.1715123613464362,3.0,31.0,0.3210829173015396,0.0,6.0,0.5576543376451175,0.0,0.0,1.0,5.0,235.0,0.1606678933511316
1880.0,31,342.0,1.976878612716763,9.148502935471903,173.0,2158.0,12.47398843930636,107.0,0.6184971098265896,25,556.0,0.0,4.514905549424502,10.692307692307692,10.692307692307692,52.0,3.0,14.0,0.0522098603458583,0.0,0.0,1.0,7.0,143.0,0.1193261714173692,0.0,0.0,1.0,0.0,0.0,0.9331119495683924,5.0,69.0,0.2260507092118183,1.0,46.0,0.3308339309847446,1.0,18.0,0.3137106586575245,3.0,13.0,0.1981136291438442,0.0,9.0,0.4842314553870364,0.0,0.0,1.0,5.0,244.0,0.357993398091493
1888.0,24,334.0,1.887005649717514,9.929124648196058,177.0,2273.0,12.84180790960452,115.0,0.6497175141242938,24,572.0,16.0,5.903668342519405,10.4,10.4,55.0,1.0,15.0,0.2892999562939354,0.0,0.0,1.0,0.0,58.0,0.0999424694488918,1.0,0.0,0.0,0.0,0.0,1.0,5.0,97.0,0.3549816158878656,4.0,53.0,0.3340735533683581,1.0,38.0,0.7175421675522569,0.0,0.0,0.7489918335717949,0.0,3.0,0.6493781895121999,1.0,3.0,0.4898773672078546,11.0,305.0,0.0251177377253687
1896.0,31,160.0,0.903954802259887,9.702420518244702,177.0,2399.0,13.55367231638418,126.0,0.711864406779661,23,442.0,0.0,5.619954726249252,7.129032258064516,7.129032258064516,62.0,1.0,14.0,0.4550704181311515,1.0,4.0,0.4814940892073034,2.0,79.0,0.4938703588569799,0.0,0.0,0.3223468382226135,2.0,7.0,0.0358986730503178,2.0,54.0,0.3239531015297036,1.0,13.0,0.3365348156972613,2.0,23.0,0.6329579131552757,2.0,8.0,0.3467239579799326,2.0,7.0,0.1042251079056826,0.0,3.0,0.9429657828421266,8.0,230.0,0.0483534098908612
1904.0,30,199.0,1.1569767441860466,9.489932745821989,172.0,2459.0,14.296511627906977,60.0,0.3488372093023256,24,473.0,31.0,5.720201195611415,7.507936507936508,7.507936507936508,63.0,3.0,34.0,0.0622264241167821,0.0,7.0,0.7444865913146846,5.0,104.0,0.1518246643247307,1.0,1.0,0.3871624151237767,0.0,7.0,0.1696194539665207,4.0,40.0,0.2130511858530723,1.0,18.0,0.6313946403991315,0.0,14.0,0.7227788709262275,2.0,18.0,0.1223224099582971,4.0,50.0,0.0936471753828673,0.0,0.0,0.9830146186752986,4.0,180.0,0.354123886168586
1912.0,43,320.0,1.8604651162790695,8.736944478770962,172.0,2419.0,14.063953488372093,0.0,0.0,33,590.0,117.0,4.339430862885414,10.0,10.0,59.0,5.0,71.0,0.2539295088183864,0.0,7.0,0.8783444282433502,8.0,162.0,0.1909505191346348,1.0,9.0,4.284058660879442e-05,1.0,11.0,0.0,0.0,6.0,0.5425667362955285,1.0,9.0,0.5513572754717594,5.0,29.0,0.3268182465340374,0.0,3.0,0.7938349808445426,1.0,32.0,0.061724913618479,0.0,0.0,1.0,11.0,251.0,0.1162982213421347
1920.0,29,189.0,1.0738636363636365,8.587598791737229,176.0,2567.0,14.585227272727272,148.0,0.8409090909090909,19,389.0,0.0,4.780882609805169,6.593220338983051,6.593220338983051,59.0,1.0,32.0,0.1839708515284913,1.0,4.0,0.5227092348526259,1.0,76.0,0.207594368739106,0.0,0.0,0.9886468756764528,0.0,0.0,1.0,3.0,15.0,0.1838439160239228,3.0,36.0,0.4210014080282146,2.0,31.0,0.5264536206615336,0.0,3.0,0.182736232407168,0.0,5.0,0.7422936391494553,0.0,0.0,0.883564571738425,8.0,187.0,0.1347082704004236
1928.0,31,255.0,1.4325842696629214,9.180775409252234,178.0,2533.0,14.230337078651685,0.0,0.0,26,470.0,81.0,5.430136063235775,6.527777777777778,6.527777777777778,72.0,1.0,40.0,0.0,1.0,4.0,0.4732270974333449,5.0,132.0,0.3023811758763957,1.0,4.0,6.267604637525523e-05,0.0,0.0,0.7678344057725193,1.0,4.0,0.6941671277789704,0.0,14.0,0.4237327567687532,1.0,27.0,0.4486727802001921,1.0,26.0,0.1792807647354861,1.0,6.0,0.6536626537972948,0.0,0.0,0.1454550102566071,14.0,213.0,0.1967188638585209
1936.0,30,209.0,1.1358695652173914,9.745252470398508,184.0,2734.0,14.858695652173912,201.0,1.0923913043478262,23,352.0,0.0,4.768881653894467,6.285714285714286,6.285714285714286,56.0,1.0,8.0,0.3480839754149619,1.0,12.0,0.5688687361258351,8.0,149.0,0.0322925445123771,1.0,12.0,0.4597301520098505,0.0,0.0,1.0,2.0,20.0,0.5586887546523758,1.0,7.0,0.4714063944019016,5.0,39.0,0.419045808695941,0.0,0.0,0.6430950528799572,1.0,2.0,0.0012702688457539,0.0,3.0,0.6778220507428993,3.0,100.0,0.0845394099255601
1944.0,26,217.0,1.2055555555555555,10.13001674163042,180.0,2584.0,14.355555555555556,0.0,0.0,18,282.0,0.0,5.077694912669531,5.127272727272727,5.127272727272727,55.0,2.0,11.0,1.1298786454108078e-05,2.0,22.0,0.0010336848490607,4.0,93.0,0.1745586300861477,1.0,23.0,0.5728786875208546,0.0,0.0,1.0,1.0,5.0,0.4057947709107662,1.0,16.0,0.6395873372217794,4.0,51.0,0.228486545665224,0.0,3.0,0.5077484175808067,0.0,0.0,1.0,0.0,3.0,0.99554896187088,3.0,55.0,0.2758830823983453
1952.0,21,171.0,0.9395604395604396,10.128247388643134,182.0,2412.0,13.252747252747254,0.0,0.0,17,327.0,45.0,6.406301627007057,6.411764705882353,6.411764705882353,51.0,1.0,8.0,0.0,0.0,0.0,0.9997530952120056,3.0,104.0,0.2688400013270519,1.0,2.0,0.0036537060527378,0.0,0.0,0.910337801866388,1.0,7.0,0.2717387155516832,2.0,35.0,0.5640914873065364,3.0,56.0,0.3374179633090958,2.0,34.0,0.6432266564422107,0.0,0.0,1.0,0.0,0.0,1.0,4.0,81.0,0.3665788719431521
1960.0,26,198.0,1.0819672131147542,10.037067529000852,183.0,2411.0,13.174863387978142,0.0,0.0,22,378.0,51.0,6.1364997679005775,6.872727272727273,6.872727272727273,55.0,0.0,0.0,0.3884875530315222,0.0,0.0,0.6013308719840866,6.0,140.0,0.1297858595694838,0.0,0.0,0.3795390183560833,0.0,0.0,0.0074952757257273,2.0,17.0,0.3300634516236986,0.0,4.0,0.7012045592858303,6.0,57.0,0.2136279020544935,3.0,36.0,0.4211356568123368,0.0,0.0,0.9459507734551637,0.0,0.0,0.9354306672996672,5.0,124.0,0.4163166853455632
1968.0,28,242.0,1.2804232804232805,9.707263511700528,189.0,2526.0,13.365079365079366,115.0,0.6084656084656085,25,449.0,71.0,6.0616800129423964,6.701492537313433,6.701492537313433,67.0,2.0,9.0,0.210097448119478,0.0,14.0,0.8030990147244856,1.0,95.0,0.3378810420079038,0.0,4.0,0.7574377987732889,0.0,0.0,0.5322099772546391,0.0,0.0,0.977471199200089,0.0,3.0,0.5527709266617322,2.0,37.0,0.3926538413823612,12.0,111.0,0.1045561433453731,1.0,5.0,0.6921680463673883,0.0,5.0,0.964698362462712,7.0,166.0,0.208108004813966
1976.0,29,309.0,1.6349206349206349,9.40977671334057,189.0,2475.0,13.095238095238097,0.0,0.0,22,538.0,89.0,5.47462769894011,8.151515151515152,8.151515151515152,66.0,2.0,10.0,0.2702895860587209,0.0,42.0,0.9128686830387004,3.0,119.0,0.3454948591655901,0.0,0.0,0.9571609033490136,0.0,1.0,0.8875003994362473,3.0,7.0,0.171558312516344,0.0,10.0,0.5675623480583489,2.0,46.0,0.0,4.0,72.0,0.2351590867533624,1.0,9.0,0.4330325245866352,0.0,4.0,0.9462015282023196,7.0,218.0,0.1245135510360924
1984.0,42,458.0,2.4105263157894736,9.330203551122048,190.0,2630.0,13.842105263157896,155.0,0.8157894736842105,34,612.0,74.0,4.647105411859091,8.5,8.5,72.0,3.0,29.0,0.364053485038356,1.0,21.0,0.5340991684738574,5.0,97.0,0.2514389115505741,0.0,0.0,1.0,2.0,9.0,0.2734299716589325,6.0,43.0,0.2054322134718448,0.0,4.0,0.7253122560012301,2.0,66.0,0.5801473448698152,4.0,39.0,0.259124004157663,4.0,30.0,0.2563705312725816,0.0,0.0,0.3047230342652458,7.0,274.0,0.0629921120248114
1992.0,37,296.0,1.50253807106599,8.22229904855902,197.0,2734.0,13.878172588832488,104.0,0.5279187817258884,27,467.0,0.0,4.976043333657939,5.8375,5.8375,80.0,1.0,20.0,0.3729886020290522,1.0,10.0,0.3372390268154789,7.0,93.0,0.3639021912551534,0.0,0.0,0.2631366806022353,2.0,25.0,0.0,0.0,20.0,0.4924774706516071,0.0,11.0,0.8378100052209971,4.0,12.0,0.0954487819461925,5.0,71.0,0.101842772359072,5.0,88.0,0.2659052978035932,0.0,0.0,1.0,2.0,117.0,0.1038429237688547
2000.0,33,193.0,0.9796954314720812,8.195771506675252,197.0,2866.0,14.548223350253808,132.0,0.6700507614213198,24,509.0,42.0,5.348916924494867,6.697368421052632,6.697368421052632,76.0,3.0,36.0,0.3857864078208429,1.0,26.0,0.7241129415013122,5.0,75.0,0.1933787092035461,1.0,2.0,0.242092214485679,2.0,42.0,0.0306705601742366,0.0,3.0,0.8420811784304689,2.0,18.0,0.6220254974924911,0.0,8.0,0.4884507310873047,0.0,38.0,0.4053337866142495,1.0,65.0,0.1340236032470618,0.0,0.0,0.9162152172012707,9.0,196.0,0.1018328098061924
2008.0,41,242.0,1.2222222222222223,8.756047464296818,198.0,2935.0,14.823232323232324,69.0,0.3484848484848485,33,489.0,0.0,5.548272134271921,6.35064935064935,6.35064935064935,77.0,7.0,43.0,0.1610840831703706,1.0,26.0,0.7133879532433377,13.0,145.0,0.0564376189479031,0.0,0.0,0.6368344438487055,0.0,6.0,0.1876237339276404,1.0,2.0,0.4775847264640583,1.0,11.0,0.6589290211886286,4.0,28.0,0.3829276992242898,1.0,27.0,0.3277959793957093,0.0,0.0,0.9178495658027452,0.0,4.0,0.8062054890718666,5.0,197.0,0.202243652656765
2016.0,48,425.0,2.1683673469387754,8.682549305195174,196.0,3084.0,15.73469387755102,149.0,0.7602040816326531,35,645.0,156.0,3.9505468981491374,9.923076923076923,9.923076923076923,65.0,12.0,121.0,0.0004750539505868,1.0,32.0,0.2899617605901113,8.0,194.0,0.1730604716941854,1.0,6.0,0.4797175840888854,1.0,10.0,0.0001154979422807,0.0,5.0,0.7151480515481209,2.0,5.0,0.3134497402864792,2.0,20.0,0.403506382531607,3.0,28.0,0.0654975293376918,0.0,0.0,0.7398327035416661,0.0,4.0,0.8967859651048957,5.0,220.0,0.160036651920858
2024.0,33,217.0,1.095959595959596,9.00135358938625,198.0,3162.0,15.969696969696969,78.0,0.3939393939393939,23,472.0,0.0,5.210206726522106,6.742857142857143,6.742857142857143,70.0,0.0,42.0,0.1989944729266444,2.0,32.0,0.0005059296601017,6.0,156.0,0.2078661144659635,3.0,13.0,0.0918477741727506,1.0,1.0,0.0013361354967161,1.0,4.0,0.60365847636663,3.0,32.0,0.579713613054231,2.0,29.0,0.3499002456917304,3.0,18.0,0.395299562453459,0.0,0.0,0.1220176932284316,1.0,12.0,0.6257524394812372,1.0,133.0,0.2647471234827476
2032.0,33,168.0,0.8442211055276382,8.719168696007182,199.0,3221.0,16.185929648241206,59.0,0.2964824120603015,26,542.0,70.0,4.862152754143624,7.742857142857143,7.742857142857143,70.0,0.0,5.0,0.248481125024849,1.0,18.0,0.1829769101901786,6.0,178.0,0.018701408898517,0.0,3.0,0.7953828887652276,0.0,4.0,0.4941114337912232,2.0,17.0,0.5089678664814118,3.0,41.0,0.4116292603666862,4.0,48.0,0.2234636260724938,3.0,44.0,0.2600833225990636,0.0,3.0,0.6358839663703024,2.0,28.0,0.4750648464695207,5.0,153.0,0.2142300055237468
2040.0,19,70.0,0.3448275862068966,9.795204326447353,203.0,3222.0,15.87192118226601,1.0,0.0049261083743842,16,428.0,0.0,5.84102470265049,7.508771929824562,7.508771929824562,57.0,1.0,6.0,0.1269028919476894,2.0,15.0,0.0001492199231902,4.0,143.0,0.2626228114471213,2.0,32.0,0.3249797930851899,0.0,0.0,0.8295957642263591,0.0,13.0,0.4030400423519731,0.0,5.0,0.8732252154930694,1.0,8.0,0.6460957611674836,3.0,29.0,0.0855065079145824,1.0,5.0,1.0079948612509332e-05,0.0,7.0,0.6485566904335485,2.0,165.0,0.3422165929706329
2048.0,25,126.0,0.6395939086294417,10.325950042793874,197.0,3025.0,15.35532994923858,0.0,0.0,19,385.0,0.0,5.3983158822218895,6.754385964912281,6.754385964912281,57.0,3.0,27.0,0.1891944840541517,0.0,3.0,0.7580616426293036,5.0,165.0,0.1865955463209761,2.0,6.0,0.4774124566347452,0.0,0.0,1.0,1.0,7.0,0.505276416293142,1.0,9.0,0.5733773898448026,2.0,18.0,0.4974353014005166,2.0,34.0,0.1692353816188948,0.0,0.0,0.623897339445205,0.0,4.0,0.9771114646688264,3.0,112.0,0.2099070485033938
2056.0,29,173.0,0.9202127659574468,9.478421297008804,188.0,2709.0,14.409574468085106,0.0,0.0,28,317.0,0.0,4.688767881124885,4.953125,4.953125,64.0,5.0,44.0,0.0030075280749515,0.0,0.0,0.7894302146479408,5.0,107.0,0.1357693385319142,2.0,19.0,0.0,0.0,0.0,1.0,2.0,6.0,0.4753073972130954,2.0,22.0,0.2884879940225254,2.0,18.0,0.4974100132687005,2.0,29.0,0.4786066997105849,0.0,0.0,0.8291406792095044,1.0,5.0,0.0048224511676764,7.0,67.0,0.108952384479714
2064.0,16,75.0,0.4166666666666667,9.945892011093484,180.0,2418.0,13.433333333333334,0.0,0.0,9,217.0,0.0,7.13885367096871,4.173076923076923,4.173076923076923,52.0,0.0,16.0,0.3408389283343105,0.0,9.0,0.710624896366565,1.0,82.0,0.3087364193891659,0.0,4.0,0.4635273329792319,0.0,0.0,0.9282304660326124,0.0,2.0,0.7621640493646292,3.0,21.0,0.1531603730750363,1.0,11.0,0.6068699673165493,2.0,47.0,0.325617453466849,0.0,0.0,0.5264122381084391,1.0,13.0,0.4953114058173217,1.0,12.0,0.3552945115461419
2072.0,24,141.0,0.8294117647058824,9.82828623666833,170.0,2396.0,14.094117647058823,0.0,0.0,24,321.0,104.0,4.524249841977612,5.732142857142857,5.732142857142857,56.0,3.0,31.0,0.2298512053553671,1.0,5.0,0.4657286542135785,4.0,95.0,0.1244070530218107,1.0,4.0,2.333159183929245e-05,1.0,2.0,0.4879998247329816,2.0,7.0,0.2491352837310988,0.0,16.0,0.602008532285609,4.0,34.0,0.1871639425470036,2.0,59.0,0.1758527634551899,1.0,8.0,0.4892021622555123,1.0,21.0,0.0,4.0,39.0,0.4355862722049087
2080.0,14,67.0,0.4011976047904191,10.085829639105572,167.0,2402.0,14.383233532934131,6.0,0.0359281437125748,9,153.0,0.0,7.18708213384807,3.1875,3.1875,48.0,0.0,0.0,0.468814437743865,0.0,7.0,0.9195643042434808,4.0,47.0,0.1335052408117488,1.0,12.0,0.210387818055288,1.0,10.0,0.0090411402500215,2.0,29.0,0.5385413280045849,0.0,3.0,0.9591366521945356,1.0,14.0,0.4006597855596061,0.0,6.0,0.6132221968402513,0.0,5.0,0.7981122247017403,0.0,0.0,1.0,0.0,20.0,0.3561017087569283
2088.0,18,87.0,0.5240963855421686,11.049814010544672,166.0,2229.0,13.427710843373497,0.0,0.0,16,158.0,5.0,6.393840001969562,3.4347826086956523,3.4347826086956523,46.0,0.0,0.0,0.838128719170938,0.0,0.0,0.3559075269923955,2.0,29.0,0.305179128621667,1.0,3.0,0.0001946882465378,2.0,26.0,0.0,1.0,17.0,0.2856595206564079,0.0,9.0,0.6832565798988864,6.0,38.0,0.1730365472631239,1.0,17.0,0.5250696992580961,2.0,9.0,0.4904532976612534,0.0,0.0,0.9231443158767936,1.0,10.0,0.4956745560550911
2096.0,27,159.0,0.9464285714285714,9.92573298031183,168.0,2140.0,12.738095238095235,0.0,0.0,14,182.0,24.0,6.183693851609941,4.666666666666667,4.666666666666667,39.0,0.0,0.0,1.0,2.0,14.0,0.2542205743400618,2.0,37.0,0.3854298334822677,0.0,9.0,0.8944404718955391,0.0,3.0,0.935723735999136,1.0,21.0,0.0,5.0,38.0,0.2130747306675567,0.0,10.0,0.5568011033047914,3.0,32.0,0.2465798887421293,0.0,3.0,0.4306293583829955,0.0,0.0,1.0,1.0,15.0,0.0
2104.0,22,160.0,0.9467455621301776,10.002805916566029,169.0,2134.0,12.627218934911244,0.0,0.0,6,154.0,0.0,8.477135766911374,3.948717948717949,3.948717948717949,39.0,0.0,7.0,0.7133425199938837,0.0,0.0,0.0740474550676455,2.0,69.0,0.224883663518471,0.0,3.0,0.3839792381267454,1.0,5.0,0.0005196501683569,1.0,29.0,0.577467395660306,0.0,4.0,0.6664281357957511,0.0,7.0,0.9829182967211187,0.0,4.0,0.8808685349369986,1.0,5.0,0.0,0.0,0.0,0.7674166903273127,1.0,21.0,0.4625338961785459
2112.0,26,127.0,0.7559523809523809,9.9344546232329,168.0,1977.0,11.767857142857142,0.0,0.0,19,228.0,74.0,7.187709370164797,4.30188679245283,4.30188679245283,53.0,1.0,8.0,0.0,0.0,19.0,0.7306711355938318,10.0,128.0,0.1572960809867355,0.0,0.0,0.7637181652595912,1.0,4.0,4.633174819612532e-05,0.0,15.0,0.794957414605946,1.0,0.0,0.7246210612535415,0.0,17.0,0.8623262407605652,5.0,18.0,0.1833247559779843,1.0,13.0,0.6283892321578498,0.0,0.0,0.9131173344752724,0.0,6.0,0.6380346625169757
2120.0,24,171.0,0.9771428571428572,9.827162556606332,175.0,1960.0,11.2,0.0,0.0,21,318.0,90.0,6.687243217211659,6.115384615384615,6.115384615384615,52.0,2.0,19.0,0.3375218485342272,0.0,18.0,0.8742285799240057,14.0,214.0,0.1103382205842269,0.0,0.0,1.0,0.0,0.0,1.0,1.0,7.0,0.5324936108158375,0.0,9.0,0.836556931517783,1.0,15.0,0.7977312272578497,0.0,10.0,0.5308186004056745,1.0,2.0,0.3129697330343146,0.0,0.0,1.0,2.0,24.0,0.3217824807669489
2128.0,22,105.0,0.5898876404494382,9.802430939969582,178.0,1983.0,11.140449438202246,23.0,0.1292134831460674,16,249.0,0.0,6.071795823072743,5.1875,5.1875,48.0,3.0,33.0,0.2255607122040119,0.0,45.0,0.918843162274229,3.0,94.0,0.0878212920719223,0.0,0.0,0.4223940136214464,0.0,0.0,1.0,1.0,8.0,0.396056072514943,2.0,8.0,0.0737096280370782,2.0,29.0,0.4739382549581919,5.0,32.0,0.4114859031209004,0.0,0.0,0.958767287236004,0.0,0.0,0.9350408409968698,0.0,0.0,0.8154849728913877
2136.0,16,113.0,0.6457142857142857,10.456314866080955,175.0,1951.0,11.148571428571428,0.0,0.0,11,222.0,0.0,6.814784574045991,5.6923076923076925,5.6923076923076925,39.0,4.0,60.0,0.1937891705413418,0.0,40.0,0.6450783522543545,5.0,103.0,0.2937102234157398,0.0,0.0,0.8337279551609277,0.0,0.0,1.0,0.0,0.0,0.7446942939670881,0.0,1.0,0.7263038893409156,0.0,6.0,0.7533421276502246,1.0,12.0,0.2544251741799666,1.0,0.0,0.2252076834846351,0.0,0.0,1.0,0.0,0.0,1.0
2144.0,19,114.0,0.6477272727272727,10.53131197833828,176.0,1912.0,10.863636363636363,0.0,0.0,11,148.0,0.0,7.694496139582677,2.8461538461538463,2.8461538461538463,52.0,2.0,18.0,0.2718742948142574,1.0,24.0,0.4712380493971489,0.0,39.0,0.3328660990113994,0.0,3.0,0.7723410189941083,1.0,8.0,0.4043571560819157,1.0,1.0,0.7247862357299935,0.0,0.0,0.6083454074767636,2.0,24.0,0.3643965428856413,4.0,26.0,0.4247367241025277,0.0,5.0,0.8839877755540814,0.0,0.0,1.0,0.0,0.0,0.9181812626667284
2152.0,39,268.0,1.3958333333333333,8.8335024586557,192.0,2070.0,10.78125,158.0,0.8229166666666666,27,219.0,71.0,4.132078646381021,3.65,3.65,60.0,2.0,25.0,0.3350336232990905,2.0,5.0,0.061241394733388,4.0,26.0,0.2587592564908718,4.0,22.0,0.0881559680304438,1.0,7.0,0.0162306581877885,2.0,20.0,0.5325707272034877,1.0,3.0,0.0002842893641035,0.0,1.0,0.3942954216188077,7.0,70.0,0.1511474587013896,2.0,13.0,1.8587099737610247e-05,0.0,0.0,0.4405852368799899,2.0,27.0,0.4232398597138081
2160.0,32,255.0,1.2814070351758795,9.221641258033976,199.0,2119.0,10.64824120603015,49.0,0.2462311557788944,18,221.0,2.0,5.840096626207197,3.745762711864407,3.745762711864407,59.0,2.0,12.0,0.2108319730384354,2.0,42.0,0.4639245057021822,5.0,46.0,0.209144539572803,1.0,14.0,0.4851714728610852,2.0,26.0,0.1290920904764542,0.0,7.0,0.3655346743829085,0.0,8.0,0.4842408576882571,0.0,0.0,0.8380365884199484,2.0,43.0,0.316312784806211,0.0,0.0,0.935137857897897,0.0,0.0,0.9831618833743178,4.0,23.0,0.1625853183161329
2168.0,31,354.0,1.7611940298507462,10.06751102107297,201.0,2149.0,10.691542288557214,30.0,0.1492537313432835,16,249.0,28.0,7.509155688419976,5.081632653061225,5.081632653061225,49.0,3.0,31.0,0.2258052290228889,2.0,37.0,0.0,8.0,89.0,0.1803427531621285,1.0,3.0,0.4479278459703948,0.0,0.0,1.0,0.0,15.0,0.7413147861038838,0.0,0.0,0.9780168625179864,0.0,8.0,0.8531534380542881,2.0,58.0,0.5437585411537224,0.0,0.0,0.9646047455326484,0.0,0.0,0.931111676466026,0.0,8.0,0.4472625274938558
2176.0,33,431.0,2.1658291457286434,9.755797728844293,199.0,2185.0,10.979899497487438,36.0,0.1809045226130653,19,352.0,103.0,6.3340909823783145,6.6415094339622645,6.6415094339622645,53.0,5.0,52.0,0.1766209988164618,2.0,100.0,0.4483753642124201,3.0,86.0,0.0453748271989562,1.0,1.0,0.3341141268358351,0.0,0.0,0.5720137434305341,2.0,20.0,0.5242166129161864,0.0,3.0,0.5026834855736736,1.0,6.0,0.645459957058934,2.0,63.0,0.4770776988720006,0.0,0.0,0.8367273638996723,1.0,2.0,0.0012097078216296,2.0,19.0,0.4616774180642413
2184.0,28,457.0,2.308080808080808,9.164356134138025,198.0,2260.0,11.414141414141412,75.0,0.3787878787878788,18,274.0,0.0,4.51342790968709,4.566666666666666,4.566666666666666,60.0,2.0,30.0,0.111826818278636,2.0,69.0,0.2558060154219943,3.0,71.0,0.1340610517903292,1.0,3.0,0.4911717340180737,0.0,0.0,1.0,2.0,33.0,0.4180441453742183,2.0,11.0,0.2419920975127998,1.0,2.0,0.2524753158819341,2.0,26.0,0.2665106012991217,0.0,0.0,0.7739802774923759,0.0,0.0,0.9100444827997016,3.0,29.0,0.2524466286466097
2192.0,29,451.0,2.266331658291457,9.744593624528308,199.0,2280.0,11.457286432160805,20.0,0.100502512562814,12,236.0,0.0,8.340286075145247,5.0212765957446805,5.0212765957446805,47.0,4.0,55.0,0.246436489627681,2.0,113.0,0.3172271966616223,0.0,3.0,0.647291465005485,0.0,2.0,0.9792817127497504,0.0,6.0,0.6406764132759903,1.0,1.0,0.760891627421135,0.0,3.0,0.9865271564733642,0.0,9.0,0.7942214552562084,1.0,11.0,0.7164521415815305,1.0,5.0,0.2674468318140583,0.0,0.0,0.910937446980407,3.0,28.0,0.0931888215057397
2200.0,35,633.0,3.229591836734694,10.015763719154608,196.0,2370.0,12.091836734693878,90.0,0.4591836734693877,18,302.0,66.0,6.793982663499813,5.11864406779661,5.11864406779661,59.0,4.0,70.0,0.0733834484813695,2.0,101.0,0.432401611566013,1.0,9.0,0.3582906619897864,0.0,4.0,0.6148970805251239,1.0,9.0,2.1942551787588397e-05,0.0,5.0,0.7023354908980073,0.0,6.0,0.9352983218992864,2.0,16.0,0.4960035630215332,3.0,20.0,0.2508162835422276,0.0,3.0,0.7979032568329618,0.0,0.0,0.7014271024517992,5.0,59.0,0.0159177656897066
2208.0,34,520.0,2.639593908629441,9.437417940250857,197.0,2309.0,11.720812182741115,0.0,0.0,17,233.0,0.0,6.659142030141599,5.177777777777778,5.177777777777778,45.0,1.0,4.0,0.3748542818061117,0.0,37.0,0.9471930187306994,4.0,34.0,0.144838829325775,0.0,9.0,0.9529397103243552,1.0,1.0,0.0025586718693181,2.0,15.0,0.603903787566402,1.0,10.0,0.439729003156153,0.0,3.0,0.9556649700081244,0.0,3.0,0.6147548844907327,2.0,8.0,0.2700099559223575,0.0,0.0,0.949640291587754,6.0,109.0,0.1419453419535351
2216.0,32,545.0,2.7948717948717947,9.451932322741596,195.0,2433.0,12.476923076923075,124.0,0.6358974358974359,20,283.0,50.0,5.426065055343224,5.895833333333333,5.895833333333333,48.0,1.0,10.0,0.0,1.0,67.0,0.3274954176378299,4.0,66.0,0.1869625594987969,2.0,18.0,7.478472133634753e-05,0.0,4.0,0.8022600283918171,2.0,13.0,0.4449927748907585,0.0,0.0,0.9657462241269386,1.0,5.0,0.7379196786963653,4.0,27.0,0.2344497531151166,2.0,6.0,0.3515430743415949,0.0,0.0,0.9678823103870208,3.0,67.0,0.2278631031776491
2224.0,25,241.0,1.229591836734694,9.578188497910965,196.0,2628.0,13.408163265306122,195.0,0.9948979591836736,11,221.0,0.0,6.63349723689416,4.510204081632653,4.510204081632653,49.0,2.0,25.0,0.2287794143271254,1.0,17.0,0.4832312521292332,0.0,14.0,0.4942618411716893,0.0,0.0,1.0,0.0,3.0,0.0136669251260318,0.0,7.0,0.4407471217909127,0.0,5.0,0.9532798732816988,1.0,9.0,0.6334693370382145,3.0,39.0,0.2236868874662782,1.0,16.0,0.5705054261213917,0.0,0.0,1.0,3.0,86.0,0.1416849979258688
2232.0,32,238.0,1.2659574468085106,8.908473333933877,188.0,2610.0,13.882978723404255,0.0,0.0,20,290.0,69.0,4.70595054155853,5.2727272727272725,5.2727272727272725,55.0,2.0,31.0,0.4784051716150501,2.0,34.0,0.1718737318556738,2.0,25.0,0.1657900820977378,0.0,0.0,0.4596509170770976,1.0,29.0,0.1127800771868122,1.0,13.0,0.430016375113315,0.0,1.0,0.8456355601662128,2.0,19.0,0.4566461891961412,4.0,37.0,0.2288612564706304,2.0,22.0,0.1241493512587899,0.0,0.0,1.0,4.0,79.0,0.1838487079571926
2240.0,43,315.0,1.721311475409836,8.818889817500441,183.0,2726.0,14.896174863387978,116.0,0.6338797814207651,28,379.0,89.0,4.735670123132233,6.213114754098361,6.213114754098361,61.0,6.0,25.0,0.0376164166413962,0.0,25.0,0.736900899603906,3.0,50.0,0.5483013208001632,1.0,5.0,0.4854148755345699,3.0,52.0,0.0,4.0,37.0,0.2292031768145978,1.0,6.0,0.4502038511381361,3.0,20.0,0.1672181753732709,1.0,53.0,0.4452978206951949,3.0,31.0,0.0,0.0,3.0,0.93216567033152,3.0,72.0,0.2287958021107774
2248.0,37,355.0,1.9293478260869563,9.222375969320538,184.0,2925.0,15.896739130434783,199.0,1.0815217391304348,19,459.0,80.0,5.913302563836762,9.5625,9.5625,48.0,2.0,25.0,0.3200902975802598,1.0,96.0,0.0105273073042456,4.0,73.0,0.2138553243652499,0.0,0.0,0.9525511211135396,1.0,20.0,0.2097441299643545,0.0,37.0,0.4066885582478244,0.0,3.0,0.9205954044444632,0.0,0.0,0.5176678463459894,6.0,67.0,0.345180632281012,0.0,13.0,0.4339366084656364,0.0,7.0,0.9744450896113852,5.0,118.0,0.1390490297231076
2256.0,26,303.0,1.7215909090909092,9.499705776326165,176.0,2950.0,16.761363636363637,25.0,0.1420454545454545,11,281.0,0.0,6.588231900115144,5.97872340425532,5.97872340425532,47.0,4.0,50.0,0.1919385883239849,0.0,39.0,0.8102562933944919,1.0,14.0,0.3713457294117431,0.0,18.0,0.4719412618334394,1.0,21.0,0.2229196797773941,2.0,21.0,0.3641574662138996,1.0,16.0,0.4598721359962642,0.0,0.0,1.0,1.0,23.0,0.5782071156896177,1.0,21.0,0.4836649963162749,0.0,0.0,1.0,0.0,58.0,0.206542752128961
2264.0,28,339.0,1.9482758620689653,9.73695720931231,174.0,2960.0,17.011494252873565,10.0,0.057471264367816,14,185.0,0.0,7.134767440088535,4.3023255813953485,4.3023255813953485,43.0,1.0,11.0,0.0047540330783822,0.0,39.0,0.548723182303146,2.0,20.0,0.4247743327222761,1.0,4.0,0.4628802521381116,0.0,0.0,0.6243324275475182,1.0,8.0,0.0,1.0,4.0,0.3962680791916331,0.0,1.0,0.7822942950097331,4.0,30.0,0.3582226632991019,0.0,3.0,0.2962329281839254,0.0,0.0,0.9157258702408384,4.0,65.0,0.3677169836543561
2272.0,29,397.0,2.2685714285714287,9.354868438016064,175.0,2910.0,16.62857142857143,0.0,0.0,13,159.0,0.0,7.028983499753612,3.0,3.0,53.0,0.0,2.0,0.5756853853005969,0.0,41.0,0.5504496971356212,1.0,13.0,0.2685704458042447,2.0,5.0,0.3084709586539304,0.0,0.0,0.9047128508790184,1.0,4.0,0.5146027046413751,1.0,23.0,0.6908785157508734,5.0,17.0,0.3133898683003913,3.0,22.0,0.0612630692052556,0.0,4.0,0.8360513792662353,0.0,0.0,0.955836919983558,0.0,28.0,0.3055363692311309
2280.0,33,552.0,3.136363636363636,8.64144592243052,176.0,2950.0,16.761363636363637,40.0,0.2272727272727272,18,252.0,93.0,5.386728756918657,5.142857142857143,5.142857142857143,49.0,2.0,10.0,0.0133291610643254,0.0,84.0,0.762131693941078,0.0,0.0,0.7521180514333178,1.0,4.0,0.091094485429229,0.0,0.0,1.0,4.0,30.0,0.3337783979966371,1.0,19.0,0.0,0.0,12.0,0.5815264277388174,4.0,55.0,0.3022888395905589,0.0,0.0,0.7918934179260122,0.0,0.0,1.0,6.0,38.0,0.0667639595603452
2288.0,33,655.0,3.721590909090909,9.68734810331825,176.0,3074.0,17.46590909090909,124.0,0.7045454545454546,16,301.0,49.0,7.393468976895271,6.270833333333333,6.270833333333333,48.0,2.0,18.0,0.2120899922641231,0.0,81.0,0.9191934558298732,2.0,15.0,0.526791499587208,0.0,3.0,0.6491042582900391,0.0,0.0,0.4964598886236228,0.0,2.0,0.442711696892242,0.0,10.0,0.7528465517241066,0.0,0.0,0.9972431575573376,9.0,110.0,0.2219640560021962,1.0,1.0,0.0003284448851973,0.0,0.0,1.0,2.0,61.0,0.4063337814015494
2296.0,46,878.0,4.850828729281768,9.090793880756816,181.0,3277.0,18.104972375690608,203.0,1.1215469613259668,26,457.0,156.0,6.789226196482741,7.370967741935484,7.370967741935484,62.0,1.0,15.0,0.3221629802941889,0.0,68.0,0.8363397901817607,2.0,34.0,0.5315067379901315,2.0,13.0,0.4135271660936334,1.0,7.0,0.4867802709364768,0.0,3.0,0.923897849603066,0.0,8.0,0.8502591112785505,0.0,3.0,0.9013144375897602,15.0,206.0,0.0299143131569919,1.0,9.0,0.7294057588045211,0.0,0.0,1.0,4.0,91.0,0.2337441361093725
2304.0,32,835.0,4.7175141242937855,9.200200126302873,177.0,3396.0,19.1864406779661,119.0,0.672316384180791,13,278.0,0.0,5.687339942891912,6.318181818181818,6.318181818181818,44.0,0.0,0.0,0.1639104236065277,1.0,35.0,0.2369401044148125,4.0,67.0,0.3586831589796092,0.0,0.0,1.0,0.0,0.0,1.0,2.0,9.0,0.4337096547152756,0.0,0.0,1.0,1.0,7.0,0.6978744409404758,0.0,96.0,0.3191792112286625,1.0,17.0,0.487124155053291,0.0,0.0,1.0,4.0,47.0,0.0066499964493669
2312.0,29,923.0,5.043715846994536,9.702511373300052,183.0,3637.0,19.87431693989071,241.0,1.3169398907103824,6,92.0,0.0,7.919700799784569,2.7058823529411766,2.7058823529411766,34.0,3.0,16.0,0.3282552498619154,0.0,0.0,1.0,0.0,30.0,0.3583014923993451,0.0,0.0,1.0,0.0,0.0,1.0,1.0,10.0,0.4190990249071349,0.0,0.0,1.0,0.0,11.0,0.8113149772282165,1.0,3.0,0.4618519423141258,1.0,2.0,0.3535784357326814,0.0,0.0,0.9340535973139852,0.0,20.0,0.3762013864782393
2320.0,37,1116.0,6.23463687150838,10.038902861166196,179.0,3803.0,21.24581005586592,166.0,0.9273743016759776,14,185.0,93.0,8.444677565512004,3.7755102040816326,3.7755102040816326,49.0,3.0,17.0,0.419902999707653,0.0,0.0,0.5832999670674935,4.0,46.0,0.1465705271820959,0.0,0.0,0.9641651686702708,0.0,4.0,0.0288134421857364,1.0,6.0,0.647580220275732,0.0,4.0,0.8253370037355279,0.0,0.0,0.7066997914972258,1.0,14.0,0.7250030122415378,2.0,15.0,0.3043416535753562,0.0,0.0,1.0,3.0,79.0,0.5028654312149153
2328.0,39,1069.0,6.1085714285714285,9.093483673438012,175.0,3800.0,21.714285714285715,0.0,0.0,19,245.0,60.0,6.56721946201717,5.568181818181818,5.568181818181818,44.0,6.0,45.0,1.8640024211303356e-06,0.0,0.0,1.0,4.0,80.0,0.4002967526630088,2.0,6.0,0.0001682348478126,0.0,0.0,1.0,0.0,7.0,0.9096442993493704,0.0,4.0,0.705935082190738,1.0,4.0,0.4442642562003516,1.0,13.0,0.4316608450758846,0.0,4.0,0.9394092762742564,0.0,0.0,1.0,5.0,82.0,0.2563417749916115
2336.0,31,280.0,1.6470588235294117,9.25757749996852,170.0,3833.0,22.54705882352941,33.0,0.1941176470588235,12,226.0,0.0,7.7419856627847485,5.255813953488372,5.255813953488372,43.0,1.0,6.0,0.3714714601930106,0.0,33.0,0.8213105538530221,5.0,92.0,0.3195664796569718,0.0,0.0,0.3887645655870311,0.0,0.0,1.0,1.0,8.0,0.7131457641467025,0.0,0.0,0.9630853351361888,4.0,25.0,0.323932957923963,0.0,7.0,0.4931485886313429,0.0,0.0,0.9529178933138976,0.0,0.0,0.9403216289691716,1.0,55.0,0.3901340792339091
2344.0,27,118.0,0.659217877094972,8.71762734837169,179.0,3963.0,22.139664804469277,130.0,0.7262569832402235,19,551.0,325.0,5.134988532245582,11.72340425531915,11.72340425531915,47.0,1.0,11.0,0.3487743589938441,0.0,31.0,0.976382041832122,6.0,320.0,0.1918953997536054,1.0,16.0,0.1310876031774839,0.0,0.0,0.9491592534583364,3.0,24.0,0.2104590460280024,0.0,0.0,0.976215538949224,1.0,29.0,0.6645616895042311,4.0,29.0,0.0022333007131043,0.0,0.0,0.1829184222448398,0.0,4.0,0.69290437316946,3.0,87.0,0.1157148604051844
2352.0,37,185.0,1.0054347826086956,8.714752790659452,184.0,3993.0,21.70108695652174,30.0,0.1630434782608695,16,488.0,0.0,7.248441694173688,8.56140350877193,8.56140350877193,57.0,0.0,0.0,0.7900912775496701,0.0,3.0,0.9363253611691632,5.0,292.0,0.3612738366656156,2.0,16.0,0.3454989642932747,1.0,7.0,0.2598780373527646,1.0,21.0,0.0803254292498209,0.0,9.0,0.8407068960531628,5.0,14.0,0.2050487568929924,1.0,23.0,0.3562107796990171,0.0,0.0,0.9868149809593298,0.0,4.0,0.9568528905040252,1.0,99.0,0.3346540520426987
2360.0,37,173.0,0.9402173913043478,8.862095981091242,184.0,4014.0,21.815217391304348,21.0,0.1141304347826086,27,1014.0,526.0,5.648992869924605,17.482758620689655,17.482758620689655,58.0,1.0,4.0,0.1966983805104646,0.0,78.0,0.8423070416609446,11.0,529.0,0.1852379463091973,0.0,0.0,1.0,1.0,3.0,3.77285488468095e-05,2.0,2.0,0.4890440067041034,1.0,10.0,0.4972830675316794,0.0,12.0,0.6643725524721596,8.0,56.0,0.1453621193253008,0.0,3.0,0.8972752550823672,0.0,4.0,0.9524340277345492,3.0,313.0,0.2860194631303202
2368.0,23,141.0,0.8011363636363636,9.257274707585498,176.0,3899.0,22.15340909090909,0.0,0.0,9,534.0,0.0,6.600410072308216,12.418604651162791,12.418604651162791,43.0,0.0,0.0,0.9788726807557844,0.0,36.0,0.3309997060824846,6.0,163.0,0.2519306318119171,0.0,6.0,0.9784541055324824,0.0,3.0,0.950195852894816,0.0,0.0,0.990662366578088,1.0,11.0,0.6942502185362356,0.0,9.0,0.479347116965928,1.0,17.0,0.2824700412290229,0.0,0.0,1.0,0.0,0.0,0.353412322096802,1.0,289.0,0.2845072766375515
2376.0,47,350.0,1.9774011299435028,8.400677808663355,177.0,4016.0,22.689265536723163,117.0,0.6610169491525424,30,671.0,137.0,3.9665471904241305,10.82258064516129,10.82258064516129,62.0,0.0,0.0,0.94442507722395,0.0,0.0,1.0,11.0,221.0,0.0932499172692522,2.0,8.0,0.2796511325047969,0.0,0.0,1.0,0.0,8.0,0.6640228177585511,2.0,19.0,0.3945136236787091,0.0,20.0,0.5101090815692808,7.0,39.0,0.1097978800899015,0.0,0.0,0.9776681528073348,1.0,5.0,0.0,7.0,351.0,0.0720632806939545
2384.0,44,487.0,2.7670454545454546,8.459384401671846,176.0,3970.0,22.556818181818183,0.0,0.0,30,567.0,0.0,3.870929956153681,10.5,10.5,54.0,2.0,3.0,0.0022727136642875,0.0,69.0,0.9310108507936632,9.0,270.0,0.0620937754834408,2.0,6.0,0.3117331051552054,0.0,0.0,1.0,0.0,3.0,0.9163845261743236,1.0,5.0,0.3799826902423435,8.0,63.0,0.0399332432254848,3.0,23.0,0.2087000540323254,0.0,8.0,0.4644975655899059,0.0,0.0,1.0,5.0,117.0,0.2838315688419893
2392.0,43,690.0,3.791208791208791,9.050109821106949,182.0,4092.0,22.48351648351648,122.0,0.6703296703296703,24,588.0,21.0,5.475786941431217,11.09433962264151,11.09433962264151,53.0,2.0,19.0,0.0808809068854543,1.0,4.0,0.4956828301970115,10.0,344.0,0.2812785528348293,0.0,0.0,0.4501562975062559,0.0,3.0,0.0532747974062149,1.0,4.0,0.4637113271802639,2.0,11.0,0.2601997022424596,0.0,11.0,0.6025073894134028,3.0,27.0,0.2500029891726866,0.0,4.0,0.6565817061770256,0.0,5.0,0.9368633821549974,5.0,156.0,0.1652468352006235
2400.0,45,732.0,3.873015873015873,8.891772418226022,189.0,4196.0,22.201058201058203,104.0,0.5502645502645502,25,600.0,12.0,6.432390286125154,9.23076923076923,9.23076923076923,65.0,3.0,41.0,0.0,1.0,12.0,0.3187311879043727,7.0,241.0,0.2294113966834669,1.0,1.0,0.6351232269813926,1.0,9.0,0.0,1.0,12.0,0.6574943354946944,2.0,37.0,0.5566648828623508,0.0,9.0,0.9469534241068862,1.0,17.0,0.572851505550898,1.0,11.0,0.411087868728011,0.0,0.0,1.0,7.0,210.0,0.1652018150223883
2408.0,44,630.0,3.4806629834254146,8.626568604226879,181.0,4283.0,23.662983425414364,87.0,0.4806629834254143,28,735.0,135.0,3.685212020991585,14.411764705882351,14.411764705882351,51.0,3.0,65.0,0.0,0.0,145.0,0.8790890182201473,4.0,246.0,0.1368419366970172,2.0,11.0,0.3308123841782108,0.0,0.0,1.0,0.0,0.0,0.9580205714188548,2.0,43.0,0.0,2.0,7.0,0.3132499684478894,6.0,20.0,0.1384623207318598,1.0,7.0,0.5784784617339073,0.0,0.0,1.0,8.0,191.0,0.0883063114066142
2416.0,36,647.0,3.5355191256830603,9.60214557507577,183.0,4339.0,23.7103825136612,56.0,0.3060109289617486,21,591.0,0.0,5.8102339621240855,11.588235294117649,11.588235294117649,51.0,0.0,3.0,0.3705181056810093,0.0,27.0,0.9421269131527708,9.0,297.0,0.0733745342303594,5.0,35.0,0.0855757627469041,0.0,1.0,0.9082499104595152,0.0,0.0,0.958870799669841,0.0,3.0,0.9774088864261672,0.0,3.0,0.8568916601760531,4.0,56.0,0.2277045920354768,1.0,2.0,0.4834592275335413,0.0,0.0,0.9425243885892652,2.0,164.0,0.3121986130860123
2424.0,35,774.0,4.448275862068965,9.387571970031493,174.0,4329.0,24.879310344827587,0.0,0.0,17,541.0,0.0,5.303592386147323,9.836363636363636,9.836363636363636,55.0,0.0,0.0,0.2241819889517625,0.0,0.0,1.0,4.0,227.0,0.178233900583312,3.0,46.0,0.0,0.0,0.0,0.0082742174518555,0.0,11.0,0.8987243122703916,0.0,0.0,0.9099094737022688,0.0,0.0,0.8615568820039349,5.0,94.0,0.1408963899221567,0.0,15.0,0.7455182141503554,0.0,0.0,1.0,5.0,148.0,0.1981117609728319
2432.0,27,383.0,2.1885714285714286,9.199473349045247,175.0,4480.0,25.6,151.0,0.8628571428571429,15,398.0,0.0,4.630812057097462,9.707317073170731,9.707317073170731,41.0,0.0,0.0,0.2091650534859118,0.0,13.0,0.9849549959416686,3.0,190.0,0.1273666163906568,3.0,70.0,0.2267209683429022,1.0,4.0,3.2618432797203754e-05,2.0,18.0,0.3028935467487864,1.0,3.0,9.76690561257916e-05,0.0,0.0,0.5772919086157076,1.0,24.0,0.184181475754538,1.0,11.0,0.4319205753191712,0.0,0.0,1.0,3.0,65.0,0.403087326621652
2440.0,24,239.0,1.4311377245508985,10.137406806158491,167.0,4391.0,26.29341317365269,0.0,0.0,12,660.0,262.0,5.813827736528838,16.5,16.5,40.0,1.0,2.0,0.4628781710349722,0.0,3.0,0.9226314559987152,1.0,497.0,0.38165779532125,3.0,94.0,0.0,0.0,3.0,0.0153114935776311,0.0,0.0,0.6227571944643295,0.0,0.0,0.5932687614964621,0.0,7.0,0.7064529728890954,1.0,8.0,0.473077275430906,0.0,0.0,0.9933154661664744,0.0,0.0,1.0,6.0,46.0,0.0861849384000358
2448.0,20,192.0,1.2229299363057324,10.77752728799215,157.0,4386.0,27.93630573248408,0.0,0.0,9,196.0,0.0,8.84681989946687,7.538461538461538,7.538461538461538,26.0,0.0,0.0,1.0,0.0,0.0,1.0,4.0,129.0,0.2788908545932896,0.0,6.0,0.7435626484340265,0.0,0.0,1.0,0.0,5.0,0.83328901841424,0.0,3.0,0.9895822000918596,0.0,0.0,1.0,2.0,11.0,0.3234784459259823,0.0,0.0,0.9566372208565388,0.0,0.0,1.0,3.0,42.0,0.3012660296812477
2456.0,25,252.0,1.605095541401274,10.270018449285038,157.0,4154.0,26.45859872611465,0.0,0.0,12,306.0,110.0,6.915620956703688,7.846153846153846,7.846153846153846,39.0,0.0,0.0,1.0,0.0,0.0,1.0,3.0,206.0,0.2932699347399635,1.0,20.0,0.4794667193412935,0.0,1.0,0.3944568478279066,0.0,0.0,0.743046114295365,0.0,4.0,0.4701263756507922,0.0,0.0,0.9747701066339364,2.0,14.0,0.375263810804699,1.0,1.0,0.6286671009488545,0.0,3.0,0.960108278962882,5.0,57.0,0.113187023266235
2464.0,32,451.0,2.947712418300654,9.562353969918805,153.0,4015.0,26.24183006535948,0.0,0.0,16,222.0,0.0,6.672445743838694,5.162790697674419,5.162790697674419,43.0,0.0,0.0,1.0,0.0,0.0,1.0,1.0,41.0,0.3591850983989825,1.0,15.0,0.0,0.0,2.0,0.5981856512399091,1.0,4.0,0.6366862545208346,0.0,3.0,0.5489516177142869,0.0,0.0,0.6378180967232773,3.0,49.0,0.5310987928633734,1.0,1.0,0.5234164075352447,0.0,0.0,0.9242565010102766,9.0,107.0,0.0919674306318172
2472.0,25,386.0,2.5906040268456376,9.0945988678661,149.0,3637.0,24.409395973154364,0.0,0.0,15,166.0,0.0,5.310383943125628,3.86046511627907,3.86046511627907,43.0,0.0,0.0,1.0,0.0,20.0,0.4381014673502038,5.0,39.0,0.1237808922584309,0.0,0.0,0.2652840870386563,2.0,14.0,0.0966370627971756,1.0,2.0,0.667433360318285,1.0,7.0,0.0,1.0,5.0,0.7315756975576979,2.0,34.0,0.2694197079860492,3.0,15.0,0.3017341073585139,0.0,0.0,1.0,0.0,30.0,0.3308404640707125
2480.0,30,500.0,3.4965034965034967,9.190815806962595,143.0,3438.0,24.041958041958043,0.0,0.0,17,426.0,260.0,4.526800298173167,10.142857142857142,10.142857142857142,42.0,0.0,0.0,0.6987456436848624,0.0,20.0,0.6365280697113926,10.0,293.0,0.1340200995787317,0.0,3.0,0.5515108563724626,0.0,11.0,0.2960487916648005,2.0,19.0,0.4711573309744938,0.0,0.0,1.0,0.0,4.0,0.3906896478675639,5.0,63.0,0.0887182032238203,0.0,13.0,0.2791797876890324,0.0,0.0,1.0,0.0,0.0,1.0
2488.0,22,534.0,3.955555555555556,9.765374507287635,135.0,3192.0,23.64444444444445,0.0,0.0,9,367.0,0.0,4.930131381869399,11.838709677419354,11.838709677419354,31.0,1.0,6.0,0.4196145738380629,0.0,0.0,1.0,0.0,249.0,0.2880305038602094,1.0,3.0,0.3953662250369628,0.0,0.0,1.0,2.0,32.0,0.254082588924428,0.0,0.0,1.0,2.0,7.0,0.3285295237137979,1.0,54.0,0.2544684948263545,1.0,14.0,0.3158991886957817,0.0,0.0,1.0,1.0,2.0,0.3142286283596506
2496.0,28,562.0,4.014285714285714,9.77350394524576,140.0,3339.0,23.85,147.0,1.05,17,632.0,265.0,5.418811791008093,17.555555555555557,17.555555555555557,36.0,2.0,22.0,0.0794642563568952,0.0,33.0,0.955347007993288,7.0,474.0,0.1298749730848524,1.0,11.0,0.4925654714700213,0.0,3.0,0.9464196457568872,0.0,0.0,0.551054728044442,0.0,2.0,0.9943359074463732,2.0,27.0,0.3642873235307934,3.0,33.0,0.3780354571143187,1.0,19.0,0.0,0.0,0.0,1.0,1.0,8.0,0.4045330035436907
2504.0,24,506.0,3.6402877697841727,9.666633818687204,139.0,3420.0,24.60431654676259,81.0,0.5827338129496403,12,422.0,0.0,7.074595892232691,11.105263157894736,11.105263157894736,38.0,0.0,4.0,0.890341098666321,0.0,30.0,0.989835912109991,0.0,239.0,0.3322414447603388,1.0,35.0,0.743525914810474,1.0,7.0,5.418748641951602e-05,1.0,13.0,0.4840582467416572,0.0,4.0,0.9810633146482136,2.0,13.0,0.2815803187847697,3.0,53.0,0.333897196497197,0.0,0.0,1.0,0.0,0.0,1.0,4.0,24.0,0.0001397912912191
2512.0,21,127.0,0.9621212121212122,10.091855526740993,132.0,3374.0,25.560606060606062,0.0,0.0,15,377.0,0.0,5.696617061238892,10.47222222222222,10.47222222222222,36.0,2.0,6.0,5.140896678152228e-05,0.0,0.0,1.0,8.0,274.0,0.1458260720679831,1.0,27.0,0.4950674919712357,0.0,0.0,1.0,1.0,7.0,0.517456030948663,0.0,0.0,1.0,2.0,14.0,0.2765006388296616,1.0,45.0,0.3098540762269999,0.0,0.0,0.9027126482295132,0.0,0.0,1.0,0.0,4.0,0.98685839876416
2520.0,20,81.0,0.6585365853658537,9.985770513521327,123.0,3120.0,25.365853658536587,0.0,0.0,12,581.0,204.0,5.361367275228163,18.15625,18.15625,32.0,1.0,13.0,0.1503667751192372,0.0,110.0,0.772480818899754,0.0,363.0,0.307526692387866,0.0,2.0,0.955774360058648,0.0,0.0,1.0,2.0,3.0,0.0130918888671122,0.0,7.0,0.4582239696586062,6.0,29.0,0.0779142554543924,2.0,50.0,3.1290673667240237e-06,0.0,0.0,1.0,0.0,3.0,0.9579063659343002,1.0,1.0,0.0054973095878668
2528.0,12,78.0,0.6554621848739496,10.839834422787767,119.0,2556.0,21.478991596638654,0.0,0.0,10,402.0,0.0,6.781788438733496,14.88888888888889,14.88888888888889,27.0,1.0,20.0,0.3310337978319556,0.0,73.0,0.9286692291056764,5.0,250.0,0.238727725857665,1.0,3.0,0.4696239136324999,0.0,0.0,1.0,2.0,19.0,0.1107760453801405,0.0,8.0,0.5589112106933131,0.0,11.0,0.3579054550966758,0.0,6.0,0.5642546344031338,0.0,0.0,1.0,0.0,3.0,0.699400609744831,1.0,9.0,0.0
2536.0,13,119.0,1.017094017094017,10.86433467424676,117.0,2487.0,21.256410256410252,0.0,0.0,8,280.0,0.0,6.895845438924503,9.333333333333334,9.333333333333334,30.0,1.0,26.0,0.0,1.0,138.0,0.2900667029107668,1.0,36.0,0.329105893919328,2.0,19.0,0.4932214807602139,0.0,0.0,0.0402548705514617,3.0,42.0,0.2583917370143984,0.0,10.0,0.7721327037343158,0.0,4.0,0.9277329748054156,0.0,1.0,0.93738193046164,0.0,0.0,1.0,0.0,0.0,1.0,0.0,4.0,0.3336145747626765
2544.0,18,110.0,0.9482758620689656,10.395791715988928,116.0,2562.0,22.08620689655172,75.0,0.646551724137931,12,98.0,0.0,4.059864728360236,4.083333333333333,4.083333333333333,24.0,0.0,2.0,0.2092117066454001,0.0,0.0,1.0,2.0,42.0,0.047244454470436,1.0,3.0,0.152544612032567,0.0,0.0,1.0,2.0,15.0,0.1923032039384625,6.0,30.0,0.1439901606511722,0.0,0.0,1.0,1.0,5.0,2.1998570459503967e-05,0.0,1.0,0.6748559160365226,0.0,0.0,1.0,0.0,0.0,0.9732968253200784
2552.0,14,106.0,0.913793103448276,10.24462522696638,116.0,2492.0,21.48275862068965,0.0,0.0,7,180.0,82.0,6.340269503485534,7.2,7.2,25.0,0.0,3.0,0.9953899818764936,0.0,3.0,0.9613715526002792,1.0,8.0,0.5154754493084622,1.0,6.0,0.565882810886484,0.0,0.0,1.0,3.0,25.0,0.111747238994054,0.0,21.0,0.4209289876923895,0.0,0.0,1.0,1.0,13.0,0.1011105623575087,0.0,0.0,1.0,0.0,0.0,1.0,1.0,101.0,0.3467845251410257
2560.0,13,108.0,0.972972972972973,10.695573188699017,111.0,2261.0,20.36936936936937,0.0,0.0,9,126.0,0.0,6.684389738713513,4.5,4.5,28.0,0.0,0.0,0.0513839083818575,1.0,4.0,6.097402083211599e-05,3.0,44.0,0.4582582451317508,1.0,13.0,0.0,0.0,0.0,1.0,0.0,15.0,0.6066580375844185,0.0,0.0,1.0,0.0,3.0,0.5293376544349577,2.0,29.0,0.2923131884725334,0.0,0.0,1.0,0.0,0.0,1.0,2.0,18.0,0.0
2568.0,15,118.0,1.0925925925925926,9.898404039355835,108.0,2081.0,19.26851851851852,0.0,0.0,15,296.0,170.0,4.92181034415104,8.0,8.0,37.0,0.0,7.0,0.8042409179294272,1.0,41.0,0.4875284567702356,2.0,122.0,0.2145685163040163,0.0,0.0,1.0,0.0,0.0,1.0,5.0,33.0,0.3119984137218118,0.0,1.0,0.3545654167391314,0.0,0.0,0.8813739628248536,4.0,56.0,0.072572547987788,0.0,0.0,0.8730869310091802,0.0,0.0,1.0,3.0,36.0,0.2639173737268348
2576.0,8,59.0,0.5267857142857143,10.439289856463535,112.0,1950.0,17.410714285714285,0.0,0.0,6,135.0,0.0,6.345941724211634,4.090909090909091,4.090909090909091,33.0,1.0,8.0,0.1475035587799431,1.0,35.0,0.2389100503029627,4.0,46.0,0.3966467400767637,0.0,0.0,0.4129133787476853,0.0,0.0,0.9292126299124372,0.0,15.0,0.4310009990617513,0.0,0.0,1.0,0.0,0.0,1.0,0.0,28.0,0.3053720367419381,0.0,0.0,0.676623693219372,0.0,0.0,0.966662141072498,0.0,3.0,0.2397214044205865
2584.0,14,113.0,0.9338842975206612,11.075951918920836,121.0,2002.0,16.545454545454547,52.0,0.4297520661157025,14,205.0,70.0,7.238867751522802,5.256410256410256,5.256410256410256,39.0,1.0,23.0,0.5659034685988777,0.0,2.0,0.9707454606053454,7.0,95.0,0.2820094084612,0.0,3.0,0.9503360996951792,0.0,0.0,0.3901540929393755,1.0,3.0,0.0014534935616713,1.0,1.0,0.3090256941961267,0.0,8.0,0.8600615435238549,2.0,9.0,0.4696355826471669,1.0,5.0,0.1252385469174114,0.0,0.0,1.0,1.0,56.0,0.3649811571327315
2592.0,12,41.0,0.3360655737704918,9.817500637488362,122.0,1823.0,14.942622950819672,0.0,0.0,8,154.0,0.0,5.758840050336181,4.052631578947368,4.052631578947368,38.0,2.0,10.0,0.075556450753052,1.0,2.0,0.0033827188672847,1.0,69.0,0.1700638261943432,1.0,10.0,0.4149218578040237,2.0,14.0,3.5313944136081355e-06,1.0,11.0,0.059133584381942,0.0,3.0,0.9268595240278044,0.0,0.0,0.7119076760644284,0.0,3.0,0.2331493192583072,0.0,0.0,0.6889097112213779,0.0,0.0,0.6573972932169803,0.0,32.0,0.5662963838530426
2600.0,12,43.0,0.3524590163934426,10.044177444528415,122.0,1786.0,14.63934426229508,0.0,0.0,11,322.0,168.0,7.085532848392539,8.702702702702704,8.702702702702704,37.0,0.0,0.0,1.0,0.0,0.0,0.9071161843182044,6.0,91.0,0.2618237983961607,0.0,0.0,0.8161752331741049,0.0,4.0,0.5680163266051977,0.0,0.0,0.8690701343263261,2.0,8.0,0.2641343957442526,1.0,1.0,0.0933379364572417,1.0,211.0,0.3732255087084895,1.0,7.0,0.0,0.0,0.0,0.9763356135444522,0.0,0.0,0.649173420232041
2608.0,21,166.0,1.371900826446281,10.125543312330116,121.0,1786.0,14.760330578512397,0.0,0.0,21,469.0,147.0,3.7661740527116665,12.342105263157896,12.342105263157896,38.0,0.0,0.0,1.0,0.0,4.0,0.9317814945854682,11.0,165.0,0.0275676285805799,0.0,3.0,0.4913701834692016,3.0,17.0,0.0020931260033103,0.0,3.0,0.9270596552285836,0.0,4.0,0.174566544059889,1.0,9.0,0.0,5.0,244.0,0.1614123062783254,1.0,15.0,0.0,0.0,0.0,0.9914082488885712,0.0,5.0,0.9600075353694856
2616.0,7,56.0,0.4786324786324786,10.654557398138747,117.0,1616.0,13.811965811965813,0.0,0.0,7,145.0,0.0,7.929806522987505,3.918918918918919,3.918918918918919,37.0,0.0,0.0,0.2710637646747922,0.0,0.0,0.9495512720720024,4.0,120.0,0.2703551416208348,1.0,6.0,0.000171991701955,0.0,0.0,0.1701489352629654,0.0,7.0,0.9763014509870636,0.0,0.0,0.9267842567478112,0.0,0.0,0.6650765356613583,1.0,4.0,0.48545890334568,0.0,0.0,0.9703254455079404,0.0,0.0,0.7683413003681693,1.0,8.0,0.0002719084678305
2624.0,18,133.0,1.1565217391304348,9.79486046719961,115.0,1368.0,11.895652173913044,0.0,0.0,18,171.0,26.0,5.745834941066684,4.170731707317073,4.170731707317073,41.0,0.0,6.0,0.0881710300336939,0.0,0.0,0.9855351224911708,12.0,139.0,0.0547227902643181,0.0,0.0,0.9725535455192768,3.0,9.0,0.0855747152594363,0.0,0.0,0.3087193373909387,0.0,0.0,0.5129022068190582,0.0,0.0,0.6406979188381497,1.0,4.0,0.4748040963534231,1.0,6.0,0.5561193998632282,1.0,7.0,0.4994336545462498,0.0,0.0,0.9046053954622648
2632.0,16,90.0,0.7894736842105263,9.426607236337802,114.0,1330.0,11.666666666666666,0.0,0.0,14,158.0,0.0,6.081443084704155,3.674418604651162,3.674418604651162,43.0,0.0,0.0,0.5343888534183858,0.0,4.0,0.9218616552156842,2.0,46.0,0.3079910178760511,0.0,0.0,0.9892336325423348,4.0,43.0,0.0263716823137005,0.0,0.0,0.9482056048694066,1.0,12.0,0.1548909023249415,2.0,12.0,0.4212761822019519,1.0,5.0,0.0051668713124352,1.0,10.0,0.3250674694030553,2.0,17.0,0.3310982074013898,1.0,9.0,0.6493314792477415
2640.0,10,44.0,0.376068376068376,10.554329776003136,117.0,1391.0,11.88888888888889,61.0,0.5213675213675214,8,147.0,0.0,6.663157504993206,5.25,5.25,28.0,0.0,0.0,0.8732319261470827,0.0,0.0,1.0,5.0,62.0,0.3054060620008837,1.0,3.0,0.0001530236206232,0.0,52.0,0.0322234511371268,0.0,0.0,0.9659112374847484,0.0,0.0,1.0,1.0,7.0,0.6449115915245077,0.0,0.0,1.0,1.0,18.0,0.4720232869374187,0.0,0.0,0.6685318943710188,0.0,5.0,0.517129130689901
2648.0,12,116.0,1.0175438596491229,11.890897633234696,114.0,1362.0,11.947368421052632,0.0,0.0,12,198.0,51.0,7.301972077412052,5.823529411764706,5.823529411764706,34.0,1.0,2.0,0.0010634462965498,0.0,3.0,0.685161579359007,8.0,108.0,0.245281207228056,0.0,6.0,0.9788898606168662,0.0,23.0,0.4809989977332231,0.0,2.0,0.8361693211649759,0.0,0.0,1.0,1.0,12.0,0.4671366873381599,0.0,6.0,0.469976488461816,1.0,26.0,0.0,0.0,0.0,0.8772124208500592,1.0,10.0,0.0
2656.0,8,70.0,0.6140350877192983,10.902321642347172,114.0,1206.0,10.578947368421051,0.0,0.0,8,137.0,0.0,6.773638366738831,4.28125,4.28125,32.0,0.0,0.0,0.3990019285838517,1.0,8.0,0.0,1.0,48.0,0.0935694937089471,0.0,0.0,1.0,1.0,2.0,0.006427084561377,0.0,6.0,0.366443790678709,1.0,5.0,0.1972475594554102,0.0,0.0,0.9824386827450248,0.0,0.0,0.391160519716288,1.0,34.0,0.0,1.0,6.0,0.7226973496465368,2.0,28.0,0.7174811134601712
2664.0,12,63.0,0.5779816513761468,11.396507966937888,109.0,1017.0,9.3302752293578,0.0,0.0,11,94.0,0.0,5.533936173357783,3.4814814814814814,3.4814814814814814,27.0,1.0,5.0,4.237113273974488e-06,0.0,0.0,1.0,2.0,22.0,0.3227341284711545,0.0,0.0,1.0,0.0,2.0,0.2308994871188426,0.0,0.0,1.0,3.0,24.0,0.2427708644630926,0.0,0.0,0.2046123119873346,0.0,11.0,0.5351485874467358,0.0,0.0,1.0,1.0,3.0,0.4570497647768416,4.0,27.0,0.2235419466135759
2672.0,7,56.0,0.5283018867924528,10.227218699142608,106.0,965.0,9.10377358490566,0.0,0.0,3,69.0,0.0,8.985709438855721,3.2857142857142856,3.2857142857142856,21.0,1.0,15.0,0.4910444309552956,0.0,0.0,1.0,2.0,38.0,0.4538963025338308,0.0,3.0,0.5725554152135497,0.0,3.0,0.0180094715660018,0.0,0.0,0.9631830342103868,0.0,2.0,0.7632251403581876,0.0,0.0,0.99506966403268,0.0,0.0,1.0,0.0,0.0,1.0,0.0,0.0,1.0,0.0,8.0,0.6041512850635371
2680.0,8,42.0,0.4117647058823529,11.268820303117293,102.0,828.0,8.117647058823529,0.0,0.0,8,92.0,23.0,7.523238154269622,2.7058823529411766,2.7058823529411766,34.0,1.0,21.0,0.0,0.0,17.0,0.8232105661207908,2.0,12.0,0.3212778744999812,0.0,0.0,1.0,0.0,0.0,0.3780293461962816,1.0,10.0,0.5599396823992948,0.0,0.0,0.8227690467816193,1.0,4.0,0.6371459795556859,0.0,4.0,0.9567390227378358,0.0,2.0,0.9536708279310604,0.0,0.0,1.0,3.0,22.0,0.2207713250866501
2688.0,11,86.0,0.86,10.463519494758168,100.0,882.0,8.82,54.0,0.54,11,122.0,30.0,5.825446024785716,3.588235294117647,3.588235294117647,34.0,1.0,31.0,0.2617164824444601,0.0,5.0,0.53031786418536,4.0,42.0,0.2065638199966865,0.0,0.0,0.6362788966475702,0.0,0.0,1.0,3.0,17.0,0.2634435469260578,1.0,2.0,0.3742128305497917,1.0,3.0,0.0001226594780666,0.0,13.0,0.5730304054972531,0.0,0.0,0.9954778464662722,0.0,0.0,1.0,1.0,9.0,0.1274305442735677
2696.0,6,62.0,0.6526315789473685,11.115518584564066,95.0,842.0,8.863157894736842,0.0,0.0,6,87.0,0.0,7.6576256824031965,4.833333333333333,4.833333333333333,18.0,3.0,54.0,0.0,0.0,0.0,1.0,0.0,0.0,1.0,0.0,0.0,1.0,0.0,0.0,1.0,0.0,0.0,0.9564963646231162,0.0,0.0,0.9865040866931288,0.0,0.0,1.0,1.0,10.0,0.222766434656586,0.0,4.0,0.86828183392852,0.0,0.0,0.9260543098983034,2.0,19.0,0.2558799515270377
2704.0,7,77.0,0.8191489361702128,11.166177636628142,94.0,839.0,8.925531914893616,0.0,0.0,6,101.0,14.0,6.549366633249128,5.315789473684211,5.315789473684211,19.0,2.0,66.0,0.3081228129788702,0.0,0.0,1.0,0.0,0.0,1.0,0.0,0.0,0.4673167069967444,0.0,0.0,1.0,0.0,3.0,0.86610901325688,1.0,7.0,0.3047660617005542,0.0,0.0,1.0,2.0,15.0,0.2784516595090076,0.0,2.0,0.4906970927848011,0.0,0.0,0.1206885960578444,1.0,8.0,0.0
2712.0,5,91.0,0.9479166666666666,12.043311375278506,96.0,712.0,7.416666666666667,0.0,0.0,5,114.0,13.0,8.590095083626169,4.956521739130435,4.956521739130435,23.0,2.0,79.0,0.0,0.0,6.0,0.695045322581254,0.0,0.0,1.0,1.0,8.0,0.4912665457905167,0.0,0.0,0.9108228274798702,1.0,8.0,0.47921096774894,0.0,0.0,0.7521866690278021,0.0,0.0,0.8960788598509639,0.0,4.0,0.4882134374073447,1.0,7.0,0.5436702786312849,0.0,0.0,1.0,0.0,2.0,0.9344296438600234
2720.0,12,55.0,0.5445544554455446,10.383541665479656,101.0,710.0,7.02970297029703,0.0,0.0,12,102.0,0.0,7.413496124083546,2.55,2.55,40.0,3.0,2.0,0.0015041138019341,0.0,0.0,1.0,0.0,0.0,0.9849518974655084,2.0,19.0,0.3169094716672291,0.0,0.0,1.0,2.0,20.0,0.3152716372603747,0.0,0.0,0.937617886917654,2.0,13.0,0.4203458890726326,1.0,29.0,0.5732368548667479,0.0,3.0,0.4610972712114462,0.0,0.0,1.0,2.0,16.0,0.4248898127074856
2728.0,20,119.0,1.1666666666666667,9.237509749891068,102.0,773.0,7.578431372549019,63.0,0.6176470588235294,19,157.0,55.0,5.609586993191474,3.651162790697674,3.651162790697674,43.0,3.0,20.0,0.2092867027747547,0.0,0.0,1.0,0.0,3.0,0.1590934954157843,2.0,38.0,0.4013610854587294,0.0,2.0,0.9049212139361744,1.0,2.0,0.0015467035095554,0.0,0.0,0.942804768033555,8.0,53.0,2.328984612910756e-05,3.0,22.0,0.3207118887377601,1.0,8.0,0.4568314120630902,0.0,1.0,0.9597391268515112,1.0,8.0,0.714227028075207
2736.0,23,176.0,1.6761904761904762,8.660788692739356,105.0,887.0,8.447619047619048,114.0,1.0857142857142856,23,213.0,56.0,4.999587984156064,4.4375,4.4375,48.0,6.0,61.0,4.720354657734073e-05,1.0,1.0,0.0030515541820975,2.0,15.0,0.4505093555407211,1.0,32.0,0.0,1.0,6.0,0.0,0.0,0.0,0.7135643220335531,1.0,7.0,0.3990433212840572,0.0,9.0,0.3509769728074663,6.0,61.0,0.0701818564920614,1.0,4.0,0.5748538364028822,0.0,0.0,0.9766437055402653,4.0,17.0,0.1753748337309865
2744.0,16,212.0,2.019047619047619,10.84402096641557,105.0,988.0,9.40952380952381,101.0,0.961904761904762,15,236.0,23.0,7.799911828248258,7.151515151515151,7.151515151515151,33.0,5.0,91.0,0.0627358281229693,0.0,0.0,1.0,2.0,2.0,0.4214355954486422,0.0,0.0,1.0,0.0,0.0,1.0,0.0,0.0,0.9777704195702556,1.0,23.0,0.7171605347822384,0.0,0.0,0.974157916777238,7.0,118.0,0.3478786028142502,0.0,0.0,0.2989644100477804,0.0,2.0,0.9015243444914912,0.0,0.0,0.9900270953524954
2752.0,14,140.0,1.308411214953271,9.765527713333064,107.0,1061.0,9.91588785046729,73.0,0.6822429906542056,13,222.0,0.0,4.713014143085922,5.842105263157895,5.842105263157895,38.0,4.0,108.0,0.0,0.0,0.0,1.0,2.0,12.0,0.0037667151102502,0.0,0.0,1.0,0.0,0.0,1.0,0.0,6.0,0.8313716509427118,5.0,24.0,0.0508899678034459,0.0,4.0,0.6743644873019773,2.0,68.0,0.212676608460144,0.0,0.0,1.0,0.0,0.0,1.0,0.0,0.0,0.9669235572812728
2760.0,6,12.0,0.109090909090909,10.416900990224272,110.0,1120.0,10.181818181818182,59.0,0.5363636363636364,4,126.0,0.0,7.79217788487844,4.064516129032258,4.064516129032258,31.0,0.0,0.0,1.0,0.0,0.0,1.0,0.0,10.0,0.5522467936764598,0.0,0.0,0.6918752463491264,0.0,0.0,1.0,0.0,7.0,0.6679538516219949,0.0,25.0,0.2057119690510238,0.0,7.0,0.8207581299180947,4.0,70.0,0.1711801408645347,0.0,3.0,0.4094564557693662,0.0,0.0,0.9426109976954972,0.0,4.0,0.6811447643998755
2768.0,12,45.0,0.4017857142857143,9.926763647260856,112.0,1152.0,10.285714285714286,32.0,0.2857142857142857,10,114.0,0.0,5.664548196417729,2.923076923076923,2.923076923076923,39.0,0.0,0.0,0.3481167839386467,0.0,0.0,0.0188314544726309,1.0,13.0,0.4745103750408435,1.0,4.0,3.9821851234987226e-05,0.0,0.0,1.0,0.0,17.0,0.6472037747313887,0.0,0.0,0.8737999986331264,2.0,29.0,0.3825600166921227,3.0,32.0,0.1846444917438125,0.0,0.0,1.0,0.0,0.0,1.0,3.0,19.0,0.1604918957858043
2776.0,10,46.0,0.4220183486238532,10.139983687883529,109.0,1147.0,10.522935779816514,0.0,0.0,8,90.0,0.0,7.806018769434608,3.2142857142857144,3.2142857142857144,28.0,0.0,2.0,0.5932352356676273,1.0,7.0,0.454316416134665,1.0,7.0,0.3930069025132334,0.0,0.0,1.0,0.0,0.0,1.0,5.0,38.0,0.1508049586567441,0.0,1.0,0.9017587430668756,0.0,3.0,0.7972652418998553,1.0,25.0,0.4348918297850144,0.0,4.0,0.8327687808275215,0.0,0.0,1.0,0.0,3.0,0.7387430593227282
2784.0,13,94.0,0.8392857142857143,11.068648288779295,112.0,1125.0,10.044642857142858,0.0,0.0,12,137.0,47.0,6.256280855935969,4.566666666666666,4.566666666666666,30.0,0.0,0.0,0.4453332365594971,1.0,0.0,0.0,1.0,18.0,0.1571060789293136,0.0,0.0,1.0,0.0,0.0,1.0,8.0,97.0,0.0793844033139768,1.0,8.0,0.7154005544030312,0.0,0.0,0.9267700625536496,0.0,5.0,0.1877904731581453,1.0,9.0,0.6104241284147177,0.0,0.0,1.0,0.0,0.0,1.0
2792.0,10,33.0,0.3142857142857143,11.274431901835698,105.0,981.0,9.342857142857143,0.0,0.0,8,96.0,0.0,7.772141046327721,3.096774193548387,3.096774193548387,31.0,0.0,0.0,0.1127119566625141,2.0,10.0,0.0025607679767426,0.0,0.0,0.3844932353149142,0.0,0.0,1.0,1.0,1.0,0.0046011779272148,1.0,53.0,0.3612447845701325,0.0,6.0,0.8738956251735435,4.0,11.0,0.1243293784685186,0.0,3.0,0.6461209896325639,0.0,5.0,0.8388504820477347,0.0,3.0,0.895640057000616,0.0,4.0,0.9355975617189082
2800.0,10,21.0,0.2019230769230769,10.57085913407736,104.0,865.0,8.317307692307692,0.0,0.0,9,66.0,0.0,7.230215985648845,1.8333333333333333,1.8333333333333333,36.0,2.0,17.0,0.3182688847682175,0.0,0.0,1.0,0.0,0.0,0.7379370808821922,0.0,0.0,1.0,0.0,0.0,1.0,1.0,17.0,0.3471859137057062,4.0,18.0,0.1076766125105232,1.0,3.0,0.4142270564479027,0.0,0.0,1.0,0.0,3.0,0.547091969468968,0.0,3.0,0.936580633664924,1.0,5.0,0.3637240852716001
2808.0,11,37.0,0.3523809523809524,9.504979032712138,105.0,906.0,8.628571428571428,41.0,0.3904761904761905,9,71.0,5.0,5.691792309018859,2.0285714285714285,2.0285714285714285,35.0,1.0,12.0,0.337361896154283,0.0,0.0,0.4706577677589077,2.0,9.0,0.3196576133468442,0.0,0.0,1.0,0.0,0.0,0.6246321859991134,2.0,12.0,0.1807203696001664,0.0,0.0,0.9140359422023216,4.0,18.0,0.2310440566026887,0.0,10.0,0.4242893259896859,0.0,3.0,0.3676129411666177,0.0,3.0,0.915154099844392,0.0,4.0,0.3570936404973948
2816.0,8,53.0,0.4818181818181818,10.734033423586895,110.0,899.0,8.172727272727272,0.0,0.0,7,90.0,19.0,7.455535055367145,3.2142857142857144,3.2142857142857144,28.0,2.0,28.0,0.0,0.0,0.0,0.9516195693025984,2.0,19.0,0.3170576781268163,0.0,0.0,1.0,1.0,4.0,0.0,0.0,18.0,0.5217631443627994,0.0,0.0,0.9843018643201864,0.0,4.0,0.6509684575774778,0.0,3.0,0.0330263789754912,0.0,1.0,0.8132866417470815,1.0,6.0,0.0046258182852245,1.0,7.0,0.4890808210927961
2824.0,7,35.0,0.3211009174311927,11.21605797041912,109.0,785.0,7.201834862385321,0.0,0.0,6,72.0,0.0,9.1057445447575,2.25,2.25,32.0,0.0,10.0,0.7319743765026147,0.0,0.0,0.6675694326611197,1.0,11.0,0.4040665977533393,0.0,0.0,0.8808656993414807,0.0,1.0,0.7720802146771839,0.0,0.0,1.0,1.0,15.0,0.6435951450316699,0.0,3.0,0.9615993178831288,2.0,18.0,0.2112869622642964,0.0,1.0,0.5090145431577248,0.0,0.0,1.0,2.0,13.0,0.2007455342675137
2832.0,5,25.0,0.2314814814814814,11.172218370760849,108.0,743.0,6.87962962962963,0.0,0.0,5,54.0,0.0,7.37877728155863,2.16,2.16,25.0,0.0,0.0,0.4176526446349524,1.0,2.0,0.4967910858331686,0.0,2.0,0.6205228452997184,1.0,5.0,0.3746221582279188,1.0,4.0,0.0002621498168312,0.0,0.0,0.9488069445190146,0.0,4.0,0.1982566016752776,0.0,0.0,0.9197596348305498,2.0,23.0,0.1624823103926599,0.0,11.0,0.6831542245015652,0.0,0.0,1.0,0.0,3.0,0.9679925841320616
2840.0,7,26.0,0.2363636363636363,11.156714083751153,110.0,635.0,5.7727272727272725,0.0,0.0,6,49.0,0.0,8.379263453741716,2.130434782608696,2.130434782608696,23.0,2.0,11.0,0.1145230512193324,0.0,3.0,0.2458131185389259,0.0,0.0,0.5883774429163962,0.0,0.0,0.9248647259195248,0.0,0.0,0.4934870167323991,0.0,1.0,0.9029674863485456,1.0,6.0,0.0,1.0,5.0,0.4818296171496077,0.0,0.0,0.6103601245100599,1.0,15.0,0.0,0.0,1.0,0.9501558634091072,1.0,7.0,0.6406789009331019
2848.0,12,39.0,0.3714285714285714,11.188304028141916,105.0,533.0,5.076190476190476,0.0,0.0,9,51.0,2.0,6.680910434789968,2.04,2.04,25.0,1.0,3.0,0.2868697603188652,1.0,1.0,0.0051557544615174,1.0,6.0,0.5343831216701008,1.0,3.0,0.000201226465988,0.0,0.0,0.9297818626650852,0.0,0.0,0.6943014454664832,1.0,14.0,0.4663880196819794,1.0,14.0,0.2751078069617441,1.0,1.0,0.0004982432195185,0.0,4.0,0.9708763676410744,0.0,0.0,0.9713051193149,2.0,5.0,0.3494217990564513
2856.0,16,90.0,0.9,10.344410829378903,100.0,503.0,5.03,0.0,0.0,13,100.0,49.0,6.887703168927976,3.125,3.125,32.0,3.0,10.0,0.2358365079236796,1.0,9.0,0.0,1.0,10.0,0.5804977693005199,0.0,0.0,0.161607611667202,1.0,1.0,0.0126833293655978,0.0,0.0,0.9606727469014044,2.0,25.0,0.1809636309827176,1.0,18.0,0.0,1.0,9.0,0.4935444723400344,1.0,9.0,0.4817178169396371,0.0,0.0,0.9149894605756136,2.0,9.0,0.4986066379162625
2864.0,14,93.0,0.93,10.361733444589197,100.0,545.0,5.45,42.0,0.42,13,122.0,22.0,5.963222496247302,3.696969696969697,3.696969696969697,33.0,2.0,14.0,1.0754633601112747e-05,0.0,9.0,0.681322467142188,3.0,31.0,0.2030485323101694,1.0,8.0,0.4878881748122123,0.0,0.0,0.978726000333064,1.0,3.0,0.4986039134377345,2.0,18.0,0.3431185879563987,1.0,26.0,0.6483684986015097,0.0,0.0,0.7895037689658612,0.0,0.0,0.8064724036772726,0.0,0.0,0.0201811498914475,3.0,13.0,0.1793080141647435
2872.0,6,39.0,0.4020618556701031,10.392525173106726,97.0,531.0,5.474226804123711,0.0,0.0,6,58.0,0.0,7.1903099342152,2.761904761904762,2.761904761904762,21.0,3.0,37.0,0.2642483743906414,0.0,0.0,0.9526813585977651,0.0,3.0,0.962667741399613,0.0,0.0,1.0,0.0,2.0,0.0760789912033896,0.0,0.0,0.9915753267146008,0.0,2.0,0.2365738870787195,2.0,7.0,0.3494078369517895,0.0,0.0,0.5430214323057848,0.0,0.0,0.5987806117626633,0.0,0.0,1.0,1.0,7.0,0.0
2880.0,6,22.0,0.2365591397849462,11.730563835232422,93.0,480.0,5.161290322580645,0.0,0.0,6,46.0,0.0,7.71596761059738,2.1904761904761907,2.1904761904761907,21.0,2.0,20.0,0.0802557120756464,0.0,0.0,0.9778040490573552,0.0,1.0,0.8686392610000662,0.0,0.0,0.989214304459013,0.0,0.0,1.0,1.0,5.0,0.4840536726680855,0.0,3.0,0.9879725539296996,1.0,6.0,0.5404030308737805,2.0,11.0,0.0744080467086327,0.0,0.0,1.0,0.0,0.0,0.9711605854944314,0.0,0.0,0.6326102818977573
2888.0,6,41.0,0.4456521739130434,11.441724405550715,92.0,477.0,5.184782608695652,0.0,0.0,6,74.0,28.0,9.37963898922241,2.3125,2.3125,32.0,2.0,33.0,0.2478361532732647,0.0,0.0,0.9736452346319452,0.0,4.0,0.5393234653247339,0.0,2.0,0.96960351106126,0.0,0.0,1.0,1.0,11.0,0.0,0.0,1.0,0.5262161969469467,0.0,0.0,0.7852437693380808,0.0,2.0,0.8396359252090446,0.0,0.0,1.0,0.0,0.0,0.920869395249912,3.0,21.0,0.414310339466111
2896.0,12,75.0,0.7653061224489796,10.810796515830464,98.0,501.0,5.112244897959184,24.0,0.2448979591836734,10,108.0,34.0,7.476506621609562,3.375,3.375,32.0,5.0,48.0,0.1145359315313634,0.0,0.0,0.7766008678318855,0.0,0.0,0.4816520382364165,0.0,0.0,1.0,0.0,0.0,1.0,1.0,26.0,0.7619886982131489,0.0,0.0,0.6879179924145027,1.0,7.0,0.5924535435729267,1.0,11.0,0.3550123797805157,0.0,3.0,0.8525825537594132,1.0,1.0,0.005264916021908,1.0,12.0,0.2442509014787865
2904.0,13,127.0,1.3368421052631578,11.100423874626433,95.0,532.0,5.6,31.0,0.3263157894736842,9,124.0,16.0,8.028137901404072,4.275862068965517,4.275862068965517,29.0,4.0,52.0,0.1579555603901107,0.0,0.0,0.9393737775594226,0.0,0.0,0.7831913970421629,0.0,0.0,1.0,0.0,0.0,1.0,2.0,31.0,0.2284568019620527,0.0,4.0,0.6341157081659402,1.0,15.0,0.6308357245052761,0.0,0.0,0.7706618245017176,1.0,3.0,0.4232143703594426,0.0,0.0,0.7672223965161816,1.0,19.0,0.6331187612769528
2912.0,12,169.0,1.7422680412371134,11.030846438255564,97.0,575.0,5.927835051546392,43.0,0.4432989690721649,9,181.0,57.0,7.972150465319299,6.961538461538462,6.961538461538462,26.0,5.0,88.0,1.3504249888354127e-06,0.0,0.0,0.9560405432827546,0.0,0.0,0.9402432475608544,0.0,3.0,0.9424693956252496,0.0,0.0,1.0,1.0,35.0,0.4570286095933817,1.0,0.0,0.0061499142729494,1.0,23.0,0.7997172599720391,0.0,7.0,0.6640269953578155,0.0,0.0,0.4102347323267619,0.0,0.0,0.9357009715753852,1.0,25.0,0.0
2920.0,14,191.0,1.9292929292929293,11.150509473721314,99.0,595.0,6.01010101010101,20.0,0.202020202020202,9,191.0,10.0,7.486204255978309,7.64,7.64,25.0,6.0,132.0,0.044331132653781,0.0,0.0,0.9142247683580472,0.0,0.0,1.0,0.0,0.0,0.9448270665792288,0.0,0.0,1.0,1.0,43.0,0.6388733566457141,1.0,10.0,0.4366556160842627,1.0,2.0,0.5776239548946944,0.0,4.0,0.8838029286003879,0.0,0.0,1.0,0.0,0.0,0.9480212026396414,0.0,0.0,1.0
2928.0,12,226.0,2.3541666666666665,10.461001146066344,96.0,604.0,6.291666666666667,9.0,0.09375,11,242.0,51.0,5.3154869606091735,8.642857142857142,8.642857142857142,28.0,4.0,158.0,0.0525004144276612,1.0,3.0,0.0,0.0,0.0,0.6123314674076786,1.0,4.0,0.6175744433567093,0.0,0.0,1.0,1.0,51.0,0.4777921662423801,1.0,16.0,0.1620828959472419,1.0,1.0,0.5410778395619582,2.0,9.0,0.3873541538473083,0.0,0.0,1.0,0.0,0.0,1.0,0.0,0.0,1.0
2936.0,16,275.0,2.8350515463917527,10.41199862528194,97.0,669.0,6.896907216494846,65.0,0.6701030927835051,11,288.0,46.0,6.748562891016412,12.521739130434783,12.521739130434783,23.0,6.0,203.0,0.0,0.0,0.0,0.6116923484823573,0.0,0.0,1.0,0.0,0.0,1.0,0.0,4.0,0.5648316991155525,2.0,65.0,0.0,0.0,3.0,0.8237671352552084,2.0,11.0,0.3175088786627591,0.0,0.0,0.9615145530785882,0.0,0.0,0.9572758461346476,0.0,0.0,1.0,1.0,2.0,0.3955688998538213
2944.0,6,31.0,0.3039215686274509,11.02719091601974,102.0,713.0,6.990196078431373,44.0,0.4313725490196078,6,58.0,0.0,7.399266574924855,2.636363636363636,2.636363636363636,22.0,0.0,0.0,1.0,0.0,0.0,1.0,0.0,0.0,0.4990538122274291,0.0,0.0,1.0,0.0,0.0,1.0,0.0,9.0,0.6998777254307788,2.0,13.0,0.3235638209056085,0.0,12.0,0.5277523836313177,2.0,7.0,0.4468058961067889,0.0,0.0,0.5832661912476059,0.0,0.0,1.0,2.0,17.0,0.259538048265616
2952.0,9,69.0,0.6699029126213593,10.358400367718998,103.0,754.0,7.320388349514563,41.0,0.3980582524271844,8,101.0,43.0,7.427825712528962,3.2580645161290325,3.2580645161290325,31.0,0.0,4.0,0.4526961376572734,0.0,0.0,0.5777370111838098,0.0,3.0,0.8957909820600196,0.0,0.0,0.5706264543375626,0.0,0.0,1.0,0.0,6.0,0.6892441755840645,0.0,0.0,0.8965811477752834,0.0,0.0,0.8867361223961219,4.0,40.0,0.2428089949619226,0.0,0.0,0.1313845899703101,0.0,5.0,0.9502983691255932,4.0,43.0,0.175478602681957
2960.0,6,31.0,0.3195876288659793,10.887112494138504,97.0,761.0,7.845360824742268,7.0,0.0721649484536082,5,50.0,0.0,8.594021750176285,1.6129032258064515,1.6129032258064515,31.0,1.0,8.0,0.2281293416126319,1.0,5.0,0.4615551468533846,0.0,0.0,0.6739353900641166,2.0,10.0,4.33058862943437e-05,0.0,0.0,1.0,0.0,3.0,0.7585659175134278,0.0,2.0,0.7315353004944543,0.0,5.0,0.9485558021388548,0.0,2.0,0.6873699188696423,0.0,0.0,1.0,0.0,5.0,0.9753194429143308,1.0,10.0,0.2061171193796044
2968.0,10,63.0,0.6363636363636364,11.185726548998144,99.0,728.0,7.353535353535354,0.0,0.0,10,105.0,55.0,8.419770152574333,3.28125,3.28125,32.0,3.0,24.0,0.1733740429675984,0.0,13.0,0.5297414598121473,0.0,2.0,0.6405742905550306,0.0,1.0,0.8404677097187133,0.0,0.0,1.0,1.0,10.0,0.5983080428684905,2.0,12.0,7.52461567075827e-05,0.0,5.0,0.7406936933370879,1.0,5.0,0.5174260099282295,0.0,5.0,0.99917264070679,0.0,0.0,1.0,3.0,28.0,0.233467866795295
2976.0,8,45.0,0.4787234042553192,10.731582546998384,94.0,664.0,7.0638297872340425,0.0,0.0,7,62.0,0.0,8.063913476760643,2.2142857142857144,2.2142857142857144,28.0,3.0,41.0,0.1915300451709319,0.0,0.0,0.2052113826532504,0.0,4.0,0.7613589831972783,0.0,0.0,1.0,0.0,0.0,1.0,0.0,0.0,0.9774600179791676,0.0,5.0,0.8362868366821948,4.0,8.0,0.218661786359278,0.0,1.0,0.3237944623665791,0.0,0.0,0.6298499912203391,0.0,0.0,1.0,0.0,3.0,0.784535765402966
2984.0,16,100.0,1.0,10.201810466292187,100.0,704.0,7.04,40.0,0.4,14,137.0,75.0,5.345722409776481,4.029411764705882,4.029411764705882,34.0,3.0,65.0,0.0822246605332965,1.0,6.0,0.0,1.0,9.0,0.5708892417022293,1.0,0.0,0.0,0.0,0.0,0.8507754943431757,1.0,9.0,0.6432630640761768,0.0,0.0,0.9405294409944568,1.0,9.0,0.1317987100404751,4.0,28.0,0.1720886982824951,1.0,4.0,6.100629578401983e-05,0.0,0.0,0.6959673496507957,1.0,7.0,0.0162296826856942
2992.0,15,161.0,1.5784313725490196,9.902879165158655,102.0,794.0,7.784313725490196,90.0,0.8823529411764706,14,191.0,54.0,5.509810858717048,5.787878787878788,5.787878787878788,33.0,6.0,107.0,0.1566861180489345,0.0,3.0,0.8601013486005474,2.0,16.0,0.0624308983004545,0.0,3.0,0.9985217432726822,0.0,3.0,0.1864133884469236,1.0,11.0,0.4659813997372674,0.0,9.0,0.5644173596392078,2.0,11.0,0.2452034171928079,0.0,0.0,0.6698452796115961,1.0,12.0,0.3508979317722739,1.0,3.0,6.403476427614369e-05,1.0,13.0,0.0
3000.0,13,86.0,0.86,9.830328928422382,100.0,871.0,8.71,77.0,0.77,12,111.0,0.0,2.6478104747703166,4.826086956521739,4.826086956521739,23.0,1.0,15.0,0.1192674461948903,0.0,0.0,1.0,0.0,4.0,0.4973154541113695,0.0,0.0,1.0,0.0,0.0,1.0,2.0,9.0,0.0001026866898167,0.0,3.0,0.8109237324559239,4.0,40.0,0.1195392660411379,0.0,0.0,1.0,2.0,24.0,0.0243008542799186,1.0,11.0,0.0,2.0,5.0,0.0419661439003381
3008.0,13,129.0,1.303030303030303,11.590907420177928,99.0,953.0,9.626262626262626,82.0,0.8282828282828283,13,168.0,57.0,6.958822992124066,5.419354838709677,5.419354838709677,31.0,2.0,21.0,0.0,0.0,4.0,0.7275195242833877,1.0,13.0,0.7662079815837037,1.0,2.0,0.0001422047534912,0.0,0.0,1.0,2.0,28.0,0.4500571322406798,0.0,0.0,1.0,6.0,85.0,0.0410723249861321,0.0,3.0,0.5735786600196906,0.0,4.0,0.2557687818841233,0.0,0.0,1.0,1.0,8.0,0.7248030604825515
3016.0,10,47.0,0.5053763440860215,10.870728388726434,93.0,968.0,10.408602150537634,15.0,0.1612903225806451,8,69.0,0.0,5.863100798919495,2.76,2.76,25.0,1.0,15.0,0.0061651079939406,0.0,0.0,0.5910837096319096,1.0,13.0,0.5172029531159121,0.0,0.0,1.0,0.0,0.0,0.3219878399233193,1.0,6.0,0.1332639568648859,0.0,0.0,1.0,0.0,3.0,0.1981404850549858,1.0,9.0,0.1311317399398007,1.0,9.0,6.551882391691215e-05,0.0,0.0,1.0,3.0,14.0,0.4731805403573737
3024.0,13,73.0,0.8390804597701149,10.762268152681225,87.0,892.0,10.25287356321839,0.0,0.0,11,109.0,40.0,6.04096565472262,4.541666666666667,4.541666666666667,24.0,1.0,29.0,0.2984997478783652,1.0,5.0,0.625537284271999,2.0,6.0,0.2923050998337789,0.0,2.0,0.8292242084972135,2.0,4.0,0.000795629318446,2.0,12.0,0.0001750756506614,0.0,5.0,0.9571253792114348,0.0,0.0,1.0,2.0,28.0,0.4470903125306452,1.0,17.0,0.0,0.0,0.0,1.0,0.0,1.0,0.5856488212950592
3032.0,7,41.0,0.4456521739130434,11.20926189762178,92.0,799.0,8.684782608695652,0.0,0.0,4,53.0,0.0,7.229869058149589,3.3125,3.3125,16.0,1.0,31.0,0.6282582929977615,0.0,3.0,0.7141176334205597,1.0,4.0,0.3374362886264315,0.0,0.0,1.0,0.0,0.0,0.3499062859542787,0.0,6.0,0.6314557630119602,0.0,0.0,1.0,0.0,0.0,1.0,1.0,3.0,0.0349329447301478,0.0,0.0,1.0,0.0,0.0,1.0,1.0,6.0,0.3890976076291105
3040.0,6,52.0,0.5652173913043478,12.256411962295935,92.0,817.0,8.880434782608695,18.0,0.1956521739130435,5,79.0,26.0,10.149374938388096,3.0384615384615383,3.0384615384615383,26.0,2.0,48.0,0.3096442529365044,1.0,10.0,0.4684731755865035,1.0,2.0,0.3061492787420173,0.0,0.0,0.3362683318642802,0.0,1.0,0.9961709335345932,0.0,3.0,0.9284395591820066,0.0,0.0,1.0,1.0,1.0,0.3221136264198164,0.0,0.0,0.681105306569751,0.0,3.0,0.8950001477481941,0.0,0.0,1.0,0.0,11.0,0.9439111156491096
3048.0,10,81.0,0.9529411764705882,11.408180906340684,85.0,771.0,9.070588235294116,0.0,0.0,9,98.0,19.0,7.292350356898993,3.92,3.92,25.0,2.0,48.0,0.0005025116443515,1.0,18.0,0.0,0.0,3.0,0.9473854142045234,1.0,4.0,0.1198096972706341,1.0,4.0,1.150254855495557e-05,1.0,2.0,0.3462991914928344,0.0,0.0,0.2244913299944957,0.0,0.0,0.7019291838488831,0.0,0.0,0.6989077938292788,0.0,3.0,0.8133511559113764,0.0,0.0,0.9477210305110436,3.0,16.0,0.3034826223297458
3056.0,5,32.0,0.367816091954023,11.752433407787429,87.0,748.0,8.597701149425287,0.0,0.0,4,54.0,0.0,10.233144559653097,2.347826086956522,2.347826086956522,23.0,0.0,0.0,1.0,0.0,0.0,0.9663725296629192,1.0,12.0,0.2811880804907081,2.0,19.0,0.0,1.0,12.0,0.4583092117150338,0.0,3.0,0.761777372184678,0.0,0.0,0.7059389157304599,0.0,0.0,0.7189454778109665,0.0,8.0,0.8127072874266071,0.0,0.0,0.9877761881083844,0.0,0.0,0.9419165242963556,0.0,0.0,0.7021409700918251
3064.0,6,31.0,0.3604651162790697,11.79186297910137,86.0,609.0,7.0813953488372094,0.0,0.0,5,55.0,1.0,8.986241031827051,2.75,2.75,20.0,0.0,0.0,1.0,0.0,0.0,0.9699540882589692,0.0,10.0,0.7698925831564543,0.0,0.0,1.0,2.0,22.0,2.6971203434842536e-05,0.0,7.0,0.8069020204954774,0.0,3.0,0.919226130881086,1.0,6.0,0.4767200126255774,1.0,2.0,0.0091666290116381,0.0,0.0,0.5717776099142238,1.0,2.0,0.0004388404991995,0.0,3.0,0.967691848233652
3072.0,8,41.0,0.4767441860465116,11.845967230503089,86.0,624.0,7.255813953488372,15.0,0.1744186046511628,7,48.0,0.0,6.848260355525075,2.4,2.4,20.0,0.0,0.0,1.0,0.0,0.0,0.809514362167722,0.0,3.0,0.9439218481593312,0.0,0.0,1.0,0.0,0.0,1.0,1.0,6.0,8.301770415755154e-05,0.0,0.0,0.9797348752865996,3.0,18.0,0.3218795760269663,2.0,17.0,0.0,0.0,0.0,0.0102589840993293,0.0,3.0,0.6388161026715579,1.0,1.0,0.4695529817373157
3080.0,8,50.0,0.5813953488372093,10.58663318551158,86.0,572.0,6.651162790697675,0.0,0.0,7,75.0,27.0,8.117098035962231,2.586206896551724,2.586206896551724,29.0,0.0,1.0,0.3261981269282529,1.0,2.0,0.6969641201431273,2.0,12.0,0.2298263633486438,0.0,6.0,0.895922171362591,0.0,0.0,1.0,0.0,0.0,0.6326309008020168,0.0,0.0,0.6500612142004242,0.0,3.0,0.6649637396359527,2.0,38.0,0.3150799894507517,0.0,0.0,0.4139446705261276,0.0,0.0,1.0,2.0,13.0,0.1382294624802304
3088.0,11,88.0,1.1,10.881085470168202,80.0,509.0,6.3625,0.0,0.0,10,113.0,38.0,6.143362373138791,5.380952380952381,5.380952380952381,21.0,1.0,4.0,0.0,0.0,0.0,1.0,0.0,0.0,0.9210477862702044,1.0,10.0,0.4683358295791772,0.0,0.0,1.0,2.0,10.0,0.0,0.0,7.0,0.956559540124388,2.0,12.0,0.4134654473277469,2.0,54.0,0.1306383629800375,1.0,6.0,0.4803576052268374,1.0,2.0,0.0001385575064258,0.0,8.0,0.5601985784515109
3096.0,5,66.0,0.8461538461538461,11.564379510537073,78.0,534.0,6.846153846153846,25.0,0.3205128205128205,4,66.0,0.0,8.6930086218107,3.3,3.3,20.0,0.0,0.0,1.0,0.0,0.0,1.0,0.0,0.0,0.5539234706017522,1.0,9.0,0.3264355080603839,0.0,3.0,0.061024643736732,0.0,3.0,0.5831412949924727,0.0,0.0,1.0,0.0,0.0,0.7177197027580269,1.0,34.0,0.7100144206861078,1.0,14.0,0.0,0.0,0.0,1.0,1.0,3.0,0.5478634804611658
3104.0,7,26.0,0.3209876543209876,11.107240183004812,81.0,555.0,6.851851851851852,21.0,0.2592592592592592,6,73.0,7.0,9.759728548632587,2.212121212121212,2.212121212121212,33.0,0.0,6.0,0.3820554289405424,0.0,0.0,1.0,1.0,3.0,0.5282606168594647,0.0,3.0,0.8514160987446815,0.0,0.0,1.0,1.0,7.0,0.4633221046462548,0.0,7.0,0.9739339298609838,0.0,2.0,0.9802086990998116,2.0,28.0,0.3951917520916076,0.0,0.0,0.8109763536311232,0.0,0.0,0.9420487849807516,2.0,17.0,0.4799827553735502
3112.0,3,7.0,0.0843373493975903,11.730945332106971,83.0,517.0,6.228915662650603,0.0,0.0,3,36.0,0.0,9.284124109534735,1.5,1.5,24.0,0.0,0.0,0.1066733898654639,1.0,6.0,0.000834854380841,0.0,4.0,0.8049889056079444,1.0,7.0,0.6311967127639907,0.0,0.0,0.4270328388554278,0.0,0.0,0.5762486250875303,0.0,0.0,0.9351667302795064,0.0,3.0,0.6361018538117886,1.0,13.0,0.1710370855303041,0.0,3.0,0.8187772233407542,0.0,0.0,0.8501380615991889,0.0,0.0,0.1980086122611619
3120.0,8,39.0,0.4875,11.010123295878753,80.0,446.0,5.575,0.0,0.0,8,73.0,37.0,6.509406651612342,2.607142857142857,2.607142857142857,28.0,0.0,0.0,1.0,0.0,0.0,0.5584309505510994,0.0,0.0,1.0,2.0,14.0,0.0,0.0,7.0,0.6251940829698899,1.0,5.0,0.3330698989054519,2.0,9.0,0.0874238469764803,0.0,8.0,0.8733729105750755,2.0,19.0,0.0042894854220676,0.0,10.0,0.3845238382314096,0.0,0.0,0.7739025129163867,1.0,1.0,0.549770335200265
3128.0,11,87.0,1.1917808219178083,9.35507808849868,73.0,468.0,6.410958904109589,22.0,0.3013698630136986,10,112.0,39.0,5.650424938479854,4.666666666666667,4.666666666666667,24.0,0.0,2.0,0.0112323254333325,1.0,5.0,0.3510327338901779,0.0,0.0,0.9621124831100432,0.0,0.0,0.8951340117522304,3.0,18.0,0.0001641939588285,0.0,6.0,0.5352872774001525,3.0,35.0,0.223438516653923,0.0,0.0,0.8135753418783752,3.0,43.0,0.1697841018483616,0.0,3.0,0.9276027352701806,0.0,0.0,0.9133971822234632,0.0,0.0,0.3849858045130105
3136.0,6,25.0,0.3424657534246575,10.079483664455022,73.0,494.0,6.767123287671233,26.0,0.3561643835616438,6,50.0,0.0,5.706788469680864,2.380952380952381,2.380952380952381,21.0,1.0,13.0,0.3260760742209631,0.0,0.0,1.0,0.0,0.0,0.4764060812376642,1.0,3.0,0.3232470187784494,0.0,7.0,0.3938416252483536,1.0,13.0,0.4501489788806322,0.0,0.0,0.2781994673325369,1.0,5.0,0.0,1.0,4.0,0.1357680056179984,1.0,5.0,0.0002070264130455,0.0,0.0,0.958604442334774,0.0,0.0,0.5879238360447917
3144.0,14,89.0,1.289855072463768,9.317600037341986,69.0,504.0,7.304347826086956,10.0,0.144927536231884,12,124.0,74.0,6.242728733159457,4.769230769230769,4.769230769230769,26.0,2.0,25.0,0.0266968090613988,0.0,0.0,1.0,0.0,7.0,0.4168870022118027,3.0,23.0,0.0,1.0,13.0,0.0,2.0,27.0,0.5724118476103505,0.0,0.0,1.0,1.0,16.0,0.4981117008133442,1.0,8.0,0.5373079400326722,0.0,0.0,0.9361948427676364,0.0,0.0,1.0,2.0,5.0,0.1978237903320011
3152.0,16,139.0,2.044117647058824,9.218004856879972,68.0,537.0,7.897058823529412,33.0,0.4852941176470588,15,158.0,34.0,4.782780340163087,6.869565217391305,6.869565217391305,23.0,0.0,3.0,0.6696261012183542,0.0,0.0,1.0,0.0,0.0,1.0,2.0,35.0,0.0,2.0,25.0,0.3114128371273672,2.0,8.0,0.3143842524066479,0.0,0.0,1.0,1.0,21.0,0.0,3.0,21.0,0.1577917626474753,0.0,0.0,0.83197399015301,0.0,0.0,1.0,5.0,45.0,0.1660264832795978
3160.0,4,61.0,0.8591549295774648,10.278658845279272,71.0,556.0,7.830985915492958,19.0,0.2676056338028169,4,88.0,0.0,6.66310718236725,4.888888888888889,4.888888888888889,18.0,0.0,0.0,0.2091667847916213,0.0,3.0,0.6379159929177489,0.0,3.0,0.3846971008170785,0.0,0.0,1.0,1.0,3.0,0.0007549088216476,0.0,6.0,0.7185933073175761,0.0,6.0,0.5351172880439837,1.0,29.0,0.0,2.0,33.0,0.0,0.0,0.0,0.9246262483187316,0.0,0.0,1.0,0.0,5.0,0.2771515684345151
3168.0,6,94.0,1.323943661971831,11.549827034221016,71.0,532.0,7.492957746478873,0.0,0.0,6,114.0,26.0,7.740026215989719,6.0,6.0,19.0,1.0,7.0,0.2126068498339598,0.0,0.0,0.7501690887299971,0.0,0.0,0.9390858897089748,0.0,0.0,0.8236656428036369,0.0,0.0,1.0,1.0,9.0,0.0,0.0,0.0,1.0,1.0,37.0,0.0,2.0,52.0,0.4462963151612925,0.0,0.0,0.7927881193670971,0.0,0.0,0.983492735216345,1.0,9.0,0.4846481562626948
3176.0,8,51.0,0.7083333333333334,10.201868702007628,72.0,496.0,6.888888888888889,0.0,0.0,8,72.0,0.0,4.71145753718383,3.6,3.6,20.0,5.0,40.0,1.7500455499444853e-06,0.0,0.0,1.0,0.0,0.0,0.0136213016051037,0.0,0.0,1.0,0.0,0.0,1.0,0.0,0.0,0.9461884848594116,0.0,3.0,0.410589809941317,0.0,1.0,0.3643667608952302,1.0,8.0,0.4097039538823802,1.0,3.0,0.4843358913155102,0.0,0.0,0.9376496280715472,1.0,17.0,0.0934952273788101
3184.0,6,40.0,0.5555555555555556,11.208634876430391,72.0,527.0,7.319444444444445,31.0,0.4305555555555556,3,47.0,0.0,8.62224901348295,3.615384615384616,3.615384615384616,13.0,2.0,35.0,0.2652359839939889,0.0,0.0,0.6949760214648614,0.0,0.0,0.1450174555293443,0.0,0.0,1.0,0.0,0.0,1.0,0.0,0.0,1.0,0.0,3.0,0.946670156725366,0.0,4.0,0.945631668642269,1.0,5.0,0.0,0.0,0.0,1.0,0.0,0.0,1.0,0.0,0.0,0.9457239256267418
3192.0,4,27.0,0.375,11.993936489055349,72.0,459.0,6.375,0.0,0.0,4,30.0,0.0,6.241482665698601,2.0,2.0,15.0,0.0,0.0,1.0,0.0,0.0,1.0,2.0,13.0,0.0930738947425435,0.0,0.0,0.4233530151786152,0.0,0.0,1.0,0.0,0.0,0.989150157724845,0.0,0.0,1.0,0.0,0.0,0.6617032818202017,1.0,13.0,0.4789283326876972,0.0,3.0,0.9206462058341024,0.0,0.0,1.0,1.0,1.0,0.0021887030270123
3200.0,9,72.0,0.96,10.65719713207566,75.0,449.0,5.986666666666666,0.0,0.0,9,86.0,56.0,4.256246519144662,4.526315789473684,4.526315789473684,19.0,0.0,0.0,1.0,0.0,0.0,1.0,5.0,52.0,0.0037745257674531,0.0,2.0,0.4413245918733922,1.0,3.0,0.0007641192004632,0.0,3.0,0.8226697069475037,0.0,0.0,1.0,2.0,2.0,0.3265386190234191,1.0,21.0,0.0,0.0,3.0,0.4871313712633049,0.0,0.0,1.0,0.0,0.0,0.2240555827443189
3208.0,14,150.0,2.027027027027027,10.630556869599207,74.0,498.0,6.72972972972973,49.0,0.6621621621621622,12,168.0,82.0,4.751147682238165,8.842105263157896,8.842105263157896,19.0,0.0,0.0,1.0,1.0,3.0,1.8772208220109e-05,7.0,105.0,0.0789064595776998,0.0,0.0,1.0,1.0,14.0,0.1879265907493032,2.0,11.0,0.0003329160950447,0.0,0.0,1.0,0.0,0.0,0.9391388066129644,1.0,29.0,0.6210480143781888,0.0,0.0,1.0,0.0,0.0,1.0,0.0,6.0,0.9754223008264148
3216.0,4,61.0,0.8026315789473685,10.994545764422853,76.0,532.0,7.0,34.0,0.4473684210526316,3,107.0,0.0,8.102638000924285,6.294117647058823,6.294117647058823,17.0,0.0,0.0,1.0,0.0,7.0,0.4731176808202068,0.0,36.0,0.1219751984338167,0.0,0.0,1.0,0.0,0.0,1.0,2.0,27.0,0.0,0.0,0.0,1.0,0.0,0.0,0.9780786198595436,1.0,37.0,0.4950557797614927,0.0,0.0,0.9488844853528132,0.0,0.0,0.9819707539223204,0.0,0.0,0.9630675224438988
3224.0,5,59.0,0.7662337662337663,12.048018784339796,77.0,471.0,6.116883116883117,0.0,0.0,5,67.0,0.0,9.94855543947664,3.526315789473684,3.526315789473684,19.0,0.0,0.0,1.0,0.0,0.0,1.0,1.0,10.0,0.4378993695252649,0.0,0.0,1.0,0.0,0.0,0.951494550242041,0.0,0.0,0.9960462172117162,0.0,0.0,0.927016019199514,1.0,2.0,0.511982984733303,1.0,47.0,0.7253060499200906,0.0,3.0,0.8504445364594542,0.0,0.0,0.5408810083057866,2.0,5.0,0.0007528836655926
3232.0,8,78.0,0.951219512195122,10.425767562342488,82.0,403.0,4.914634146341464,0.0,0.0,5,92.0,25.0,8.40638030526717,3.8333333333333335,3.8333333333333335,24.0,0.0,0.0,1.0,0.0,8.0,0.5583132515873094,1.0,6.0,0.4952733150565558,0.0,0.0,1.0,1.0,3.0,9.586275270386749e-06,0.0,0.0,1.0,0.0,6.0,0.904780553450352,2.0,15.0,0.2036793757702878,1.0,54.0,0.5872938935278962,0.0,0.0,0.9452399036375754,0.0,0.0,0.9875320145354248,0.0,0.0,1.0
3240.0,5,69.0,0.8313253012048193,11.045254293557154,83.0,440.0,5.301204819277109,37.0,0.4457831325301205,3,73.0,0.0,8.43680453491716,4.5625,4.5625,16.0,0.0,0.0,0.935449649386696,1.0,7.0,0.5936006190394807,0.0,0.0,0.0092844373004204,0.0,0.0,1.0,0.0,0.0,1.0,0.0,0.0,0.9413045215982644,0.0,0.0,0.7839604859351417,0.0,0.0,0.9749403341477608,2.0,66.0,0.38509375907509,0.0,0.0,1.0,0.0,0.0,1.0,0.0,0.0,1.0
3248.0,6,18.0,0.2068965517241379,11.01972688535045,87.0,461.0,5.298850574712644,21.0,0.2413793103448276,5,37.0,0.0,7.230855596329974,1.85,1.85,20.0,1.0,2.0,0.001630417626974,2.0,11.0,0.6505707450014179,1.0,9.0,0.0054712941076821,0.0,0.0,1.0,0.0,0.0,1.0,1.0,3.0,0.0001653913955724,0.0,6.0,0.6483479132937022,0.0,0.0,1.0,0.0,3.0,0.4217784161066746,0.0,0.0,0.9527300585224722,0.0,0.0,1.0,0.0,3.0,0.5272001907329968
3256.0,7,18.0,0.2045454545454545,10.687224623057704,88.0,447.0,5.079545454545454,0.0,0.0,4,31.0,0.0,8.515162037861751,1.631578947368421,1.631578947368421,19.0,0.0,0.0,1.0,0.0,0.0,0.69131203784156,1.0,9.0,0.4072760293051413,0.0,0.0,0.772974245607311,0.0,0.0,1.0,0.0,0.0,1.0,1.0,7.0,0.448233672648388,0.0,7.0,0.96192594727041,1.0,2.0,0.2037838484916937,1.0,6.0,0.2310205487528216,0.0,0.0,1.0,0.0,0.0,0.6997492139182532
3264.0,11,28.0,0.3076923076923077,10.433652615952662,91.0,443.0,4.868131868131868,0.0,0.0,8,34.0,3.0,5.779729758690571,1.619047619047619,1.619047619047619,21.0,0.0,0.0,1.0,2.0,6.0,0.3276387394432353,1.0,2.0,0.4022114497521971,2.0,6.0,0.224237238316581,0.0,0.0,1.0,0.0,3.0,0.9395913288124588,0.0,0.0,0.975673862918018,0.0,3.0,0.871537269155092,2.0,8.0,0.0005876922111795,0.0,2.0,0.0147002086071072,0.0,0.0,1.0,1.0,4.0,0.0764553267009151
3272.0,11,68.0,0.7640449438202247,10.954010349970858,89.0,466.0,5.235955056179775,23.0,0.2584269662921348,8,63.0,29.0,7.399735959984343,2.739130434782609,2.739130434782609,23.0,0.0,0.0,1.0,2.0,22.0,0.4781843474794302,0.0,6.0,0.6870753434072681,1.0,3.0,0.161221185926793,0.0,0.0,1.0,0.0,0.0,0.9870628049107306,1.0,3.0,0.4973733297268901,1.0,4.0,5.180094114063118e-05,3.0,25.0,0.2607538493884727,0.0,0.0,0.9522091814262208,0.0,0.0,1.0,0.0,0.0,0.9617770355992822
3280.0,12,82.0,0.9111111111111112,11.212083063301767,90.0,436.0,4.844444444444444,0.0,0.0,7,70.0,7.0,8.420189499310185,2.8,2.8,25.0,0.0,2.0,0.8789148691743983,2.0,38.0,0.0,1.0,6.0,0.3327752564804893,2.0,12.0,9.150649003406967e-06,0.0,3.0,0.7994095952421112,0.0,0.0,1.0,1.0,1.0,0.3549952845319978,0.0,0.0,0.9200382576945236,0.0,0.0,0.7568174257349267,0.0,3.0,0.7781436809108948,0.0,0.0,0.9936907254208774,1.0,5.0,0.652608282100074
3288.0,14,96.0,1.1294117647058823,9.981331244362234,85.0,401.0,4.7176470588235295,0.0,0.0,10,69.0,0.0,6.599371322380126,2.6538461538461537,2.6538461538461537,26.0,1.0,1.0,0.4951462448859097,0.0,0.0,1.0,2.0,21.0,0.3328695261770123,2.0,28.0,0.0,0.0,0.0,0.012564943564122,0.0,0.0,0.6656050143843336,0.0,0.0,1.0,0.0,0.0,0.8269114753055321,3.0,12.0,0.1894081519304306,0.0,0.0,0.4162000441772343,1.0,2.0,0.00088989413012,1.0,5.0,0.0005403784096084
3296.0,8,39.0,0.4698795180722891,10.51776250156003,83.0,426.0,5.132530120481928,25.0,0.3012048192771084,7,84.0,15.0,8.755717787106104,3.5,3.5,24.0,1.0,2.0,0.0003315548269507,1.0,28.0,0.0034628285517745,0.0,7.0,0.5577856739924597,0.0,1.0,0.6457066437886779,0.0,0.0,0.9044481949786772,0.0,3.0,0.6447527589282991,0.0,0.0,0.9486889820155318,2.0,8.0,0.4434836643115261,3.0,32.0,4.007124611398675e-06,0.0,0.0,1.0,0.0,0.0,0.965830853018981,0.0,3.0,0.9431498482863988
3304.0,10,47.0,0.5662650602409639,11.245691740163984,83.0,465.0,5.602409638554217,39.0,0.4698795180722891,7,81.0,0.0,6.620141741964821,4.2631578947368425,4.2631578947368425,19.0,0.0,0.0,1.0,1.0,36.0,0.0,1.0,10.0,0.5225170275536745,0.0,1.0,0.9797781705648948,1.0,4.0,0.241586260666263,1.0,2.0,0.4690563116570457,2.0,9.0,0.1280439191671183,1.0,2.0,0.0083871320206021,0.0,11.0,0.2833475974837925,0.0,0.0,1.0,0.0,6.0,0.9616138718328812,0.0,0.0,1.0
3312.0,10,54.0,0.6352941176470588,10.123917429732648,85.0,528.0,6.211764705882353,63.0,0.7411764705882353,9,125.0,44.0,6.606326465322421,4.464285714285714,4.464285714285714,28.0,0.0,1.0,0.1717805289916785,0.0,8.0,0.7486078359232611,2.0,32.0,0.4131420934270881,0.0,0.0,0.9712921758141364,1.0,11.0,0.0,1.0,12.0,0.5328952923449776,5.0,45.0,0.0067216374535146,0.0,4.0,0.7110248588873636,0.0,8.0,0.3613694904029719,0.0,0.0,0.9409457072339362,0.0,3.0,0.6903367389197779,0.0,1.0,0.935717799678134
3320.0,9,26.0,0.2921348314606741,9.831768744881586,89.0,571.0,6.415730337078652,43.0,0.4831460674157303,7,59.0,0.0,4.466674370622863,3.6875,3.6875,16.0,0.0,0.0,1.0,2.0,37.0,2.9389598072781487e-05,0.0,3.0,0.5406054871651924,3.0,9.0,0.0010768427479656,0.0,0.0,1.0,1.0,3.0,0.0028489488456186,0.0,3.0,0.6466528595536525,0.0,0.0,1.0,0.0,0.0,0.2300315364495015,0.0,2.0,0.6305072309488717,0.0,0.0,1.0,1.0,2.0,0.2301448259802575
3328.0,7,24.0,0.2526315789473684,10.672317580542366,95.0,609.0,6.410526315789474,38.0,0.4,6,42.0,0.0,6.3688272216937305,1.826086956521739,1.826086956521739,23.0,1.0,6.0,0.0056033195227574,0.0,0.0,0.6016486117734677,1.0,0.0,0.3576641124534611,0.0,3.0,0.9383432457313756,0.0,0.0,1.0,0.0,7.0,0.7526923208923929,3.0,14.0,0.2147500857289404,0.0,6.0,0.9380525630706548,0.0,0.0,0.0210693635558496,1.0,4.0,0.4684737577039736,0.0,0.0,1.0,0.0,2.0,0.3433999681838205
3336.0,11,56.0,0.5894736842105263,10.542122156627531,95.0,578.0,6.08421052631579,0.0,0.0,8,45.0,3.0,7.0453833631132365,1.9565217391304348,1.9565217391304348,23.0,1.0,11.0,0.0,1.0,2.0,0.503331745371661,1.0,4.0,0.4350828060865978,0.0,0.0,0.945814602306016,0.0,0.0,0.945788996354947,1.0,5.0,0.3796344995570033,0.0,3.0,0.7545131988488751,0.0,2.0,0.0438227392526198,1.0,8.0,0.618892894868449,0.0,0.0,1.0,0.0,0.0,0.1054330796588322,3.0,10.0,0.245512694351014
3344.0,10,82.0,0.8817204301075269,10.86150419188391,93.0,530.0,5.698924731182796,0.0,0.0,8,73.0,28.0,7.596998994479735,2.3548387096774195,2.3548387096774195,31.0,0.0,0.0,0.9131958480959296,1.0,10.0,0.5750159994056038,3.0,29.0,0.3567990044169938,1.0,2.0,0.4725798657763439,0.0,0.0,0.4976747465274607,2.0,17.0,0.5332853175801457,0.0,0.0,1.0,0.0,6.0,0.8857668732437193,0.0,0.0,0.0239496534009736,0.0,0.0,1.0,0.0,0.0,0.964788508091564,1.0,9.0,0.241218301042379
3352.0,21,169.0,1.8777777777777775,9.77679703871568,90.0,633.0,7.033333333333333,103.0,1.1444444444444444,20,161.0,88.0,5.963032452614768,4.025,4.025,40.0,2.0,9.0,0.4098474096423755,0.0,3.0,0.7061677865449902,7.0,63.0,0.0965348910203792,2.0,5.0,0.4549711766150821,2.0,11.0,0.000353769878744,3.0,35.0,0.0,0.0,2.0,0.5857559256218867,0.0,2.0,0.9759503399016692,2.0,15.0,0.5484113228373209,0.0,0.0,0.9438878643365568,0.0,0.0,0.9871963954152868,2.0,16.0,0.2316663657436516
3360.0,16,161.0,1.75,9.650318564426632,92.0,748.0,8.130434782608695,115.0,1.25,16,190.0,29.0,5.532006887597245,5.428571428571429,5.428571428571429,35.0,0.0,1.0,0.2664234062489158,0.0,0.0,0.9743209293892986,9.0,132.0,0.1832267003230347,0.0,0.0,0.5857030587766757,2.0,27.0,0.0,0.0,10.0,0.3760849341369673,1.0,1.0,0.472674377145294,0.0,0.0,0.9941764598229714,2.0,12.0,0.322655463441892,0.0,0.0,0.9631817651544754,1.0,2.0,0.0005665572517603,1.0,5.0,0.2432895385423194
3368.0,14,244.0,2.5416666666666665,9.474366958643689,96.0,812.0,8.458333333333334,64.0,0.6666666666666666,14,276.0,86.0,3.733688804784777,10.22222222222222,10.22222222222222,27.0,1.0,5.0,0.0,0.0,0.0,1.0,9.0,200.0,0.2186617170912104,0.0,0.0,1.0,2.0,46.0,0.0031370777300279,0.0,0.0,0.0108666328202108,0.0,4.0,0.9620283839879727,0.0,6.0,0.2372210705148039,0.0,0.0,0.4842396646429359,0.0,0.0,1.0,1.0,10.0,0.0,1.0,5.0,0.0
3376.0,7,43.0,0.4479166666666667,11.061259757689747,96.0,872.0,9.083333333333334,60.0,0.625,6,153.0,0.0,8.405239839237874,5.1,5.1,30.0,1.0,3.0,0.1594208539991842,0.0,0.0,1.0,3.0,110.0,0.3757060972108553,0.0,0.0,0.9806860799982348,0.0,8.0,0.3191242232931749,0.0,3.0,0.9571515836782702,0.0,0.0,1.0,0.0,4.0,0.7908346496902445,1.0,6.0,0.4798911394733343,0.0,1.0,0.8351298965701965,1.0,18.0,0.0,0.0,0.0,0.9388503666245458
3384.0,13,91.0,1.011111111111111,11.061548442234056,90.0,788.0,8.755555555555556,0.0,0.0,12,115.0,0.0,6.192964996583577,4.791666666666667,4.791666666666667,24.0,1.0,8.0,0.2326153938316835,0.0,0.0,1.0,5.0,38.0,0.1995623392124436,0.0,0.0,1.0,1.0,13.0,0.4857306742121498,1.0,5.0,0.4810772767582074,0.0,0.0,1.0,0.0,0.0,0.7614947681566631,2.0,17.0,0.5431232486880423,0.0,0.0,1.0,1.0,26.0,0.0,1.0,8.0,0.468372060167311
3392.0,12,66.0,0.7586206896551724,10.080749949565575,87.0,716.0,8.229885057471265,0.0,0.0,10,107.0,0.0,7.274725160664899,4.28,4.28,25.0,1.0,9.0,0.3397421095727708,1.0,8.0,0.4922425602982366,3.0,27.0,0.1162360392792574,0.0,7.0,0.7215144825993828,1.0,4.0,0.0,1.0,8.0,0.6848704606752902,1.0,1.0,0.0057379955334875,0.0,0.0,0.9848771109707414,0.0,0.0,0.5166337973074564,0.0,3.0,0.4614137841488691,1.0,34.0,0.0,1.0,6.0,0.738317801683523
3400.0,9,53.0,0.5955056179775281,11.19148570229838,89.0,771.0,8.662921348314606,55.0,0.6179775280898876,8,79.0,0.0,7.02857579108908,3.4347826086956523,3.4347826086956523,23.0,0.0,6.0,0.3787616670282175,1.0,11.0,0.5703281718509724,1.0,15.0,0.486738367697609,2.0,16.0,4.942517282402302e-05,0.0,0.0,1.0,1.0,5.0,0.0,1.0,9.0,0.4568445643443103,0.0,0.0,0.961381021652595,0.0,0.0,0.9568878056811048,0.0,4.0,0.8096351843095214,0.0,0.0,1.0,2.0,13.0,0.1036484578156986
3408.0,8,31.0,0.3563218390804598,11.427406332758387,87.0,710.0,8.160919540229886,0.0,0.0,6,51.0,0.0,7.800684036938068,2.3181818181818183,2.3181818181818183,22.0,2.0,5.0,0.2040739819594422,0.0,7.0,0.3768379955154469,2.0,27.0,0.5140402047031911,0.0,0.0,0.9207646955596754,0.0,0.0,1.0,0.0,0.0,1.0,0.0,0.0,0.1111663045674643,0.0,0.0,0.9510164531050324,1.0,4.0,0.618925741734602,0.0,0.0,0.6212586339620327,0.0,0.0,1.0,1.0,8.0,0.5265041411098449
3416.0,14,97.0,1.1149425287356325,10.00067029136923,87.0,754.0,8.666666666666666,44.0,0.5057471264367817,14,123.0,72.0,5.220898369152632,3.84375,3.84375,32.0,0.0,0.0,1.0,0.0,3.0,0.7685708010129171,5.0,53.0,0.179471176485527,1.0,10.0,0.2929300639456632,0.0,0.0,1.0,0.0,3.0,0.7732133564282853,0.0,3.0,0.6431703209368573,1.0,3.0,0.0001484760405971,2.0,15.0,0.2742997176720522,0.0,0.0,0.9613097097523726,0.0,0.0,1.0,5.0,33.0,0.0956812326025227
3424.0,12,123.0,1.4642857142857142,9.001532442313712,84.0,783.0,9.321428571428571,29.0,0.3452380952380952,12,149.0,26.0,4.144192421986561,5.96,5.96,25.0,0.0,0.0,1.0,0.0,0.0,1.0,7.0,107.0,0.1601267425553879,1.0,10.0,0.4829245859356195,0.0,0.0,1.0,0.0,0.0,1.0,1.0,1.0,0.006874027012277,1.0,11.0,0.488373122416047,0.0,6.0,0.2228756247987897,1.0,3.0,0.0003092817322762,0.0,0.0,0.9870379767581836,1.0,11.0,0.284803136489566
3432.0,9,47.0,0.5280898876404494,10.194796375744458,89.0,828.0,9.303370786516854,45.0,0.5056179775280899,8,107.0,0.0,5.651615558766957,3.689655172413793,3.689655172413793,29.0,1.0,2.0,0.0003195919312771,0.0,0.0,1.0,1.0,52.0,0.3128591894425419,1.0,18.0,0.396800818684954,0.0,0.0,1.0,0.0,3.0,0.6010099896745189,0.0,0.0,0.4883421173606382,0.0,0.0,0.6452410118612992,2.0,18.0,0.1618971565332506,0.0,0.0,0.9405327511698756,0.0,0.0,0.9138495815199544,3.0,14.0,0.1591990302286094
3440.0,7,57.0,0.6867469879518072,11.694856380679363,83.0,769.0,9.265060240963855,0.0,0.0,7,82.0,0.0,8.694010116374955,3.9047619047619047,3.9047619047619047,21.0,0.0,0.0,0.9911772326358808,0.0,0.0,1.0,3.0,32.0,0.1494372322135314,1.0,26.0,0.0,0.0,0.0,1.0,1.0,6.0,4.957155063866396e-05,0.0,0.0,0.9389426682427447,0.0,0.0,0.962526830184925,1.0,10.0,0.7132681354412458,0.0,0.0,1.0,0.0,0.0,1.0,1.0,8.0,0.7313880773170297
3448.0,7,46.0,0.5227272727272727,11.800238203850256,88.0,717.0,8.147727272727273,0.0,0.0,5,59.0,0.0,9.66583391202116,2.269230769230769,2.269230769230769,26.0,1.0,1.0,0.0002110420109582,0.0,0.0,1.0,0.0,5.0,0.6405038472162633,2.0,34.0,0.0,0.0,0.0,0.4715684595366443,0.0,0.0,0.9915141091377908,0.0,0.0,0.946102761577916,0.0,5.0,0.6711375878071976,2.0,14.0,0.4736966612271076,0.0,0.0,0.966552067967892,0.0,0.0,1.0,0.0,0.0,0.8702530598908921
3456.0,11,75.0,0.8522727272727273,10.613148439079572,88.0,757.0,8.602272727272727,40.0,0.4545454545454545,11,84.0,25.0,3.5452521922363034,4.0,4.0,21.0,1.0,9.0,0.160034682773677,0.0,0.0,0.8042071730122766,1.0,4.0,0.0080846768023664,1.0,42.0,0.0,1.0,2.0,0.0001163236241418,1.0,5.0,0.2890893087236786,0.0,3.0,0.9350667888103494,1.0,6.0,0.4618371585693681,4.0,11.0,0.0014220896258309,0.0,0.0,0.0085835102315735,0.0,0.0,1.0,1.0,2.0,0.0016098513013354
3464.0,7,84.0,0.8842105263157894,11.36943570436732,95.0,812.0,8.547368421052632,55.0,0.5789473684210527,6,111.0,27.0,9.36694143393995,3.827586206896552,3.827586206896552,29.0,0.0,0.0,0.8861821062646662,0.0,0.0,1.0,0.0,6.0,0.6775712572218822,1.0,53.0,0.6092210641328258,0.0,0.0,0.6289183260973192,2.0,11.0,0.3513112979495419,1.0,11.0,0.4271797748519524,1.0,11.0,0.4802796773254865,0.0,6.0,0.5569411013241218,0.0,0.0,0.7225400300875945,0.0,0.0,1.0,1.0,13.0,0.5644236868850337
3472.0,10,32.0,0.3478260869565217,10.83541889376963,92.0,792.0,8.608695652173912,0.0,0.0,10,70.0,0.0,7.092959710498531,2.413793103448276,2.413793103448276,29.0,1.0,6.0,0.4649864853560914,0.0,3.0,0.0314834188957818,3.0,18.0,0.436214306514786,2.0,7.0,0.0005985834497603,0.0,0.0,0.6236354857381363,1.0,8.0,0.0,0.0,0.0,0.3438107216287246,0.0,14.0,0.5307091138932747,1.0,4.0,0.0051270390132419,0.0,0.0,0.8966716124626595,0.0,0.0,0.9946154177678296,2.0,10.0,0.3191810460200995
3480.0,14,90.0,0.9278350515463918,9.322693383421536,97.0,834.0,8.597938144329897,42.0,0.4329896907216495,13,137.0,67.0,5.917441744833607,3.5128205128205128,3.5128205128205128,39.0,0.0,7.0,0.6673851393246989,1.0,10.0,0.0,5.0,48.0,0.2099283217548397,0.0,4.0,0.6367482323604714,0.0,0.0,1.0,0.0,1.0,0.5982358028151872,0.0,0.0,0.6935903992519672,0.0,3.0,0.3260953586838963,1.0,12.0,0.2803417424264025,0.0,3.0,0.8052158512186213,0.0,0.0,1.0,6.0,49.0,0.0113444037477923
3488.0,14,130.0,1.3131313131313131,9.922143536168662,99.0,890.0,8.98989898989899,56.0,0.5656565656565656,13,157.0,20.0,6.760682337284523,4.757575757575758,4.757575757575758,33.0,0.0,0.0,0.6052143646782846,1.0,18.0,0.0,7.0,100.0,0.2676283095988476,0.0,0.0,1.0,0.0,0.0,1.0,0.0,3.0,0.4545603417028229,1.0,6.0,0.5521715993929784,0.0,0.0,1.0,3.0,28.0,0.3915632224992424,1.0,2.0,0.5175254660485461,0.0,0.0,1.0,0.0,0.0,0.292083954119736
3496.0,22,226.0,2.26,8.488273017597175,100.0,979.0,9.79,89.0,0.89,20,254.0,97.0,3.471392725133568,6.512820512820513,6.512820512820513,39.0,1.0,1.0,0.2542403136785335,1.0,26.0,0.4515981832241481,8.0,146.0,0.1441894148461494,0.0,0.0,1.0,0.0,0.0,1.0,2.0,9.0,0.0192919335877078,1.0,6.0,0.238118857111959,0.0,0.0,1.0,6.0,63.0,0.1886934019593298,1.0,3.0,0.493061678707273,0.0,0.0,1.0,0.0,0.0,1.0
3504.0,19,150.0,1.4705882352941178,9.592743241907955,102.0,1079.0,10.57843137254902,100.0,0.9803921568627452,17,216.0,0.0,5.545062895422272,5.684210526315789,5.684210526315789,38.0,1.0,7.0,0.0,1.0,34.0,0.0,1.0,54.0,0.3281190221037785,0.0,0.0,0.956798202321306,1.0,0.0,0.2802978871142752,0.0,3.0,0.8458077067610461,7.0,34.0,0.1866927946841324,0.0,0.0,1.0,5.0,73.0,0.1371586356366518,1.0,11.0,0.380369240680862,0.0,0.0,0.9822704395185792,0.0,0.0,1.0
3512.0,17,117.0,1.1142857142857143,9.353863688996814,105.0,1118.0,10.647619047619049,39.0,0.3714285714285714,16,266.0,50.0,5.848558163763693,6.333333333333333,6.333333333333333,42.0,1.0,18.0,0.5135072761245889,1.0,59.0,0.6196574873655992,5.0,71.0,0.0060704771359306,0.0,0.0,0.9932267590954074,1.0,11.0,0.1672209675786299,3.0,10.0,8.190578927852178e-05,0.0,19.0,0.6210194916724053,0.0,3.0,0.5503867635371791,4.0,55.0,0.1569577776566652,1.0,19.0,0.4571812905281052,0.0,0.0,0.9459580363225134,0.0,1.0,0.9516441305457544
3520.0,11,105.0,0.9905660377358492,10.59200741820904,106.0,1150.0,10.849056603773583,32.0,0.3018867924528302,10,180.0,0.0,7.192334577675222,5.454545454545454,5.454545454545454,33.0,3.0,15.0,0.0018599345143413,1.0,50.0,0.0,0.0,7.0,0.632390323929187,0.0,3.0,0.9958352697669882,0.0,0.0,0.9875183960352216,0.0,14.0,0.7051476193670759,0.0,0.0,0.95772803290448,1.0,5.0,0.6714795931077409,3.0,53.0,0.2222710170305769,1.0,27.0,0.0,0.0,0.0,0.4404488535124247,1.0,6.0,0.4937657364876952
3528.0,14,128.0,1.1743119266055049,8.611850810939886,109.0,1199.0,11.0,49.0,0.4495412844036697,13,207.0,27.0,4.406348658561477,5.048780487804878,5.048780487804878,41.0,1.0,7.0,0.1731825759888191,1.0,61.0,0.4473217331438186,3.0,20.0,0.1781505593205875,0.0,0.0,0.3799439789203441,0.0,3.0,0.19472501713099,1.0,8.0,0.505383333304903,1.0,2.0,0.4991606441521884,1.0,15.0,0.2339358697130291,1.0,39.0,0.3184227625767856,1.0,35.0,0.0,1.0,5.0,8.4837595550334e-06,2.0,12.0,0.2033934840287955
3536.0,12,169.0,1.6407766990291262,10.09020666842881,103.0,1156.0,11.223300970873789,0.0,0.0,12,222.0,15.0,4.966166590585698,7.928571428571429,7.928571428571429,28.0,2.0,20.0,0.2871876117027948,1.0,70.0,0.4500897550685905,0.0,0.0,0.053703241393971,0.0,0.0,1.0,0.0,3.0,0.9606020900626404,2.0,14.0,0.3207258570843321,2.0,13.0,0.3168633164563281,0.0,0.0,0.2139291156880485,3.0,42.0,0.3314923534956845,1.0,43.0,0.0,1.0,13.0,0.0,0.0,4.0,0.26573837471585
3544.0,13,123.0,1.268041237113402,10.657557064636926,97.0,1187.0,12.237113402061857,31.0,0.3195876288659793,12,168.0,0.0,6.30096898508265,4.941176470588236,4.941176470588236,34.0,5.0,29.0,0.0015373758668982,0.0,0.0,0.8845377367185294,0.0,3.0,0.7548824518736835,0.0,0.0,0.7746791996815805,2.0,11.0,0.0356284497047265,0.0,0.0,0.0125651690875467,2.0,36.0,0.5729211219399821,0.0,3.0,0.6490767234840765,1.0,22.0,0.3424674959494206,1.0,51.0,0.0,0.0,0.0,0.9386751840283564,1.0,13.0,0.4708880152525598
3552.0,13,82.0,0.7884615384615384,10.279872978816714,104.0,1147.0,11.028846153846152,0.0,0.0,12,122.0,0.0,6.71404389854388,3.935483870967742,3.935483870967742,31.0,5.0,65.0,0.0479608889832678,0.0,3.0,0.9533487834399816,1.0,5.0,0.2011628310433678,1.0,4.0,5.722516999484103e-05,0.0,8.0,0.1936901932881791,0.0,3.0,0.6539641538379398,3.0,11.0,0.1309890391786869,0.0,0.0,0.9217798828069552,2.0,22.0,0.2072297783964196,0.0,0.0,1.0,0.0,0.0,0.9890554858151336,0.0,1.0,0.9598769648471576
3560.0,7,28.0,0.2886597938144329,10.87976461886887,97.0,1067.0,11.0,0.0,0.0,7,57.0,0.0,6.793634744392137,2.590909090909091,2.590909090909091,22.0,0.0,11.0,0.2462601531709767,0.0,0.0,1.0,2.0,20.0,0.3563110516501036,0.0,0.0,1.0,0.0,0.0,1.0,0.0,0.0,0.95432439176411,0.0,0.0,1.0,0.0,3.0,0.7071327819265015,2.0,5.0,0.0222851268198363,0.0,0.0,0.8245528362514158,1.0,5.0,0.0,2.0,13.0,0.0735743532925222
3568.0,10,48.0,0.4948453608247423,10.941243939383403,97.0,1030.0,10.618556701030927,0.0,0.0,8,90.0,33.0,7.26371006707036,2.8125,2.8125,32.0,2.0,21.0,0.3172010679623016,0.0,0.0,1.0,0.0,1.0,0.1939281193657299,0.0,0.0,0.9331802780862358,0.0,2.0,0.5553935326778807,0.0,6.0,0.7400021193711925,0.0,0.0,0.3626870319138705,2.0,19.0,0.4033001429800207,0.0,4.0,0.8358234220562276,1.0,6.0,0.3514385524315953,0.0,0.0,1.0,3.0,31.0,2.1755568820488132e-05
3576.0,14,85.0,0.8854166666666666,11.143268416518756,96.0,1089.0,11.34375,59.0,0.6145833333333334,11,96.0,6.0,5.061160165018786,3.555555555555556,3.555555555555556,27.0,0.0,4.0,0.3092098833540898,0.0,0.0,1.0,1.0,11.0,0.4620374145390472,2.0,7.0,0.0017277859199474,0.0,4.0,0.358798356310608,0.0,0.0,0.9150246078844172,2.0,6.0,0.4578038092495542,5.0,50.0,0.163762212716485,0.0,3.0,0.3138817761322612,0.0,0.0,0.3484927683673563,0.0,0.0,1.0,1.0,11.0,0.3519614084621295
3584.0,8,42.0,0.4329896907216495,10.56121976744278,97.0,1076.0,11.09278350515464,0.0,0.0,5,49.0,0.0,6.231372688760594,2.5789473684210527,2.5789473684210527,19.0,1.0,9.0,0.2551995930160921,0.0,7.0,0.5440485602515593,1.0,8.0,0.4309265396980857,0.0,0.0,1.0,0.0,0.0,1.0,1.0,7.0,0.3528126505397311,0.0,0.0,1.0,0.0,3.0,0.3747348988609193,2.0,12.0,9.594575745432707e-05,0.0,0.0,1.0,0.0,0.0,1.0,0.0,3.0,0.6178869525287142
3592.0,12,89.0,0.946808510638298,10.33022599650823,94.0,1054.0,11.212765957446807,0.0,0.0,12,135.0,86.0,6.432668267431697,4.354838709677419,4.354838709677419,31.0,0.0,0.0,0.0084236096637905,0.0,0.0,1.0,5.0,49.0,0.2352014576948377,0.0,0.0,1.0,0.0,1.0,0.4719870844689778,2.0,21.0,0.0,0.0,9.0,0.7660521296553828,0.0,3.0,0.9224864986137732,2.0,33.0,0.2742692537677233,0.0,7.0,0.7356596624640512,0.0,0.0,1.0,3.0,12.0,0.114348400007328
3600.0,16,147.0,1.53125,10.352439717310451,96.0,1048.0,10.916666666666666,0.0,0.0,15,180.0,45.0,6.060438802683976,5.625,5.625,32.0,1.0,8.0,0.0,0.0,0.0,1.0,9.0,109.0,0.2247748000132408,0.0,0.0,0.0127452460911261,0.0,0.0,1.0,2.0,37.0,0.3316475225248231,0.0,1.0,0.3539227768132886,2.0,5.0,0.3273916999911669,1.0,18.0,0.2062206166079876,0.0,0.0,1.0,0.0,2.0,0.922016287908659,0.0,0.0,0.944582506546428
3600.0,5,69.0,0.75,11.611797884305512,92.0,726.0,7.891304347826087,0.0,0.0,4,73.0,0.0,8.213216033167665,3.65,3.65,20.0,2.0,11.0,0.0682312285382841,0.0,0.0,1.0,0.0,3.0,0.8648870071015472,0.0,0.0,1.0,0.0,0.0,1.0,1.0,22.0,0.4109756053684765,0.0,0.0,1.0,1.0,34.0,0.6196182516147761,0.0,3.0,0.6967153937272359,0.0,0.0,1.0,0.0,0.0,0.5453811780883161,0.0,0.0,0.5451992392427358
