step,system_total_stopped,system_total_waiting_time,system_mean_waiting_time,system_mean_speed,system_cars_present,system_accumulated_waiting_time (100),system_accumulated_mean_waiting_time (100),system_accumulated_waiting_time (delta),system_accumulated_mean_waiting_time (delta),agents_total_stopped,agents_total_accumulated_waiting_time (100),agents_total_accumulated_waiting_time (delta),agents_mean_speed,agents_mean_waiting_time (100),agents_mean_waiting_time (delta),agents_cars_present,Col3_1_stopped,Col3_1_accumulated_waiting_time,Col3_1_average_speed,Col3_2_stopped,Col3_2_accumulated_waiting_time,Col3_2_average_speed,Col3_3_stopped,Col3_3_accumulated_waiting_time,Col3_3_average_speed
8.0,1,0.0,0.0,5.116047790343873,4,0.0,0.0,0.0,0.0,1,0.0,0.0,4.505369043862447,0.0,0.0,2,0,0.0,1.0,0,0.0,1.0,1,0.0,0.3268124463580948
16.0,0,0.0,0.0,8.161456665934871,11,0.0,0.0,0.0,0.0,0,0.0,0.0,8.047971135094402,0.0,0.0,4,0,0.0,0.897173809132291,0,0.0,0.5441184040775258,0,0.0,0.959419166900201
24.0,2,1.0,0.0588235294117647,8.67480130188016,17,1.0,0.0588235294117647,1.0,0.0588235294117647,1,1.0,1.0,5.523057467988598,0.3333333333333333,0.3333333333333333,3,1,1.0,0.0010891501557923,0,0.0,0.9368411773922416,0,0.0,1.0
32.0,3,9.0,0.391304347826087,8.842727699856903,23,9.0,0.391304347826087,8.0,0.3478260869565217,1,9.0,8.0,6.507876434658507,3.0,3.0,3,1,9.0,0.4373204637312797,0,0.0,0.7205931375175709,0,0.0,1.0
40.0,6,22.0,0.7586206896551724,7.275183771557868,29,27.0,0.9310344827586208,18.0,0.6206896551724138,5,19.0,10.0,4.204951467074538,1.7272727272727273,1.7272727272727273,11,4,19.0,0.1916656772077776,1,0.0,0.6358842561910673,0,0.0,0.729724504733074
48.0,7,20.0,0.5263157894736842,8.355973328692256,38,53.0,1.394736842105263,26.0,0.6842105263157895,5,24.0,5.0,7.124920692034331,2.0,2.0,12,2,21.0,0.5430615719451212,2,3.0,0.4855806135062427,1,0.0,0.0
56.0,8,21.0,0.525,8.800144488250368,40,85.0,2.125,32.0,0.8,6,19.0,0.0,2.997536253772448,2.111111111111111,2.111111111111111,9,5,18.0,0.140801540698345,1,1.0,0.442663396970761,0,0.0,0.922991182139352
64.0,7,48.0,1.0,9.641463808160951,48,131.0,2.7291666666666665,46.0,0.9583333333333334,3,23.0,4.0,8.70365527089649,1.9166666666666667,1.9166666666666667,12,3,22.0,0.3542861524161421,0,1.0,0.901725898989841,0,0.0,0.918931546872503
72.0,13,87.0,1.6415094339622642,7.382961574087128,53,177.0,3.339622641509434,46.0,0.8679245283018868,8,79.0,56.0,4.2815991582113,4.157894736842105,4.157894736842105,19,5,48.0,0.2007247066407467,2,31.0,0.4334690421683885,1,0.0,0.4602347560387466
80.0,13,96.0,1.7777777777777777,7.7522242854351475,54,267.0,4.944444444444445,90.0,1.6666666666666667,11,90.0,11.0,4.248586546912674,4.5,4.5,20,4,31.0,0.3188590811185319,7,59.0,0.2649813769477055,0,0.0,0.7376983135282749
88.0,3,8.0,0.1428571428571428,8.810665610731787,56,292.0,5.214285714285714,25.0,0.4464285714285714,1,54.0,0.0,6.595237202274742,3.176470588235294,3.176470588235294,17,1,1.0,0.0632505491895897,0,46.0,0.5259894775708691,0,7.0,0.6809532508421164
96.0,14,48.0,0.7741935483870968,8.52523291334724,62,344.0,5.548387096774194,52.0,0.8387096774193549,9,99.0,45.0,4.8091630715783245,4.95,4.95,20,2,27.0,0.5134689480250791,6,69.0,0.2382453154592965,1,3.0,0.340080707099136
104.0,12,79.0,1.3389830508474576,8.550044617413826,59,377.0,6.389830508474576,33.0,0.559322033898305,6,113.0,14.0,3.948119831820096,7.533333333333333,7.533333333333333,15,4,48.0,0.0878622525487708,1,50.0,0.3316411949744051,1,15.0,0.6132889892422279
112.0,12,94.0,1.46875,8.676883706610585,64,430.0,6.71875,53.0,0.828125,5,47.0,0.0,8.129946677995665,2.473684210526316,2.473684210526316,19,2,36.0,0.585413886644168,2,8.0,0.6400336844852539,1,3.0,0.4763479630060858
120.0,13,105.0,1.5909090909090908,7.736610178903392,66,468.0,7.090909090909091,38.0,0.5757575757575758,10,106.0,59.0,4.828632668889001,3.925925925925926,3.925925925925926,27,6,81.0,0.1607636115264682,4,18.0,0.4260378249894858,0,7.0,0.804641600794864
128.0,13,89.0,1.3484848484848484,6.726495144214191,66,516.0,7.818181818181818,48.0,0.7272727272727273,10,135.0,29.0,3.5984511266174426,5.4,5.4,25,3,53.0,0.2055158614411526,7,82.0,0.2671766884464885,0,0.0,0.9257376288806248
136.0,8,56.0,0.7777777777777778,8.519903669759401,72,522.0,7.25,6.0,0.0833333333333333,7,99.0,0.0,5.052106926386129,4.714285714285714,4.714285714285714,21,3,40.0,0.3466662250477585,4,59.0,0.443330134817939,0,0.0,0.2845506354799792
144.0,14,93.0,1.388059701492537,7.256508391105433,67,528.0,7.880597014925373,6.0,0.0895522388059701,12,162.0,63.0,2.35348016144317,6.48,6.48,25,7,81.0,0.1006796791061973,4,74.0,0.2262430359043182,1,7.0,0.3923691585522024
152.0,25,212.0,3.164179104477612,5.337313761950293,67,598.0,8.925373134328359,70.0,1.044776119402985,20,285.0,123.0,3.1193051226028574,8.636363636363637,8.636363636363637,33,11,172.0,0.1701699107333135,8,113.0,0.2580627060794945,1,0.0,0.3749083825783687
160.0,20,234.0,3.25,6.299456968259403,72,709.0,9.84722222222222,111.0,1.5416666666666667,17,346.0,61.0,2.8937299974873185,10.484848484848484,10.484848484848484,33,7,175.0,0.1415334214050038,10,155.0,0.1618299710272941,0,16.0,0.9255626623889416
168.0,12,142.0,2.0285714285714285,7.292996304669961,70,712.0,10.17142857142857,3.0,0.0428571428571428,12,281.0,0.0,3.5099202509232943,9.064516129032258,9.064516129032258,31,9,197.0,0.148104479795946,2,81.0,0.2475890764575102,1,3.0,0.6949657078645467
176.0,15,115.0,1.6911764705882353,7.377382151086189,68,730.0,10.735294117647058,18.0,0.2647058823529412,12,214.0,0.0,4.686584195331196,7.379310344827586,7.379310344827586,29,4,136.0,0.2722487143806856,7,74.0,0.2918206090762639,1,4.0,0.6837440464944924
184.0,16,155.0,2.2142857142857144,7.172975674285577,70,793.0,11.32857142857143,63.0,0.9,14,239.0,25.0,2.992290682596765,8.535714285714286,8.535714285714286,28,5,109.0,0.0655270710752653,6,109.0,0.3767944973129208,3,21.0,0.3701048072970263
192.0,12,81.0,1.2461538461538462,7.562186795897864,65,818.0,12.584615384615384,25.0,0.3846153846153846,12,264.0,25.0,4.014226788452235,9.428571428571429,9.428571428571429,28,5,100.0,0.3871862055549493,3,116.0,0.2918772198760865,4,48.0,0.1835975318082855
200.0,18,166.0,2.721311475409836,6.720742134358437,61,830.0,13.60655737704918,12.0,0.1967213114754098,18,310.0,46.0,1.3137544219532256,12.4,12.4,25,4,54.0,0.1989440281896959,10,176.0,0.0598278887893867,4,80.0,0.0
208.0,14,208.0,3.25,7.783829403275152,64,819.0,12.796875,0.0,0.0,12,323.0,13.0,3.5317864366185923,13.458333333333334,13.458333333333334,24,4,47.0,0.1526823582292333,4,161.0,0.3224230551163839,4,115.0,0.301616114626197
216.0,23,317.0,5.56140350877193,5.575972399743186,57,740.0,12.982456140350877,0.0,0.0,18,415.0,92.0,2.496705144206115,15.961538461538462,15.961538461538462,26,3,54.0,0.3400932989533534,11,217.0,0.1143906607867389,4,144.0,0.2550546872543095
224.0,17,327.0,5.190476190476191,6.304978270090685,63,819.0,13.0,79.0,1.253968253968254,15,385.0,0.0,2.5342416177878144,15.4,15.4,25,4,36.0,0.0927868186887016,6,168.0,0.2620931566974997,5,181.0,0.1349974056048806
232.0,16,222.0,3.639344262295082,6.744162402960092,61,800.0,13.114754098360656,0.0,0.0,10,348.0,0.0,4.05941199478695,14.5,14.5,24,2,15.0,0.3260159875823999,6,222.0,0.423529648475689,2,111.0,0.2375500201383111
240.0,9,48.0,0.7868852459016393,7.731115806177624,61,863.0,14.147540983606556,63.0,1.0327868852459017,7,249.0,0.0,3.8438557052448337,13.833333333333334,13.833333333333334,18,1,15.0,0.2924850253784812,3,131.0,0.3555667004507526,3,103.0,0.2341305911169325
248.0,11,48.0,0.7619047619047619,8.41691119773069,63,846.0,13.428571428571429,0.0,0.0,7,176.0,0.0,3.349850191851264,11.0,11.0,16,1,17.0,0.5120593728699913,6,144.0,0.162704282114837,0,15.0,0.5288465430080671
256.0,17,155.0,2.6271186440677967,7.651456358058533,59,858.0,14.542372881355933,12.0,0.2033898305084746,12,263.0,87.0,4.47106178954691,11.954545454545457,11.954545454545457,22,4,41.0,0.1755483504988352,8,218.0,0.3038840432574893,0,4.0,0.9281706441745466
264.0,18,153.0,2.732142857142857,5.987876370111836,56,851.0,15.196428571428571,0.0,0.0,12,289.0,26.0,2.867220350412876,13.136363636363637,13.136363636363637,22,3,40.0,0.3669660224146164,9,249.0,0.1661812042982029,0,0.0,1.0
272.0,11,83.0,1.4310344827586208,6.816714546801314,58,833.0,14.362068965517242,0.0,0.0,9,266.0,0.0,3.814091007522282,11.083333333333334,11.083333333333334,24,1,8.0,0.5111257590818352,8,258.0,0.2286188354668804,0,0.0,0.2559824030815238
280.0,10,36.0,0.6,7.225647865677712,60,776.0,12.933333333333334,0.0,0.0,8,184.0,0.0,4.20625136720334,7.666666666666667,7.666666666666667,24,2,6.0,0.0746293303411545,6,169.0,0.2140577955933782,0,9.0,0.8256588969126182
288.0,9,51.0,0.85,8.068831419942542,60,800.0,13.333333333333334,24.0,0.4,5,208.0,24.0,4.297124229740192,10.4,10.4,20,3,25.0,0.1680056119555512,2,183.0,0.3928615751659767,0,0.0,0.6038577589894472
296.0,18,123.0,2.0847457627118646,6.532916376194317,59,780.0,13.220338983050848,0.0,0.0,18,321.0,113.0,3.0779255895413127,11.88888888888889,11.88888888888889,27,5,55.0,0.2074221595233811,12,247.0,0.1478016688659472,1,19.0,0.6889487113150813
304.0,18,166.0,2.721311475409836,7.011373036575574,61,837.0,13.721311475409836,57.0,0.9344262295081968,12,338.0,17.0,4.599677609925353,16.095238095238095,16.095238095238095,21,1,37.0,0.6611032606241545,10,285.0,0.2432974933286819,1,16.0,0.0
312.0,12,84.0,1.2923076923076924,7.51809105126587,65,947.0,14.569230769230767,110.0,1.6923076923076923,9,281.0,0.0,4.34387784533432,10.035714285714286,10.035714285714286,28,4,43.0,0.2198038165598601,5,231.0,0.3099794603693674,0,7.0,0.639793692231561
320.0,13,73.0,1.123076923076923,7.142522192174591,65,877.0,13.492307692307692,0.0,0.0,10,314.0,33.0,4.453138233619063,10.466666666666669,10.466666666666669,30,5,72.0,0.0885367235971437,5,232.0,0.1671333045750854,0,10.0,0.8655143606680706
328.0,14,101.0,1.553846153846154,7.002318888549145,65,958.0,14.738461538461538,81.0,1.2461538461538462,12,316.0,2.0,3.757751900937927,12.153846153846152,12.153846153846152,26,1,16.0,0.4957206823706885,11,292.0,0.0752227666860624,0,8.0,0.7817733460095634
336.0,18,114.0,1.7272727272727273,6.443505634980265,66,1049.0,15.893939393939394,91.0,1.378787878787879,10,329.0,13.0,3.2138179995023872,13.16,13.16,25,4,28.0,0.0022528694006998,4,289.0,0.2272964126677675,2,12.0,0.534859753020985
344.0,13,125.0,1.953125,7.0984009719845815,64,945.0,14.765625,0.0,0.0,11,253.0,0.0,4.692844535018936,9.37037037037037,9.37037037037037,27,0,8.0,0.8237227508242266,9,219.0,0.2751667285554457,2,26.0,0.3709264248392255
352.0,17,180.0,2.950819672131148,6.704071650246502,61,858.0,14.065573770491802,0.0,0.0,14,264.0,11.0,3.062233326534327,9.428571428571429,9.428571428571429,28,0,19.0,0.4326804329822462,13,233.0,0.1874817583728354,1,12.0,0.4363949410467529
360.0,24,340.0,5.483870967741935,6.139662283258256,62,892.0,14.387096774193548,34.0,0.5483870967741935,21,407.0,143.0,2.99381115908295,12.333333333333334,12.333333333333334,33,1,27.0,0.3168887802937192,17,358.0,0.190307052926998,3,22.0,0.3856292723334206
368.0,9,41.0,0.6307692307692307,7.334077250507018,65,958.0,14.738461538461538,66.0,1.015384615384615,7,217.0,0.0,4.949929460392775,7.482758620689655,7.482758620689655,29,1,14.0,0.6257925339275868,6,200.0,0.1547530347085227,0,3.0,0.6650184012494563
376.0,28,150.0,2.112676056338028,5.959958008931257,71,1066.0,15.014084507042254,108.0,1.5211267605633805,26,367.0,150.0,1.763597010889297,9.41025641025641,9.41025641025641,39,4,35.0,0.0107866704035848,18,320.0,0.1122122537885,4,12.0,0.2956942926466572
384.0,9,133.0,1.7972972972972974,6.785721221188765,74,1213.0,16.39189189189189,147.0,1.9864864864864864,6,263.0,0.0,4.359294453350256,10.115384615384617,10.115384615384617,26,1,13.0,0.2137686642712913,5,247.0,0.2718606993069924,0,3.0,0.701936000009236
392.0,14,66.0,0.868421052631579,8.016341525641193,76,1072.0,14.105263157894736,0.0,0.0,9,174.0,0.0,5.381175237092514,6.444444444444445,6.444444444444445,27,2,22.0,0.5802756348458467,7,152.0,0.2547587012921345,0,0.0,0.5459892494822915
400.0,12,61.0,0.782051282051282,7.475687004109566,78,1021.0,13.08974358974359,0.0,0.0,11,133.0,0.0,4.425021032083009,5.115384615384615,5.115384615384615,26,4,36.0,0.3417930590018627,4,78.0,0.3338446905764884,3,19.0,0.3782976011927605
408.0,16,85.0,1.0,7.58306815976126,85,1024.0,12.047058823529412,3.0,0.0352941176470588,12,140.0,7.0,4.414274768899964,4.666666666666667,4.666666666666667,30,1,18.0,0.5925953338033173,8,88.0,0.2609886691917083,3,34.0,0.3844730252799097
416.0,18,154.0,1.855421686746988,6.94091172233618,83,952.0,11.46987951807229,0.0,0.0,13,194.0,54.0,3.1712157933561027,6.258064516129032,6.258064516129032,31,2,26.0,0.3430944737274626,6,97.0,0.1991330133528957,5,71.0,0.2436313221108024
424.0,30,292.0,3.743589743589744,6.078158234594008,78,940.0,12.051282051282053,0.0,0.0,24,382.0,188.0,2.480903605667461,10.914285714285716,10.914285714285716,35,4,90.0,0.41717054866342,13,165.0,0.0779104770241566,7,127.0,0.116942291615326
432.0,22,349.0,4.532467532467533,6.599439313269489,77,1030.0,13.376623376623376,90.0,1.1688311688311688,19,450.0,68.0,3.2077712678934285,14.516129032258064,14.516129032258064,31,4,58.0,0.3161536013858435,6,208.0,0.3476641847680847,9,184.0,7.89046395160416e-05
440.0,16,229.0,2.8271604938271606,7.573067655595165,81,1117.0,13.790123456790123,87.0,1.0740740740740742,12,265.0,0.0,3.5657581641317164,12.045454545454543,12.045454545454543,22,5,68.0,0.2698271408317683,7,181.0,0.253998546547064,0,16.0,0.6239160686893906
448.0,16,149.0,1.9102564102564104,7.546483576397303,78,1144.0,14.666666666666666,27.0,0.3461538461538461,10,200.0,0.0,4.614936153402137,7.6923076923076925,7.6923076923076925,26,6,105.0,0.2268652648550586,2,67.0,0.4600399273237164,2,28.0,0.4257661174732012
456.0,18,151.0,2.126760563380281,6.757099447748051,71,1024.0,14.422535211267606,0.0,0.0,10,154.0,0.0,5.252021282872305,6.416666666666667,6.416666666666667,24,5,83.0,0.3513834289708299,4,68.0,0.192679561776884,1,3.0,0.7260946252646393
464.0,7,23.0,0.3285714285714285,7.636863624022775,70,944.0,13.485714285714286,0.0,0.0,5,110.0,0.0,5.068409982310789,5.0,5.0,22,2,35.0,0.3398545878563084,2,68.0,0.3864907005376304,1,7.0,0.6240555004019662
472.0,17,77.0,1.115942028985507,7.125213903211744,69,947.0,13.72463768115942,3.0,0.0434782608695652,15,177.0,67.0,3.4985366344116278,7.08,7.08,25,6,48.0,0.2257184866376729,8,124.0,0.1512154040130441,1,5.0,0.5789198090766966
480.0,5,47.0,0.7704918032786885,7.909894574123156,61,756.0,12.39344262295082,0.0,0.0,3,89.0,0.0,6.041673535429019,4.684210526315789,4.684210526315789,19,3,57.0,0.3965677746108029,0,32.0,0.547945071381905,0,0.0,0.1083773429731565
488.0,6,73.0,1.1967213114754098,9.635351985525489,61,667.0,10.934426229508198,0.0,0.0,4,63.0,0.0,4.510862843732278,6.3,6.3,10,4,63.0,0.0019395560354388,0,0.0,0.899189881352743,0,0.0,0.6685517180029366
496.0,8,124.0,1.968253968253968,9.292755730376156,63,625.0,9.92063492063492,0.0,0.0,5,98.0,35.0,5.352599086052974,9.8,9.8,10,5,98.0,0.2707426192888825,0,0.0,0.5694064580282859,0,0.0,0.9238632139672348
504.0,8,73.0,1.1774193548387095,8.489388113742248,62,576.0,9.290322580645162,0.0,0.0,3,27.0,0.0,7.231887911205688,2.076923076923077,2.076923076923077,13,2,20.0,0.4759729630530288,1,3.0,0.4327608070451939,0,4.0,0.9301499064854764
512.0,10,93.0,1.7884615384615383,7.542110348298357,52,526.0,10.115384615384617,0.0,0.0,5,32.0,5.0,5.227071023290575,2.0,2.0,16,3,27.0,0.2111784988446692,2,5.0,0.0789853443748231,0,0.0,0.9602019984286332
520.0,19,183.0,3.73469387755102,6.251472500634183,49,578.0,11.79591836734694,52.0,1.0612244897959184,11,77.0,45.0,1.831977523875856,5.133333333333334,5.133333333333334,15,4,22.0,0.0667298363099984,4,46.0,0.240068784132293,3,9.0,0.0854464304819243
528.0,10,95.0,1.9,6.820548764483981,50,561.0,11.22,0.0,0.0,8,109.0,32.0,4.597996462359061,5.7368421052631575,5.7368421052631575,19,6,89.0,0.2824141939980483,0,7.0,0.7262719886809944,2,13.0,0.0
536.0,5,28.0,0.509090909090909,8.04810280273695,55,569.0,10.345454545454546,8.0,0.1454545454545454,3,141.0,32.0,5.811532632173102,8.294117647058824,8.294117647058824,17,2,58.0,0.2519305313040356,1,83.0,0.5223792363678322,0,0.0,0.9398839771347244
544.0,8,22.0,0.3793103448275862,7.552132094371796,58,565.0,9.741379310344827,0.0,0.0,7,172.0,31.0,4.933825033269672,7.166666666666667,7.166666666666667,24,3,74.0,0.3233890157953378,3,95.0,0.3753496189065931,1,3.0,0.4318852003266508
552.0,6,18.0,0.2857142857142857,7.264441301402933,63,487.0,7.73015873015873,0.0,0.0,3,179.0,7.0,5.260274027922392,8.136363636363637,8.136363636363637,22,3,80.0,0.27275515898463,0,99.0,0.4534284660771781,0,0.0,0.961367963403779
560.0,11,55.0,0.873015873015873,7.433337500806457,63,517.0,8.206349206349206,30.0,0.4761904761904761,11,197.0,18.0,3.6084203209309647,8.208333333333334,8.208333333333334,24,3,32.0,0.227084198412426,8,165.0,0.3055033137764969,0,0.0,1.0
568.0,22,175.0,2.734375,6.2677271221308,64,586.0,9.15625,69.0,1.078125,19,304.0,107.0,2.645648590697133,10.482758620689657,10.482758620689657,29,4,52.0,0.2642887911871213,15,248.0,0.1123067096264135,0,4.0,0.7414167594256004
576.0,20,245.0,3.769230769230769,5.772270578865645,65,688.0,10.584615384615384,102.0,1.5692307692307692,18,405.0,101.0,3.361756345831266,13.064516129032258,13.064516129032258,31,4,44.0,0.3427692182764873,14,361.0,0.1905929189345705,0,0.0,0.9667321041446018
584.0,15,61.0,0.9384615384615383,6.115878877817781,65,778.0,11.96923076923077,90.0,1.3846153846153846,10,334.0,0.0,2.6316597817794185,14.521739130434783,14.521739130434783,23,2,38.0,0.3744399453319296,7,295.0,0.1274063531977477,1,1.0,0.0022426265305511
592.0,13,67.0,0.943661971830986,7.782749155830146,71,781.0,11.0,3.0,0.0422535211267605,10,130.0,0.0,4.617040437788573,5.0,5.0,26,5,48.0,0.2924721716694801,4,73.0,0.3290088370979458,1,9.0,0.4869534790395226
600.0,17,135.0,1.8243243243243243,7.541481031493455,74,774.0,10.45945945945946,0.0,0.0,12,153.0,23.0,4.21350273050959,6.954545454545454,6.954545454545454,22,7,96.0,0.2276378718092998,4,54.0,0.353739620846534,1,3.0,0.3795311350976828
608.0,19,141.0,1.855263157894737,6.700685807079001,76,806.0,10.605263157894736,32.0,0.4210526315789473,9,165.0,12.0,4.774539651637202,7.5,7.5,22,3,66.0,0.41503124831388,6,99.0,0.2673925700853524,0,0.0,0.927709192122782
616.0,16,205.0,2.5625,8.124169973690115,80,870.0,10.875,64.0,0.8,7,185.0,20.0,6.244324457557796,8.409090909090908,8.409090909090908,22,3,58.0,0.2654085808792297,4,127.0,0.3924332419677804,0,0.0,0.9359820393447656
624.0,16,277.0,3.5063291139240507,8.618536564079864,79,849.0,10.746835443037977,0.0,0.0,10,223.0,38.0,5.164421815443019,11.15,11.15,20,5,45.0,0.1341520786256995,5,159.0,0.4483115832884506,0,19.0,0.9322157888921908
632.0,12,247.0,3.3378378378378377,8.038485619762518,74,826.0,11.16216216216216,0.0,0.0,7,236.0,13.0,5.059165755554405,13.11111111111111,13.11111111111111,18,2,13.0,0.2096875293786967,5,199.0,0.3176380360909694,0,24.0,0.9219850260086648
640.0,12,55.0,0.7534246575342466,7.269263054410427,73,832.0,11.397260273972602,6.0,0.0821917808219178,5,145.0,0.0,4.001102547655262,7.631578947368421,7.631578947368421,19,2,18.0,0.1299566531253189,3,106.0,0.3823699526921327,0,21.0,0.4075704584380367
648.0,20,141.0,2.136363636363636,6.81315616916359,66,742.0,11.242424242424242,0.0,0.0,13,218.0,73.0,2.927046837243601,9.478260869565217,9.478260869565217,23,4,45.0,0.1041392202365554,7,143.0,0.2297577032662361,2,30.0,0.4499752813543483
656.0,24,251.0,3.8615384615384616,6.387175729327844,65,736.0,11.323076923076924,0.0,0.0,18,348.0,130.0,3.263842204702998,12.0,12.0,29,4,87.0,0.286729857335046,11,209.0,0.1991567632230384,3,52.0,0.2468117708874658
664.0,14,123.0,1.835820895522388,6.85757176402147,67,825.0,12.313432835820896,89.0,1.328358208955224,14,301.0,0.0,3.4207824550003028,11.576923076923077,11.576923076923077,26,6,122.0,0.2317994723033982,4,102.0,0.282784912248481,4,77.0,0.1956059513945034
672.0,11,109.0,1.676923076923077,8.039362771387013,65,849.0,13.06153846153846,24.0,0.3692307692307692,9,165.0,0.0,4.743549368231983,7.857142857142857,7.857142857142857,21,6,113.0,0.1653813710608219,3,49.0,0.4644485752049556,0,3.0,0.885793261718463
680.0,15,145.0,2.1323529411764706,7.776911953191948,68,858.0,12.617647058823527,9.0,0.1323529411764706,8,175.0,10.0,6.098527204501692,7.608695652173913,7.608695652173913,23,3,66.0,0.4091361556102262,5,96.0,0.3132081094161102,0,13.0,0.7536431567659134
688.0,16,175.0,2.6923076923076925,6.104690341653504,65,838.0,12.892307692307693,0.0,0.0,10,185.0,10.0,3.740116993259534,7.115384615384615,7.115384615384615,26,7,121.0,0.1925167767404584,1,38.0,0.2866906358803586,2,26.0,0.4152307936051095
696.0,14,162.0,2.6557377049180326,6.660639154506492,61,790.0,12.950819672131148,0.0,0.0,12,191.0,6.0,3.102953659404556,8.304347826086957,8.304347826086957,23,7,136.0,0.0853131914888663,5,44.0,0.3254835406729101,0,11.0,0.4226516728652438
704.0,12,229.0,3.634920634920635,7.897444064626843,63,809.0,12.841269841269842,19.0,0.3015873015873015,9,247.0,56.0,4.852962791104088,13.0,13.0,19,6,184.0,0.1311681043676464,2,56.0,0.5052380271218647,1,7.0,0.7434366213913924
712.0,14,299.0,4.671875,7.575295863798144,64,861.0,13.453125,52.0,0.8125,10,375.0,128.0,4.1615023809564855,17.045454545454547,17.045454545454547,22,6,232.0,0.1356783039053613,1,108.0,0.5940587574258342,3,35.0,0.2254792193298234
720.0,9,45.0,0.703125,7.196390988027078,64,809.0,12.640625,0.0,0.0,8,271.0,0.0,4.331035521749096,11.291666666666666,11.291666666666666,24,1,102.0,0.3810856906114639,6,148.0,0.2258233052260048,1,21.0,0.5292125452642351
728.0,7,46.0,0.71875,8.9677600070641,64,775.0,12.109375,0.0,0.0,4,52.0,0.0,5.807902222627015,3.0588235294117645,3.0588235294117645,17,3,21.0,3.908697393547012e-06,0,11.0,0.6934232281552709,1,20.0,0.3412810808733789
736.0,8,59.0,1.0,9.230831240774837,59,729.0,12.35593220338983,0.0,0.0,7,49.0,0.0,5.476494962408757,3.2666666666666666,3.2666666666666666,15,3,34.0,0.3808822191132511,3,14.0,0.4976486257776203,1,1.0,0.003760339380818
744.0,9,76.0,1.3103448275862069,8.876183056102175,58,662.0,11.413793103448276,0.0,0.0,8,64.0,15.0,5.810854905543022,3.764705882352941,3.764705882352941,17,2,11.0,0.3390487570385683,5,41.0,0.3917962535557723,1,12.0,0.6363162431924366
752.0,6,13.0,0.2407407407407407,8.638221414559231,54,664.0,12.296296296296296,2.0,0.037037037037037,5,34.0,0.0,5.067049810086206,2.4285714285714284,2.4285714285714284,14,1,6.0,0.5134983497971789,3,24.0,0.2876832913724502,1,4.0,0.3996823512696431
760.0,9,44.0,0.8301886792452831,8.966598106823747,53,490.0,9.245283018867925,0.0,0.0,6,98.0,64.0,5.584976373074177,5.764705882352941,5.764705882352941,17,2,14.0,0.5074899254687366,4,84.0,0.263215797285202,0,0.0,0.8682282779963353
768.0,11,91.0,1.82,8.068275945382476,50,400.0,8.0,0.0,0.0,10,152.0,54.0,3.5914957209454434,8.941176470588236,8.941176470588236,17,3,25.0,0.362565311378284,7,127.0,0.1157881857761013,0,0.0,0.8868155236074498
776.0,6,22.0,0.3928571428571428,8.035486993971663,56,429.0,7.660714285714286,29.0,0.5178571428571429,4,99.0,0.0,6.426368132455859,4.714285714285714,4.714285714285714,21,1,15.0,0.4778414595281305,1,81.0,0.5210487000405075,2,3.0,0.5119696581396381
784.0,9,37.0,0.6727272727272727,7.792326021260309,55,383.0,6.963636363636364,0.0,0.0,9,114.0,15.0,4.285200835676205,5.428571428571429,5.428571428571429,21,4,26.0,0.2272970507603581,4,77.0,0.3547421254385762,1,11.0,0.7153871967070397
792.0,11,84.0,1.6153846153846154,7.366885863159708,52,382.0,7.346153846153846,0.0,0.0,10,118.0,4.0,3.985425366486357,4.72,4.72,25,7,79.0,0.1218482670756708,1,14.0,0.1459011440388141,2,25.0,0.6965441873005933
800.0,9,46.0,0.8518518518518519,6.966987590039758,54,460.0,8.518518518518519,78.0,1.4444444444444444,8,82.0,0.0,3.7566895620170864,3.565217391304348,3.565217391304348,23,2,40.0,0.2897362269589084,5,38.0,0.2279235998648626,1,4.0,0.5333791442891519
808.0,12,102.0,1.728813559322034,7.022187749920993,59,509.0,8.627118644067796,49.0,0.8305084745762712,10,119.0,37.0,3.083995894308346,6.2631578947368425,6.2631578947368425,19,7,74.0,0.000777833123856,2,37.0,0.6009903052880784,1,8.0,0.3852302187134993
816.0,11,116.0,1.8412698412698407,8.020528839240834,63,568.0,9.015873015873016,59.0,0.9365079365079364,10,141.0,22.0,3.651345799456111,6.714285714285714,6.714285714285714,21,8,131.0,0.2358782394376164,1,6.0,0.6243754911803765,1,4.0,0.401267937389799
824.0,16,216.0,3.6,7.448270698385815,60,468.0,7.8,0.0,0.0,15,238.0,97.0,3.7430658258497007,9.916666666666666,9.916666666666666,24,12,210.0,0.0491648811558906,2,12.0,0.4650958009893841,1,16.0,0.6835022860928678
832.0,14,249.0,4.081967213114754,7.478583998889553,61,529.0,8.672131147540984,61.0,1.0,12,256.0,18.0,3.847771249524771,12.19047619047619,12.19047619047619,21,8,196.0,0.1776322415380253,2,25.0,0.3433321275595526,2,35.0,0.4417141301677749
840.0,26,402.0,6.7,5.527478136902313,60,623.0,10.383333333333333,94.0,1.5666666666666669,17,383.0,127.0,3.485277234664566,13.678571428571429,13.678571428571429,28,9,270.0,0.1658127427951841,2,44.0,0.4694180752376369,6,69.0,0.2270803416504634
848.0,9,112.0,1.696969696969697,6.4711302525344365,66,718.0,10.87878787878788,95.0,1.4393939393939394,7,247.0,0.0,4.138982730034975,10.291666666666666,10.291666666666666,24,2,161.0,0.2212405535897148,1,2.0,0.312958589207709,4,84.0,0.4485737752709936
856.0,11,38.0,0.5352112676056338,7.700233261911279,71,702.0,9.887323943661972,0.0,0.0,8,219.0,0.0,4.76652952762366,9.125,9.125,24,6,176.0,0.1237763902347313,0,3.0,0.9791672883786612,2,40.0,0.537387659907475
864.0,16,95.0,1.3768115942028984,7.218112917097112,69,779.0,11.289855072463768,77.0,1.115942028985507,12,179.0,0.0,3.5063895892920764,8.136363636363637,8.136363636363637,22,3,97.0,0.2081954077557972,0,0.0,0.9539191518672072,9,82.0,0.0959332703727514
872.0,18,145.0,2.071428571428572,7.201013253672609,70,846.0,12.085714285714284,67.0,0.9571428571428572,10,139.0,0.0,4.120346761417216,6.95,6.95,20,4,62.0,0.2848546175870973,3,10.0,0.5254847677865029,3,67.0,0.057910771609015
880.0,19,270.0,4.090909090909091,7.293166059490835,66,834.0,12.636363636363637,0.0,0.0,11,244.0,105.0,5.362914660181336,9.384615384615383,9.384615384615383,26,5,98.0,0.4056829967631321,3,54.0,0.4084241249958485,3,92.0,0.3605502012353579
888.0,18,205.0,3.014705882352941,7.198775194911573,68,947.0,13.926470588235292,113.0,1.661764705882353,12,281.0,37.0,3.093916847083257,12.772727272727272,12.772727272727272,22,2,63.0,0.2531638293706889,7,103.0,0.1943442234325711,3,115.0,0.2376260005424831
896.0,15,164.0,2.411764705882353,6.854893435702363,68,906.0,13.323529411764708,0.0,0.0,15,288.0,7.0,3.5088228003577617,9.93103448275862,9.93103448275862,29,4,83.0,0.2927259235723216,9,172.0,0.2245903932384232,2,33.0,0.4399072725809606
904.0,23,310.0,4.626865671641791,6.4614047046112,67,937.0,13.985074626865671,31.0,0.4626865671641791,20,385.0,97.0,3.276945387997139,12.419354838709678,12.419354838709678,31,6,90.0,0.3111243219136088,12,279.0,0.1560389539759111,2,16.0,0.3533827122975863
912.0,14,118.0,1.6857142857142855,7.098967846287938,70,1083.0,15.471428571428572,146.0,2.085714285714286,10,191.0,0.0,3.4524357587254144,7.64,7.64,25,8,101.0,0.0581511378102347,2,88.0,0.329605224371354,0,2.0,0.4993349330994863
920.0,16,88.0,1.1282051282051282,8.190840917526652,78,1114.0,14.282051282051285,31.0,0.3974358974358974,11,178.0,0.0,4.8525628713188205,6.846153846153846,6.846153846153846,26,2,24.0,0.3307537296504139,9,154.0,0.3135047903418093,0,0.0,0.9224341232949856
928.0,9,71.0,0.8452380952380952,8.18543432811966,84,1016.0,12.095238095238097,0.0,0.0,2,136.0,0.0,6.084001230180229,4.533333333333333,4.533333333333333,30,1,4.0,0.6259557982981596,1,132.0,0.3450970005114435,0,0.0,0.888376357816333
936.0,9,45.0,0.5487804878048781,9.342134413209786,82,921.0,11.231707317073171,0.0,0.0,7,90.0,0.0,5.132050098238904,3.9130434782608696,3.9130434782608696,23,3,18.0,0.3572568896393937,3,68.0,0.410118706525579,1,4.0,0.4017295802899037
944.0,21,109.0,1.329268292682927,6.9155316102228,82,904.0,11.024390243902438,0.0,0.0,14,173.0,83.0,3.5713969372692578,5.965517241379311,5.965517241379311,29,6,45.0,0.2049947514351333,5,103.0,0.2710708219223708,3,25.0,0.4388246754337796
952.0,26,175.0,2.0588235294117645,5.68884362906718,85,1013.0,11.91764705882353,109.0,1.2823529411764707,17,252.0,79.0,2.850144955190633,8.129032258064516,8.129032258064516,31,6,67.0,0.1214707486950192,11,174.0,0.1902539890930101,0,11.0,0.5973585110581248
960.0,10,77.0,0.875,7.089666088606283,88,1130.0,12.840909090909092,117.0,1.3295454545454546,6,221.0,0.0,5.418509599676987,7.892857142857143,7.892857142857143,28,3,89.0,0.3412395933023285,1,116.0,0.4014679021214976,2,16.0,0.5940895564044328
968.0,21,150.0,1.829268292682927,7.521189126077342,82,1021.0,12.451219512195122,0.0,0.0,12,158.0,0.0,3.53893582344038,6.583333333333333,6.583333333333333,24,3,81.0,0.2222068341218539,3,32.0,0.4356194533086907,6,45.0,0.2457730554212699
976.0,12,125.0,1.5625,7.925711290446972,80,952.0,11.9,0.0,0.0,5,126.0,0.0,6.46022523445287,6.0,6.0,21,2,86.0,0.3905123493204353,1,26.0,0.5454641398443915,2,14.0,0.4443710847673531
984.0,24,105.0,1.3291139240506329,5.965635806014438,79,942.0,11.924050632911392,0.0,0.0,15,172.0,46.0,2.4023180385690086,6.88,6.88,25,4,92.0,0.2549714534064369,9,70.0,0.1570392654325682,2,10.0,0.0053333241921354
992.0,18,150.0,1.973684210526316,6.8995209330639415,76,892.0,11.736842105263158,0.0,0.0,14,284.0,112.0,3.1110938856830326,10.51851851851852,10.51851851851852,27,2,105.0,0.3651904750758195,12,179.0,0.1290319685250986,0,0.0,0.6283685871757188
1000.0,10,72.0,1.0746268656716418,7.660288836825747,67,825.0,12.313432835820896,0.0,0.0,4,199.0,0.0,4.719721284703873,9.045454545454543,9.045454545454543,22,3,73.0,0.305560675501934,1,126.0,0.3447760349372449,0,0.0,0.9589930684511084
1008.0,14,139.0,2.044117647058824,8.099557797794228,68,792.0,11.647058823529411,0.0,0.0,5,121.0,0.0,5.208007963395128,8.642857142857142,8.642857142857142,14,3,94.0,0.3069698030144298,1,26.0,0.5611250818247625,1,1.0,0.1384304002115074
1016.0,13,106.0,1.4324324324324325,6.9040752272389945,74,868.0,11.72972972972973,76.0,1.027027027027027,7,126.0,5.0,3.6478506886094433,6.0,6.0,21,4,59.0,0.2207685634326326,3,63.0,0.1981201783730112,0,4.0,0.7369805097829831
1024.0,7,60.0,0.7894736842105263,7.440654113933879,76,852.0,11.210526315789474,0.0,0.0,5,156.0,30.0,6.306958560081052,6.782608695652174,6.782608695652174,23,4,113.0,0.4131357340142637,0,35.0,0.6276775596080366,1,8.0,0.4828598082502542
1032.0,25,171.0,2.1645569620253164,6.691561093505853,79,868.0,10.9873417721519,16.0,0.2025316455696202,12,194.0,38.0,2.942106471807839,9.238095238095235,9.238095238095235,21,7,147.0,0.1344653621909575,5,47.0,0.3627707487336711,0,0.0,1.0
1040.0,15,136.0,1.7662337662337662,6.901266416193514,77,882.0,11.454545454545457,14.0,0.1818181818181818,3,145.0,0.0,5.205085497806637,6.041666666666667,6.041666666666667,24,2,113.0,0.179037421829751,1,27.0,0.4960308183944081,0,5.0,0.7596654454641429
1048.0,19,146.0,1.9210526315789476,6.035624001351051,76,919.0,12.092105263157896,37.0,0.4868421052631579,9,175.0,30.0,3.242494998283915,6.730769230769231,6.730769230769231,26,5,124.0,0.0860441306786809,4,47.0,0.1702235422594665,0,4.0,0.765918929852515
1056.0,23,223.0,2.8227848101265822,6.216019499409164,79,1044.0,13.21518987341772,125.0,1.5822784810126582,9,181.0,6.0,4.346143204432797,7.24,7.24,25,5,124.0,0.1762589567551983,3,53.0,0.368731272316148,1,4.0,0.48117092966356
1064.0,21,285.0,3.701298701298701,6.234476475891857,77,1199.0,15.571428571428571,155.0,2.012987012987013,7,239.0,58.0,4.203773479131577,11.38095238095238,11.38095238095238,21,2,150.0,0.2251067203069053,5,89.0,0.2782726859823711,0,0.0,0.8425099701541425
1072.0,29,475.0,6.418918918918919,5.6953722503266,74,1318.0,17.81081081081081,119.0,1.608108108108108,14,292.0,53.0,3.256999354359841,12.166666666666666,12.166666666666666,24,4,133.0,0.1162826502784844,8,147.0,0.1851693749499577,2,12.0,0.4640698152446174
1080.0,30,608.0,8.444444444444445,5.552931752322598,72,1498.0,20.80555555555556,180.0,2.5,17,392.0,100.0,3.4273570370726074,14.51851851851852,14.51851851851852,27,4,118.0,0.3237646785016594,11,253.0,0.0834090132902424,2,21.0,0.5684010232452503
1088.0,16,208.0,2.810810810810811,6.416965410200187,74,1586.0,21.43243243243243,88.0,1.1891891891891893,13,334.0,0.0,4.447541126158511,12.37037037037037,12.37037037037037,27,5,100.0,0.1439038847488956,6,197.0,0.3290223900565739,2,37.0,0.6654619763348333
1096.0,31,391.0,5.356164383561644,4.414581916139943,73,1565.0,21.438356164383563,0.0,0.0,19,477.0,143.0,1.3150143305123492,16.448275862068964,16.448275862068964,29,5,184.0,0.2172120946418748,11,235.0,0.0380788036014009,3,58.0,0.1676899935902032
1104.0,23,290.0,3.625,6.056254118781841,80,1771.0,22.1375,206.0,2.575,10,334.0,0.0,3.799542006061332,12.37037037037037,12.37037037037037,27,3,100.0,0.3227335104736568,3,140.0,0.3208677594602405,4,94.0,0.3251957675034922
1112.0,21,210.0,2.763157894736842,6.355876659629141,76,1826.0,24.026315789473685,55.0,0.7236842105263158,11,303.0,0.0,3.963064907074543,10.448275862068966,10.448275862068966,29,4,95.0,0.4142062757021117,7,176.0,0.2991630389055277,0,32.0,0.3176472454134525
1120.0,17,180.0,2.3684210526315788,6.988291710525789,76,1896.0,24.94736842105263,70.0,0.9210526315789472,9,321.0,18.0,4.684636771826465,12.346153846153848,12.346153846153848,26,2,155.0,0.4705820239596883,7,159.0,0.2138748103760488,0,7.0,0.9564576473718588
1128.0,10,106.0,1.3766233766233766,7.471631070222202,77,1919.0,24.92207792207792,23.0,0.2987012987012987,6,317.0,0.0,4.3118397579174745,13.208333333333334,13.208333333333334,24,0,166.0,0.3012869499643363,5,142.0,0.2845895302539817,1,9.0,0.3915742636933763
1136.0,23,114.0,1.5,5.988716020219484,76,1930.0,25.394736842105264,11.0,0.1447368421052631,12,366.0,49.0,3.122478720865692,14.64,14.64,25,2,135.0,0.3117394375431013,6,202.0,0.2412257232544842,4,29.0,0.1714044811183172
1144.0,20,178.0,2.282051282051282,6.299183718973609,78,1873.0,24.012820512820515,0.0,0.0,12,393.0,27.0,3.506204183706852,12.28125,12.28125,32,3,116.0,0.2901409045821029,5,213.0,0.2007175929189894,4,64.0,0.3925092036378799
1152.0,19,227.0,2.948051948051948,6.009929346390564,77,1901.0,24.68831168831169,28.0,0.3636363636363636,9,337.0,0.0,2.815331198219754,12.961538461538462,12.961538461538462,26,6,130.0,0.0030858069666955,3,204.0,0.2565134126253374,0,3.0,0.6014510962220433
1160.0,18,230.0,3.1944444444444446,6.019796637460091,72,1732.0,24.05555555555556,0.0,0.0,11,357.0,20.0,3.2320565755758537,13.73076923076923,13.73076923076923,26,4,135.0,0.1706599441319393,7,222.0,0.1911543063109991,0,0.0,0.8351506087690105
1168.0,24,261.0,3.48,5.834782155340478,75,1732.0,23.093333333333334,0.0,0.0,18,353.0,0.0,3.46352989153914,11.387096774193548,11.387096774193548,31,3,13.0,0.3466817803023513,15,340.0,0.1476975399407981,0,0.0,0.6107889440942742
1176.0,21,280.0,3.684210526315789,6.427948945116978,76,1729.0,22.75,0.0,0.0,12,373.0,20.0,2.5401527862661446,16.217391304347824,16.217391304347824,23,3,34.0,0.2826263578181272,9,339.0,0.0656807703696607,0,0.0,0.7163514682680164
1184.0,19,320.0,4.266666666666667,7.125198097593529,75,1606.0,21.41333333333333,0.0,0.0,10,223.0,0.0,3.882913773814504,10.136363636363637,10.136363636363637,22,3,41.0,0.1594911515376448,4,176.0,0.3345518069011422,3,6.0,0.3680010024693714
1192.0,18,348.0,4.702702702702703,7.608106617531056,74,1640.0,22.16216216216216,34.0,0.4594594594594595,8,161.0,0.0,5.929844840619898,7.318181818181818,7.318181818181818,22,5,77.0,0.2729273608809819,3,78.0,0.4677263070096947,0,6.0,0.9247419190672176
1200.0,26,513.0,6.9324324324324325,6.05279670830159,74,1700.0,22.97297297297297,60.0,0.8108108108108109,15,233.0,72.0,4.584613755253617,6.852941176470588,6.852941176470588,34,8,124.0,0.1207056877737279,7,102.0,0.2989436660694995,0,7.0,0.7492977805117824
1208.0,35,489.0,5.891566265060241,4.917554886273118,83,1899.0,22.879518072289155,199.0,2.397590361445783,25,365.0,132.0,3.134207566387704,8.69047619047619,8.69047619047619,42,5,121.0,0.3327124021507083,12,208.0,0.2167165912441441,8,36.0,0.2018353672953317
1216.0,15,221.0,2.5402298850574714,6.571516910690949,87,1981.0,22.770114942528732,82.0,0.942528735632184,15,548.0,183.0,3.1984116431669696,13.365853658536585,13.365853658536585,41,11,383.0,0.1475863424286471,2,124.0,0.3145303112228088,2,41.0,0.4359668861096979
1224.0,19,110.0,1.2222222222222223,7.102123615796115,90,1898.0,21.08888888888889,0.0,0.0,18,774.0,226.0,2.996570113186715,19.35,19.35,40,8,380.0,0.1701021945337074,8,377.0,0.2739864038470868,2,17.0,0.4237203507698539
1232.0,12,98.0,1.0769230769230769,7.368139544212592,91,1625.0,17.857142857142858,0.0,0.0,12,693.0,0.0,4.045254847080001,17.325,17.325,40,5,329.0,0.1857871745551373,2,309.0,0.43155138912012,5,55.0,0.3271120513390123
1240.0,24,161.0,1.8505747126436785,7.005790018501132,87,1585.0,18.2183908045977,0.0,0.0,18,486.0,0.0,2.4683045785408715,15.67741935483871,15.67741935483871,31,11,233.0,0.0806461952454096,5,229.0,0.1812672767722558,2,24.0,0.4996892404199746
1248.0,20,148.0,1.741176470588235,7.209986740322762,85,1425.0,16.764705882352942,0.0,0.0,15,462.0,0.0,3.629616324429181,15.93103448275862,15.93103448275862,29,8,216.0,0.1175618931963337,4,202.0,0.4011881042740801,3,44.0,0.4824762184438547
1256.0,13,61.0,0.7349397590361446,7.060287178818537,83,1341.0,16.156626506024097,0.0,0.0,7,165.0,0.0,3.3755247131372874,7.173913043478261,7.173913043478261,23,4,114.0,0.1482665671516046,2,34.0,0.2978509290485617,1,17.0,0.4275410827760431
1264.0,14,91.0,1.1518987341772151,7.586983807187675,79,1193.0,15.10126582278481,0.0,0.0,8,158.0,0.0,4.599373642324876,6.869565217391305,6.869565217391305,23,4,94.0,0.1979802927686919,3,49.0,0.4014082806710658,1,15.0,0.6261130397462079
1272.0,25,172.0,2.2337662337662336,5.944057233145853,77,1086.0,14.103896103896105,0.0,0.0,10,202.0,44.0,2.867214077849125,8.782608695652174,8.782608695652174,23,6,102.0,0.025730416196868,3,91.0,0.2471879757124456,1,9.0,0.5204774914665393
1280.0,17,117.0,1.4444444444444444,7.142934155396016,81,1144.0,14.123456790123456,58.0,0.7160493827160493,6,185.0,0.0,4.859144087194784,7.4,7.4,25,1,81.0,0.4184192192802058,5,104.0,0.2426168721624202,0,0.0,0.90080001178004
1288.0,20,117.0,1.5194805194805194,6.486236056771769,77,1094.0,14.207792207792208,0.0,0.0,15,234.0,49.0,3.525873316762204,8.068965517241379,8.068965517241379,29,4,87.0,0.2816981335029228,11,147.0,0.278141065834557,0,0.0,0.8902400434671617
1296.0,21,143.0,1.8333333333333333,6.278328621248264,78,1162.0,14.897435897435898,68.0,0.8717948717948718,5,197.0,0.0,4.553779794055098,7.88,7.88,25,4,84.0,0.3081307087032258,1,110.0,0.3316218851339313,0,3.0,0.9669026943131208
1304.0,24,168.0,2.3013698630136985,5.609367892437588,73,973.0,13.32876712328767,0.0,0.0,17,246.0,49.0,2.318315774278776,8.785714285714286,8.785714285714286,28,7,69.0,0.1455472958164168,10,177.0,0.2101595412858436,0,0.0,0.3802370604352924
1312.0,20,197.0,2.6621621621621623,6.208469500353087,74,1128.0,15.243243243243244,155.0,2.0945945945945947,12,290.0,44.0,3.9804930248851567,10.357142857142858,10.357142857142858,28,7,98.0,0.3092873370131795,5,192.0,0.3031189912186892,0,0.0,1.0
1320.0,18,244.0,3.2533333333333334,6.620104145772785,75,1224.0,16.32,96.0,1.28,10,290.0,0.0,2.469596457733429,11.6,11.6,25,4,122.0,0.2401114596083568,6,168.0,0.1077179661105957,0,0.0,1.0
1328.0,16,146.0,1.896103896103896,6.994749087990249,77,1257.0,16.324675324675326,33.0,0.4285714285714285,9,290.0,0.0,5.293999129955464,10.0,10.0,29,4,123.0,0.4237260571223439,4,160.0,0.3007019825590523,1,7.0,0.6157650480443135
1336.0,23,186.0,2.415584415584416,5.699848585160838,77,1229.0,15.96103896103896,0.0,0.0,20,346.0,56.0,2.31396308179484,11.533333333333331,11.533333333333331,30,7,109.0,0.1639944805650952,13,237.0,0.0857765560062322,0,0.0,0.9550510175661032
1344.0,35,394.0,4.987341772151899,5.519093546504162,79,1366.0,17.29113924050633,137.0,1.7341772151898731,27,593.0,247.0,1.974576158923048,16.942857142857143,16.942857142857143,35,11,205.0,0.1340353903898117,16,388.0,0.1711685233645737,0,0.0,0.123407957987679
1352.0,35,482.0,6.10126582278481,4.76623180064773,79,1516.0,19.18987341772152,150.0,1.8987341772151896,23,691.0,98.0,2.4515492838326223,17.71794871794872,17.71794871794872,39,3,116.0,0.1396160796298201,20,575.0,0.1541350762614534,0,0.0,0.9745796055190392
1360.0,35,449.0,5.54320987654321,4.638792307830597,81,1734.0,21.40740740740741,218.0,2.691358024691358,23,677.0,0.0,1.6562187435257236,17.81578947368421,17.81578947368421,38,9,113.0,0.0621308715925511,13,560.0,0.1403443746375163,1,4.0,0.2495565978693124
1368.0,23,367.0,4.317647058823529,5.355271412541419,85,1792.0,21.08235294117647,58.0,0.6823529411764706,20,819.0,142.0,1.6896479589161992,22.135135135135137,22.135135135135137,37,11,227.0,0.061142520856005,9,592.0,0.1108064483224503,0,0.0,0.7838169602654866
1376.0,35,476.0,5.734939759036145,5.24284457256665,83,1961.0,23.626506024096383,169.0,2.036144578313253,32,1105.0,286.0,1.3634068842526952,26.30952380952381,26.30952380952381,42,10,324.0,0.0314867575832806,22,774.0,0.065053005211997,0,7.0,0.680006709572505
1384.0,33,529.0,6.080459770114943,4.927157979962852,87,2154.0,24.75862068965517,193.0,2.218390804597701,28,1224.0,119.0,2.218565834654211,25.5,25.5,48,1,244.0,0.2445777987069126,27,974.0,0.0778206903130518,0,6.0,0.5636508229882462
1392.0,25,490.0,5.384615384615385,5.846616131451915,91,2269.0,24.93406593406593,115.0,1.2637362637362637,18,1117.0,0.0,3.112071476792406,27.24390243902439,27.24390243902439,41,3,162.0,0.3693047725718823,15,943.0,0.1180735380154737,0,12.0,0.792967988271976
1400.0,27,446.0,4.795698924731183,6.058769941167634,93,2310.0,24.83870967741936,41.0,0.4408602150537634,21,1170.0,53.0,2.447561259577992,24.8936170212766,24.8936170212766,47,5,129.0,0.224883052230077,14,1021.0,0.1161392445268841,2,20.0,0.5381124320736644
1408.0,33,602.0,6.615384615384615,5.411245162357767,91,2398.0,26.35164835164835,88.0,0.967032967032967,25,1217.0,47.0,1.7922605749696907,27.65909090909091,27.65909090909091,44,7,174.0,0.2083607439649845,14,998.0,0.0744631545613673,4,45.0,0.2765529458136978
1416.0,27,643.0,7.224719101123595,6.005040023798173,89,2431.0,27.314606741573037,33.0,0.3707865168539326,16,958.0,0.0,2.370902672837729,29.03030303030303,29.03030303030303,33,0,33.0,0.3154841487474218,15,922.0,0.1352000092623197,1,3.0,0.001787161854028
1424.0,25,781.0,9.297619047619047,6.30207275467642,84,2228.0,26.52380952380953,0.0,0.0,15,926.0,0.0,2.4611711208362443,28.9375,28.9375,32,3,45.0,0.0796708600739289,12,878.0,0.0731802337414117,0,3.0,0.8286445980656205
1432.0,23,893.0,11.448717948717947,6.72323689455061,78,2169.0,27.807692307692307,0.0,0.0,14,794.0,0.0,3.106743506000272,29.40740740740741,29.40740740740741,27,1,16.0,0.2309129835844268,11,770.0,0.2116981421974709,2,8.0,0.2813619677950237
1440.0,20,702.0,8.666666666666666,6.636845217213431,81,2088.0,25.77777777777778,0.0,0.0,14,804.0,10.0,2.106682406897232,34.95652173913044,34.95652173913044,23,4,22.0,0.081513939971115,10,782.0,0.0985338391730215,0,0.0,0.8970904249458401
1448.0,22,855.0,11.25,7.514444092693037,76,2044.0,26.894736842105264,0.0,0.0,14,881.0,77.0,3.248128814175862,38.30434782608695,38.30434782608695,23,5,55.0,0.2109176337404788,9,826.0,0.2601042040683292,0,0.0,0.5648033409547859
1456.0,26,1038.0,13.48051948051948,6.32288492311588,77,2050.0,26.623376623376625,6.0,0.0779220779220779,18,1016.0,135.0,3.099180480426757,33.86666666666667,33.86666666666667,30,5,98.0,0.3216260587579695,13,917.0,0.109750688220879,0,1.0,0.6802354414383206
1464.0,19,413.0,6.073529411764706,5.992070422022053,68,1917.0,28.19117647058824,0.0,0.0,10,652.0,0.0,3.272314802138652,27.166666666666668,27.166666666666668,24,1,14.0,0.2576497707691579,9,636.0,0.0747617973153769,0,2.0,0.9323828459856888
1472.0,9,87.0,1.359375,7.9303002399825395,64,1794.0,28.03125,0.0,0.0,7,417.0,0.0,4.423953382553167,20.85,20.85,20,2,38.0,0.4208434208027812,5,379.0,0.3131741634300711,0,0.0,0.886268355522447
1480.0,16,147.0,2.534482758620689,6.862363352082913,58,1736.0,29.93103448275862,0.0,0.0,11,412.0,0.0,3.183841845021536,17.91304347826087,17.91304347826087,23,1,26.0,0.4650409119380587,9,378.0,0.2089566042625578,1,8.0,0.392648565549631
1488.0,13,62.0,1.1272727272727272,6.516509595466417,55,1602.0,29.12727272727273,0.0,0.0,7,352.0,0.0,5.150038263324468,14.08,14.08,25,1,9.0,0.5771237372339209,5,330.0,0.2888856076871775,1,13.0,0.5326990628801069
1496.0,17,105.0,1.6666666666666667,6.462126552913915,63,1673.0,26.55555555555556,71.0,1.126984126984127,10,414.0,62.0,3.1642573514959893,19.714285714285715,19.714285714285715,21,2,8.0,0.1180040246332456,5,384.0,0.2522213101302216,3,22.0,0.377140679832762
1504.0,15,137.0,2.044776119402985,7.324016082330798,67,1680.0,25.074626865671643,7.0,0.1044776119402985,10,455.0,41.0,3.5469265590811467,22.75,22.75,20,0,5.0,0.7583905496587766,9,421.0,0.003039361968875,1,29.0,0.612093284539141
1512.0,5,87.0,1.2985074626865671,8.853936821636838,67,1236.0,18.44776119402985,0.0,0.0,4,435.0,0.0,5.779184185170537,21.75,21.75,20,1,8.0,0.3031981132643454,3,427.0,0.3573730724348312,0,0.0,0.7193055132171785
1520.0,21,172.0,2.5294117647058822,7.066095136416855,68,1010.0,14.852941176470589,0.0,0.0,16,508.0,73.0,3.9907338413209943,18.142857142857142,18.142857142857142,28,3,18.0,0.2529362109416777,11,481.0,0.2335846500648193,2,9.0,0.6193674388716138
1528.0,12,165.0,2.5,7.502855286616801,66,979.0,14.833333333333334,0.0,0.0,8,496.0,0.0,5.315505245014839,19.07692307692308,19.07692307692308,26,4,19.0,0.2772441173846455,3,470.0,0.4156507555774636,1,7.0,0.7329752619052845
1536.0,11,39.0,0.5652173913043478,7.467327542892534,69,1001.0,14.507246376811594,22.0,0.3188405797101449,9,453.0,0.0,3.5862714012961767,16.178571428571427,16.178571428571427,28,1,8.0,0.5045613942156041,8,442.0,0.2250251804074217,0,3.0,0.3945186715957951
1544.0,29,193.0,2.680555555555556,5.897420419273004,72,979.0,13.59722222222222,0.0,0.0,24,630.0,177.0,3.384400054816432,17.5,17.5,36,6,38.0,0.1248518082874412,16,580.0,0.2546694174160998,2,12.0,0.566799404871295
1552.0,38,366.0,5.013698630136986,4.286623333088855,73,1170.0,16.027397260273972,191.0,2.616438356164384,30,806.0,176.0,1.962527435108988,21.210526315789476,21.210526315789476,38,4,41.0,0.2505095481068044,25,748.0,0.0504976256774337,1,17.0,0.4902054046722125
1560.0,13,143.0,1.9066666666666667,6.228857846664562,75,1310.0,17.466666666666665,140.0,1.8666666666666667,13,564.0,0.0,2.383418170025939,17.09090909090909,17.09090909090909,33,0,20.0,0.391642553547501,11,543.0,0.1264898530988826,2,1.0,0.3292313630205364
1568.0,14,202.0,2.6578947368421053,8.198323582315554,76,1091.0,14.355263157894736,0.0,0.0,10,428.0,0.0,5.038646557104247,14.266666666666667,14.266666666666667,30,0,21.0,0.6052592434416831,8,391.0,0.27230117413187,2,16.0,0.5159006389148689
1576.0,17,105.0,1.4189189189189189,7.343895623529858,74,1142.0,15.432432432432432,51.0,0.6891891891891891,12,221.0,0.0,3.407024696872443,10.045454545454543,10.045454545454543,22,0,0.0,0.9799807638927496,11,216.0,0.1198147778535729,1,5.0,0.6905222440866513
1584.0,18,145.0,2.013888888888889,7.120612190073849,72,1203.0,16.708333333333332,61.0,0.8472222222222222,15,309.0,88.0,3.172703795518585,10.655172413793103,10.655172413793103,29,1,7.0,0.5106100773967465,12,295.0,0.1699520417485975,2,7.0,0.3072673444322003
1592.0,16,108.0,1.542857142857143,6.719564426737015,70,1165.0,16.642857142857142,0.0,0.0,11,324.0,15.0,3.3657611651871493,10.8,10.8,30,2,24.0,0.2266896625494142,7,274.0,0.194396197682121,2,26.0,0.4679689940606606
1600.0,19,132.0,1.76,6.51741574885401,75,1236.0,16.48,71.0,0.9466666666666668,14,336.0,12.0,3.517716404136756,9.882352941176473,9.882352941176473,34,1,24.0,0.4089477267350328,12,309.0,0.1606494265445522,1,3.0,0.6720622332718531
1608.0,10,38.0,0.5352112676056338,6.590523900316292,71,1106.0,15.577464788732394,0.0,0.0,7,321.0,0.0,3.169941614169157,11.06896551724138,11.06896551724138,29,0,5.0,0.507648195719316,7,309.0,0.066393750625842,0,7.0,0.8746499315339917
1616.0,16,73.0,1.028169014084507,6.410389645595081,71,932.0,13.126760563380282,0.0,0.0,13,353.0,32.0,3.029839227218696,11.387096774193548,11.387096774193548,31,1,26.0,0.448519593207663,11,321.0,0.1839529881674232,1,6.0,0.0
1624.0,21,210.0,3.088235294117647,6.656091906152355,68,987.0,14.514705882352942,55.0,0.8088235294117647,18,350.0,0.0,2.926482683084469,12.06896551724138,12.06896551724138,29,2,21.0,0.4625137321150971,16,325.0,0.1620128229749623,0,4.0,0.9058541692267892
1632.0,9,26.0,0.3823529411764705,7.3670032826794944,68,988.0,14.529411764705882,1.0,0.0147058823529411,7,233.0,0.0,3.2231558877190527,10.130434782608695,10.130434782608695,23,3,18.0,0.403922216841649,4,215.0,0.1798033870222026,0,0.0,1.0
1640.0,11,75.0,1.1363636363636365,8.022527056487698,66,973.0,14.742424242424242,0.0,0.0,8,145.0,0.0,4.628447177227483,8.055555555555555,8.055555555555555,18,4,55.0,0.3048858702471463,4,90.0,0.2819357589649928,0,0.0,0.940063093396089
1648.0,15,138.0,2.0,7.378257829694005,69,975.0,14.130434782608695,2.0,0.0289855072463768,10,267.0,122.0,4.787262979091921,9.535714285714286,9.535714285714286,28,3,67.0,0.4305404977603737,7,200.0,0.2537395366290746,0,0.0,0.7600214050997169
1656.0,20,179.0,2.486111111111111,6.158819397462324,72,995.0,13.819444444444445,20.0,0.2777777777777778,17,302.0,35.0,2.6563729165831798,10.785714285714286,10.785714285714286,28,1,8.0,0.4426856658040123,15,294.0,0.0625989145244787,1,0.0,0.6988201130450931
1664.0,10,147.0,2.1,7.779675828405792,70,924.0,13.2,0.0,0.0,7,297.0,0.0,4.13771825637795,12.375,12.375,24,3,32.0,0.4309976149193307,3,262.0,0.2011415762970585,1,3.0,0.5817114750744354
1672.0,15,90.0,1.40625,7.343526188063469,64,705.0,11.015625,0.0,0.0,13,239.0,0.0,3.965046685090928,8.535714285714286,8.535714285714286,28,4,51.0,0.4654075547680367,7,183.0,0.1830133558376563,2,5.0,0.3445713016537833
1680.0,7,57.0,0.8636363636363636,8.503337085798384,66,733.0,11.106060606060606,28.0,0.4242424242424242,5,148.0,0.0,5.602964891507078,6.166666666666667,6.166666666666667,24,2,15.0,0.321134368986478,1,119.0,0.3849879791105142,2,14.0,0.4725353233528304
1688.0,14,72.0,1.1428571428571428,7.27565018145049,63,648.0,10.285714285714286,0.0,0.0,12,180.0,32.0,3.308753637780084,6.666666666666667,6.666666666666667,27,6,39.0,0.1388907689791735,5,133.0,0.2179470839633302,1,8.0,0.4700734652718183
1696.0,17,138.0,2.1904761904761907,7.040705453155395,63,670.0,10.634920634920634,22.0,0.3492063492063492,14,268.0,88.0,3.681061357552103,11.166666666666666,11.166666666666666,24,1,19.0,0.479355418893845,13,249.0,0.2337908751468294,0,0.0,0.3567936288487944
1704.0,8,47.0,0.7833333333333333,7.776683275827308,60,654.0,10.9,0.0,0.0,7,184.0,0.0,3.214825981550919,9.2,9.2,20,3,31.0,0.3247857901353778,4,149.0,0.0877344978611818,0,4.0,0.6378957447013993
1712.0,6,14.0,0.2058823529411764,9.349901926119996,68,639.0,9.397058823529411,0.0,0.0,3,112.0,0.0,7.3921378554843535,6.588235294117647,6.588235294117647,17,2,18.0,0.3042137041146736,1,94.0,0.6469329013853552,0,0.0,0.9492958620535752
1720.0,2,27.0,0.4153846153846154,10.410410256445116,65,602.0,9.261538461538462,0.0,0.0,2,40.0,0.0,8.375742431329744,4.0,4.0,10,1,9.0,0.3721726806216556,1,28.0,0.7231081378095111,0,3.0,0.9727639088668898
1728.0,7,49.0,0.8305084745762712,10.22010540815983,59,532.0,9.016949152542374,0.0,0.0,3,58.0,18.0,9.546863214088155,3.8666666666666663,3.8666666666666663,15,0,3.0,0.9305509655567444,3,48.0,0.4779276093240871,0,7.0,0.9147109318123312
1736.0,11,88.0,1.4193548387096775,8.207894219978192,62,425.0,6.854838709677419,0.0,0.0,8,95.0,37.0,3.333856040839945,6.333333333333333,6.333333333333333,15,0,5.0,0.5997901151245132,8,90.0,0.0007459410587647,0,0.0,0.3164246503353617
1744.0,7,70.0,1.2962962962962965,8.12121879982836,54,375.0,6.944444444444445,0.0,0.0,5,103.0,8.0,4.566382888077853,7.923076923076923,7.923076923076923,13,3,31.0,0.3046648000811247,2,72.0,0.3262709859444103,0,0.0,0.4769890460729116
1752.0,10,75.0,1.530612244897959,7.926359763619917,49,334.0,6.816326530612245,0.0,0.0,7,85.0,0.0,3.605725379500639,5.3125,5.3125,16,4,56.0,0.2143653975981107,2,23.0,0.1418180777063523,1,6.0,0.5802366057597169
1760.0,13,98.0,2.130434782608696,5.950123296700136,46,305.0,6.630434782608695,0.0,0.0,13,151.0,66.0,2.912744113592798,6.863636363636363,6.863636363636363,22,7,86.0,0.1551656485019628,3,47.0,0.405308519890952,3,18.0,0.099062271468524
1768.0,14,149.0,3.1041666666666665,6.327606096159562,48,409.0,8.520833333333334,104.0,2.1666666666666665,10,173.0,22.0,4.502536772083493,9.105263157894736,9.105263157894736,19,6,115.0,0.2222323589899575,1,16.0,0.5434763182667941,3,42.0,0.4537932473644952
1776.0,14,198.0,3.5357142857142856,7.034277425198664,56,490.0,8.75,81.0,1.4464285714285714,9,192.0,19.0,2.816985617345527,9.6,9.6,20,7,173.0,0.1381564471678371,2,19.0,0.2449569044750285,0,0.0,0.7692046025642764
1784.0,8,42.0,0.75,8.153181758580489,56,500.0,8.928571428571429,10.0,0.1785714285714285,6,88.0,0.0,6.8927235278817145,3.3846153846153846,3.3846153846153846,26,2,34.0,0.3572754208055768,2,42.0,0.6675371934285477,2,12.0,0.6319395555413454
1792.0,14,62.0,1.0333333333333334,7.496719305891343,60,497.0,8.283333333333333,0.0,0.0,14,135.0,47.0,4.311332323665748,4.655172413793103,4.655172413793103,29,6,84.0,0.1307409909084661,2,24.0,0.5998310559645159,6,27.0,0.2183264746703218
1800.0,8,75.0,1.171875,8.133664918161472,64,502.0,7.84375,5.0,0.078125,7,93.0,0.0,4.368820299950977,4.428571428571429,4.428571428571429,21,3,44.0,0.2315100318695489,4,40.0,0.3033055657658411,0,9.0,0.6409626721257652
1808.0,9,17.0,0.265625,8.391432325940269,64,440.0,6.875,0.0,0.0,6,44.0,0.0,4.596813518288441,2.588235294117647,2.588235294117647,17,2,7.0,0.1726689903972996,3,29.0,0.2548252971488853,1,8.0,0.6472428108667795
1816.0,14,85.0,1.2142857142857142,8.382654050768252,70,461.0,6.585714285714285,21.0,0.3,9,74.0,30.0,6.0541701350386194,3.523809523809524,3.523809523809524,21,2,1.0,0.4782352774480801,6,63.0,0.2849157354376279,1,10.0,0.67855476825368
1824.0,21,156.0,2.2285714285714286,7.565885946399679,70,514.0,7.3428571428571425,53.0,0.7571428571428571,12,150.0,76.0,5.062178998952376,6.818181818181818,6.818181818181818,22,1,12.0,0.7045063172032087,9,131.0,0.2737357552288834,2,7.0,0.4221363987117807
1832.0,11,96.0,1.263157894736842,7.560032818031761,76,629.0,8.276315789473685,115.0,1.513157894736842,3,92.0,0.0,4.682140659968254,6.571428571428571,6.571428571428571,14,3,30.0,0.2443863000815563,0,62.0,0.405493832858031,0,0.0,1.0
1840.0,12,35.0,0.4794520547945205,8.819179697578068,73,595.0,8.150684931506849,0.0,0.0,5,50.0,0.0,5.867902498495131,4.166666666666667,4.166666666666667,12,1,18.0,0.5371586535813333,4,32.0,0.3858044997797125,0,0.0,1.0
1848.0,8,30.0,0.4477611940298507,7.842853386640036,67,546.0,8.149253731343284,0.0,0.0,7,66.0,16.0,5.193768708511878,3.6666666666666665,3.6666666666666665,18,2,10.0,0.5646369884792123,5,47.0,0.1982050252697015,0,9.0,0.946304438044149
1856.0,18,110.0,1.6176470588235294,6.792593988413422,68,523.0,7.6911764705882355,0.0,0.0,10,130.0,64.0,4.6283546796240405,5.0,5.0,26,2,10.0,0.3236541884508295,7,106.0,0.2514152009115528,1,14.0,0.6841390445324436
1864.0,6,32.0,0.4776119402985074,7.816264320702293,67,500.0,7.462686567164179,0.0,0.0,2,86.0,0.0,4.916916912791344,4.3,4.3,20,2,26.0,0.11928215975904,0,60.0,0.3770145883669168,0,0.0,0.7157774155378193
1872.0,20,69.0,1.0298507462686568,7.226876545558189,67,522.0,7.791044776119403,22.0,0.3283582089552239,9,89.0,3.0,3.801401292027229,5.235294117647059,5.235294117647059,17,1,5.0,0.4601621868345213,8,84.0,0.128774471086697,0,0.0,0.9489218555907868
1880.0,24,233.0,3.5846153846153848,6.296175563043173,65,576.0,8.861538461538462,54.0,0.8307692307692308,15,210.0,121.0,2.187321452037923,9.545454545454543,9.545454545454543,22,1,13.0,0.0,12,189.0,0.1674710171936697,2,8.0,0.2338541472897206
1888.0,13,176.0,2.707692307692308,7.058636840002571,65,634.0,9.753846153846156,58.0,0.8923076923076924,5,165.0,0.0,6.364755301050152,5.5,5.5,30,0,10.0,0.6608066850712887,3,125.0,0.3419296586141668,2,30.0,0.5213445671766723
1896.0,9,74.0,1.121212121212121,8.206402686340954,66,689.0,10.43939393939394,55.0,0.8333333333333334,4,90.0,0.0,5.186457905407997,7.5,7.5,12,1,1.0,0.4711972004701647,3,89.0,0.4180852801752721,0,0.0,0.3395055750042074
1904.0,13,73.0,1.1774193548387095,7.942026806525269,62,702.0,11.32258064516129,13.0,0.2096774193548387,5,62.0,0.0,7.772756171621993,3.647058823529412,3.647058823529412,17,2,35.0,0.5478453460645376,2,8.0,0.4774912022974302,1,19.0,0.7651517939327714
1912.0,6,49.0,0.7777777777777778,8.130283631284142,63,718.0,11.396825396825395,16.0,0.2539682539682539,4,97.0,35.0,6.585904588486592,5.105263157894737,5.105263157894737,19,3,41.0,0.4939691808018928,0,47.0,0.6318425078386862,1,9.0,0.5031420706928765
1920.0,12,82.0,1.3225806451612905,7.876410387788075,62,668.0,10.774193548387096,0.0,0.0,7,197.0,100.0,4.981920337383386,7.576923076923077,7.576923076923077,26,3,103.0,0.3533935614512384,3,86.0,0.2387590242132367,1,8.0,0.6081207584360487
1928.0,9,56.0,1.0,7.735382963543992,56,640.0,11.428571428571429,0.0,0.0,9,205.0,8.0,5.0868007019258,9.318181818181818,9.318181818181818,22,1,51.0,0.3071496982182746,7,142.0,0.294290605280285,1,12.0,0.7037180353027036
1936.0,10,49.0,1.0,8.203364340364883,49,576.0,11.755102040816327,0.0,0.0,7,90.0,0.0,3.342714706118904,6.923076923076923,6.923076923076923,13,4,15.0,0.0065423697899144,2,58.0,0.4262278562619397,1,17.0,0.4724861392702695
1944.0,6,37.0,0.6727272727272727,8.087470765401918,55,530.0,9.636363636363637,0.0,0.0,5,139.0,49.0,5.446609263449866,7.722222222222222,7.722222222222222,18,0,12.0,0.4561862885727685,4,102.0,0.299491817648613,1,25.0,0.6167988874861537
1952.0,10,63.0,1.0327868852459017,7.767601264646971,61,558.0,9.147540983606556,28.0,0.4590163934426229,7,141.0,2.0,4.4690670892247,5.423076923076923,5.423076923076923,26,4,25.0,0.1301987055676828,1,78.0,0.468827210884874,2,38.0,0.4317183593792356
1960.0,9,70.0,1.09375,7.771526150330707,64,622.0,9.71875,64.0,1.0,5,62.0,0.0,4.805970328915379,3.1,3.1,20,3,46.0,0.2444620596966939,1,11.0,0.563823769772353,1,5.0,0.2240259287426564
1968.0,20,132.0,1.9411764705882355,6.921417582038727,68,640.0,9.411764705882351,18.0,0.2647058823529412,13,126.0,64.0,4.816473896751446,5.04,5.04,25,8,89.0,0.3139028371369231,5,37.0,0.4256626511295734,0,0.0,1.0
1976.0,11,95.0,1.4393939393939394,7.405337278506025,66,605.0,9.166666666666666,0.0,0.0,9,129.0,3.0,4.399248589653736,5.608695652173913,5.608695652173913,23,4,62.0,0.2330051374818363,5,67.0,0.2327895857943811,0,0.0,0.9177168437465648
1984.0,9,59.0,0.9076923076923076,7.89113313373368,65,511.0,7.861538461538461,0.0,0.0,9,181.0,52.0,4.608192557356591,7.869565217391305,7.869565217391305,23,3,80.0,0.3589383826042791,6,96.0,0.2507551625071536,0,5.0,0.9211938582227353
1992.0,18,152.0,2.375,6.860878927114778,64,564.0,8.8125,53.0,0.828125,16,279.0,98.0,3.0398908751397835,9.620689655172416,9.620689655172416,29,7,108.0,0.0819811529798038,9,164.0,0.1923783072683374,0,7.0,0.8993164497237686
2000.0,23,246.0,4.315789473684211,5.487343096288605,57,621.0,10.894736842105264,57.0,1.0,19,358.0,79.0,0.9911661122690087,14.32,14.32,25,10,173.0,0.0316676096865347,9,178.0,0.0273226375471308,0,7.0,0.4077050646296031
2008.0,14,172.0,2.8666666666666667,6.460731144744469,60,770.0,12.833333333333334,149.0,2.4833333333333334,10,240.0,0.0,3.0395387889946206,11.428571428571429,11.428571428571429,21,6,169.0,0.1778234018832071,1,44.0,0.3797380464999836,3,27.0,0.2323378796823243
2016.0,13,113.0,1.8833333333333333,7.859982739478111,60,765.0,12.75,0.0,0.0,10,170.0,0.0,4.576919291242528,8.095238095238095,8.095238095238095,21,3,76.0,0.2744247367666066,3,39.0,0.4945322495093469,4,55.0,0.2235335047688772
2024.0,16,155.0,2.583333333333333,7.465938860564095,60,787.0,13.116666666666667,22.0,0.3666666666666666,11,181.0,11.0,4.591575026592213,7.869565217391305,7.869565217391305,23,8,109.0,0.1973377366962516,2,63.0,0.3993592690503945,1,9.0,0.5415676236235957
2032.0,19,268.0,4.1875,7.4735030135851375,64,851.0,13.296875,64.0,1.0,11,226.0,45.0,3.838567812973264,12.555555555555555,12.555555555555555,18,5,128.0,0.1579912210283317,4,78.0,0.4797337775036455,2,20.0,0.2930561299238719
2040.0,18,332.0,5.928571428571429,6.532393577792951,56,819.0,14.625,0.0,0.0,10,237.0,11.0,2.8009062557469337,15.8,15.8,15,5,168.0,0.0,4,44.0,0.373208723234624,1,25.0,0.6316222717262948
2048.0,15,226.0,4.185185185185185,6.816623298181448,54,812.0,15.037037037037036,0.0,0.0,6,125.0,0.0,3.0359599711238405,11.363636363636363,11.363636363636363,11,3,102.0,0.0,2,15.0,0.2808426679450305,1,8.0,0.4993528735493875
2056.0,13,225.0,4.326923076923077,7.559204153932269,52,774.0,14.884615384615383,0.0,0.0,6,144.0,19.0,2.8024733173769936,16.0,16.0,9,3,123.0,0.2445173648012313,3,21.0,0.1504135563321746,0,0.0,1.0
2064.0,16,309.0,5.618181818181818,6.382748947288553,55,802.0,14.581818181818182,28.0,0.509090909090909,5,163.0,19.0,2.634377513363852,14.818181818181818,14.818181818181818,11,3,147.0,0.1469005328869979,2,16.0,0.2780916662988204,0,0.0,1.0
2072.0,19,439.0,8.959183673469388,5.507539280715693,49,862.0,17.591836734693878,60.0,1.2244897959183674,7,210.0,47.0,4.2332180110996855,14.0,14.0,15,3,171.0,0.4027119213553577,4,39.0,0.2180475386958516,0,0.0,1.0
2080.0,14,265.0,5.638297872340425,6.31253653863003,47,955.0,20.31914893617021,93.0,1.9787234042553192,5,195.0,0.0,4.870169093948006,15.0,15.0,13,5,179.0,0.2656486184611163,0,13.0,0.6875820606108748,0,3.0,0.9123360199128872
2088.0,7,22.0,0.4230769230769231,7.003414323738456,52,974.0,18.73076923076923,19.0,0.3653846153846153,4,91.0,0.0,3.9197542189599366,5.6875,5.6875,16,1,67.0,0.3322355096900261,3,21.0,1.627842134198471e-05,0,3.0,0.6011381240734138
2096.0,10,49.0,0.8596491228070176,6.991135865434563,57,961.0,16.859649122807017,0.0,0.0,6,186.0,95.0,5.105264447217342,7.75,7.75,24,4,148.0,0.3046672767740658,2,38.0,0.4762259076843171,0,0.0,0.7890721583856694
2104.0,9,52.0,0.8666666666666667,7.100667073198446,60,910.0,15.166666666666666,0.0,0.0,4,64.0,0.0,5.116228741000222,3.3684210526315788,3.3684210526315788,19,4,61.0,0.1279811024746462,0,3.0,0.9402304631015376,0,0.0,0.6642363464508618
2112.0,19,107.0,1.6984126984126984,6.0868811185992415,63,926.0,14.698412698412698,16.0,0.2539682539682539,12,203.0,139.0,3.1391547410466574,8.826086956521738,8.826086956521738,23,7,119.0,0.1216116592999541,2,71.0,0.5945231175561867,3,13.0,0.1744556886546116
2120.0,25,248.0,3.757575757575758,6.609156710253458,66,993.0,15.045454545454543,67.0,1.0151515151515151,12,194.0,0.0,3.891463779288514,8.818181818181818,8.818181818181818,22,8,157.0,0.0025824747383419,3,26.0,0.3580363870322842,1,11.0,0.6202741854475157
2128.0,22,370.0,5.285714285714286,6.559875406504409,70,1120.0,16.0,127.0,1.8142857142857145,11,276.0,82.0,5.189252049177991,10.615384615384617,10.615384615384617,26,8,224.0,0.2553183770705282,2,38.0,0.5435558594559686,1,14.0,0.4650064586247424
2136.0,17,252.0,3.5492957746478875,6.970454744389142,71,1217.0,17.140845070422536,97.0,1.3661971830985915,9,228.0,0.0,5.196080875203846,9.5,9.5,24,3,169.0,0.3549181816591348,4,36.0,0.3088217560910479,2,23.0,0.632886693714121
2144.0,23,376.0,5.449275362318841,6.3411083068217104,69,1274.0,18.463768115942027,57.0,0.8260869565217391,13,265.0,37.0,2.395997632841625,11.521739130434783,11.521739130434783,23,5,147.0,0.1340511322262231,6,114.0,0.1481580732744889,2,4.0,0.4095949377445733
2152.0,16,216.0,3.3230769230769237,6.368988788369702,65,1118.0,17.2,0.0,0.0,5,171.0,0.0,4.278513058381121,10.058823529411764,10.058823529411764,17,3,90.0,0.2335035047943447,1,77.0,0.3850511442643367,1,4.0,0.0
2160.0,11,60.0,0.8955223880597015,7.413344802727945,67,1161.0,17.328358208955223,43.0,0.6417910447761194,5,219.0,48.0,2.683771701372383,19.90909090909091,19.90909090909091,11,4,194.0,0.2045715996359735,0,13.0,0.2910505729412284,1,12.0,0.1145419139670875
2168.0,19,128.0,1.8823529411764703,6.58391968908494,68,1216.0,17.88235294117647,55.0,0.8088235294117647,11,242.0,23.0,4.423926640609278,11.0,11.0,22,6,169.0,0.2896039913297512,4,49.0,0.2158094726708968,1,24.0,0.6749364761198188
2176.0,14,148.0,2.1449275362318843,7.378093667076311,69,1153.0,16.71014492753623,0.0,0.0,5,220.0,0.0,7.196467727433192,12.22222222222222,12.22222222222222,18,4,183.0,0.3854224838863997,0,9.0,0.8534391104227023,1,28.0,0.4860021021306995
2184.0,10,62.0,0.9393939393939394,8.201397940066093,66,1105.0,16.742424242424242,0.0,0.0,6,148.0,0.0,5.583541104403053,9.25,9.25,16,3,69.0,0.4291911349681439,2,43.0,0.3873841465494681,1,36.0,0.4994532773248381
2192.0,20,160.0,2.6666666666666665,5.872207133874126,60,1048.0,17.466666666666665,0.0,0.0,14,224.0,76.0,2.5734253361723143,11.2,11.2,20,8,106.0,0.1225475208274122,5,74.0,0.1739722830649303,1,44.0,0.4831710178656773
2200.0,8,62.0,1.0,7.245726790931145,62,1021.0,16.467741935483872,0.0,0.0,3,127.0,0.0,7.261719032194715,9.76923076923077,9.76923076923077,13,3,116.0,0.3449319635455639,0,11.0,0.7382837823000274,0,0.0,0.8488240521960568
2208.0,15,99.0,1.5714285714285714,7.055440418199767,63,1046.0,16.603174603174605,25.0,0.3968253968253968,7,144.0,17.0,1.869003731062236,13.090909090909092,13.090909090909092,11,3,118.0,0.0,3,25.0,0.2018288496737068,1,1.0,0.0014024870728278
2216.0,10,74.0,1.1935483870967742,7.650684433660325,62,978.0,15.774193548387096,0.0,0.0,2,79.0,0.0,6.541658291623435,8.777777777777779,8.777777777777779,9,2,39.0,0.1262918979580372,0,38.0,0.6358288858695202,0,2.0,0.5789626881268196
2224.0,10,62.0,0.96875,7.481594563429343,64,791.0,12.359375,0.0,0.0,6,196.0,117.0,5.477838788863714,12.25,12.25,16,2,84.0,0.5249227453073003,4,112.0,0.2787710314010472,0,0.0,0.9953365759263864
2232.0,23,204.0,3.044776119402985,6.627487346040311,67,907.0,13.537313432835822,116.0,1.7313432835820894,10,270.0,74.0,4.514648345513062,13.5,13.5,20,3,108.0,0.3854743479974325,6,155.0,0.2008717337143441,1,7.0,0.6284702376768436
2240.0,18,184.0,2.591549295774648,6.5793064634542935,71,1005.0,14.154929577464788,98.0,1.380281690140845,9,261.0,0.0,4.9279654671280735,11.863636363636363,11.863636363636363,22,1,48.0,0.3795896536225316,8,212.0,0.2477520882650407,0,1.0,0.7747157091237267
2248.0,7,19.0,0.2753623188405797,8.562813710030406,69,973.0,14.101449275362318,0.0,0.0,3,232.0,0.0,6.546416878075492,11.047619047619047,11.047619047619047,21,2,83.0,0.5335077089155883,0,148.0,0.419577269908942,1,1.0,0.7264282170841594
2256.0,5,37.0,0.5362318840579711,9.014309706624354,69,1000.0,14.492753623188406,27.0,0.391304347826087,4,163.0,0.0,5.552085644692408,9.588235294117649,9.588235294117649,17,2,126.0,0.3251635827604869,1,25.0,0.5447559868320203,1,12.0,0.5800102846109766
2264.0,15,84.0,1.2537313432835822,6.625315907636974,67,1032.0,15.402985074626866,32.0,0.4776119402985074,10,178.0,15.0,4.604477314576437,8.9,8.9,20,5,116.0,0.1718673000609572,2,26.0,0.4124835100010575,3,36.0,0.4596685340942547
2272.0,9,42.0,0.6666666666666666,7.44142388985972,63,926.0,14.698412698412698,0.0,0.0,3,100.0,0.0,7.694650515569113,6.25,6.25,16,2,83.0,0.5677807032734922,0,3.0,0.6375180789218015,1,14.0,0.606911542620979
2280.0,18,143.0,2.2,7.956442425868872,65,892.0,13.723076923076922,0.0,0.0,8,140.0,40.0,5.070174202376821,7.368421052631579,7.368421052631579,19,4,100.0,0.2770769160641746,1,20.0,0.6489646214990459,3,20.0,0.3559099055823593
2288.0,14,177.0,3.1052631578947367,7.325276797054725,57,802.0,14.070175438596491,0.0,0.0,8,118.0,0.0,5.461470621211881,6.555555555555555,6.555555555555555,18,5,69.0,0.4393582534318354,0,12.0,0.8157519473117831,3,37.0,0.1787552019111159
2296.0,13,89.0,1.5614035087719298,7.122306254360217,57,859.0,15.070175438596491,57.0,1.0,12,113.0,0.0,3.16799361985917,5.380952380952381,5.380952380952381,21,9,92.0,0.1278507899177332,3,21.0,0.3419494143308967,0,0.0,0.5579319161460762
2304.0,18,190.0,3.4545454545454546,6.084966356814059,55,805.0,14.636363636363637,0.0,0.0,14,260.0,147.0,2.940761436177679,11.304347826086955,11.304347826086955,23,12,210.0,0.0001043383721058,2,50.0,0.4517060644843191,0,0.0,0.7789801110216139
2312.0,7,73.0,1.489795918367347,7.463657300267955,49,822.0,16.775510204081634,17.0,0.3469387755102041,2,157.0,0.0,5.748982970668366,11.214285714285714,11.214285714285714,14,2,150.0,0.2688473625431892,0,7.0,0.7842861312900413,0,0.0,1.0
2320.0,7,79.0,1.7555555555555555,8.165403425052176,45,723.0,16.066666666666666,0.0,0.0,5,184.0,27.0,5.136883214771909,13.142857142857142,13.142857142857142,14,2,80.0,0.1946773256237069,3,104.0,0.4449738972598767,0,0.0,0.8349108739094666
2328.0,7,57.0,1.163265306122449,8.723748521663607,49,658.0,13.428571428571429,0.0,0.0,4,118.0,0.0,6.088197487250329,7.375,7.375,16,0,65.0,0.5865297618684735,4,52.0,0.3301279184908269,0,1.0,0.8963902714785328
2336.0,9,21.0,0.3818181818181818,8.2511249206517,55,601.0,10.927272727272728,0.0,0.0,8,182.0,64.0,5.11645217635832,8.272727272727273,8.272727272727273,22,4,86.0,0.3917636743792254,3,95.0,0.5417613716092798,1,1.0,0.3956764010251777
2344.0,14,90.0,1.5517241379310345,7.063453183171099,58,586.0,10.10344827586207,0.0,0.0,14,174.0,0.0,1.6871787052904552,8.285714285714286,8.285714285714286,21,6,82.0,0.0520252537953862,5,73.0,0.1265691925536123,3,19.0,0.2390376068524664
2352.0,16,169.0,2.9649122807017543,7.645852213075898,57,675.0,11.842105263157896,89.0,1.5614035087719298,13,237.0,63.0,2.3221426730926327,14.8125,14.8125,16,6,130.0,0.233508329042863,4,64.0,5.845157124062342e-06,3,43.0,0.2331420882465747
2360.0,15,243.0,4.339285714285714,7.024161536239333,56,701.0,12.517857142857142,26.0,0.4642857142857143,10,310.0,73.0,2.6980390133354275,16.31578947368421,16.31578947368421,19,7,187.0,0.1371580398914181,0,54.0,0.3565929598788671,3,69.0,0.2377486952165063
2368.0,9,114.0,1.809523809523809,7.350990351988312,63,710.0,11.26984126984127,9.0,0.1428571428571428,7,154.0,0.0,4.118580687797079,8.105263157894736,8.105263157894736,19,2,37.0,0.2469112723261853,2,25.0,0.4376317046555376,3,92.0,0.3194028452971252
2376.0,16,95.0,1.5573770491803278,7.136238342900444,61,563.0,9.229508196721312,0.0,0.0,9,111.0,0.0,4.4924497839468165,4.625,4.625,24,5,46.0,0.3794392901493056,3,31.0,0.3691674975353506,1,34.0,0.3779422080572683
2384.0,18,170.0,2.833333333333333,6.361542871530629,60,658.0,10.966666666666669,95.0,1.5833333333333333,13,159.0,48.0,4.217115198788968,5.678571428571429,5.678571428571429,28,2,37.0,0.3832275801763251,8,101.0,0.3941339720762399,3,21.0,0.2435948762357065
2392.0,15,99.0,1.5,6.552461398491129,66,746.0,11.303030303030305,88.0,1.3333333333333333,9,129.0,0.0,3.853795449466105,4.777777777777778,4.777777777777778,27,4,33.0,0.1054566814187402,1,50.0,0.4697610415445351,4,46.0,0.302126660499753
2400.0,9,54.0,0.84375,7.585537323858467,64,801.0,12.515625,55.0,0.859375,7,83.0,0.0,1.989397202769079,4.882352941176471,4.882352941176471,17,2,23.0,0.2260873160323546,5,60.0,0.0840070961666848,0,0.0,0.468095982386775
2408.0,15,110.0,1.9642857142857144,7.83217252941792,56,574.0,10.25,0.0,0.0,11,132.0,49.0,5.014864235222728,6.947368421052632,6.947368421052632,19,6,68.0,0.268269064962512,5,64.0,0.3568491368172825,0,0.0,0.6724433414772824
2416.0,9,89.0,1.5614035087719298,7.943055994477905,57,514.0,9.017543859649123,0.0,0.0,7,143.0,11.0,5.129274643687612,7.15,7.15,20,4,58.0,0.3520326567786333,2,82.0,0.3531181825804009,1,3.0,0.6306628475401004
2424.0,12,108.0,1.862068965517241,8.138892382672504,58,533.0,9.189655172413794,19.0,0.3275862068965517,9,154.0,11.0,4.77898229413718,8.555555555555555,8.555555555555555,18,5,91.0,0.1328172352805854,4,62.0,0.3874461091726907,0,1.0,0.8617533234261439
2432.0,15,184.0,3.1724137931034484,7.894588315119219,58,553.0,9.53448275862069,20.0,0.3448275862068966,11,192.0,38.0,2.0477506183218743,11.294117647058824,11.294117647058824,17,8,150.0,0.0030121706573516,3,42.0,0.3529543108686369,0,0.0,0.9082376396054423
2440.0,12,171.0,3.0,7.450490204119188,57,567.0,9.947368421052632,14.0,0.2456140350877192,8,220.0,28.0,6.289127548888323,10.0,10.0,22,6,151.0,0.2612431217203544,2,66.0,0.6841273256391613,0,3.0,0.692905256397719
2448.0,17,258.0,3.969230769230769,7.871937265640942,65,629.0,9.676923076923076,62.0,0.953846153846154,12,257.0,37.0,4.709730346291885,10.28,10.28,25,8,192.0,0.1199470741948918,3,62.0,0.4396393947938741,1,3.0,0.7117244269867484
2456.0,20,350.0,5.223880597014926,7.031014694795356,67,750.0,11.194029850746269,121.0,1.8059701492537317,18,397.0,140.0,2.979168644023852,14.178571428571429,14.178571428571429,28,9,262.0,0.1444754749353757,8,133.0,0.2740086398339733,1,2.0,0.3077324963216614
2464.0,16,120.0,1.791044776119403,6.32891185635534,67,819.0,12.223880597014926,69.0,1.0298507462686568,13,177.0,0.0,3.5733130317269124,6.555555555555555,6.555555555555555,27,5,60.0,0.2774855638423807,8,117.0,0.206091280515344,0,0.0,0.9367852384866427
2472.0,22,253.0,4.015873015873016,6.327396185483678,63,800.0,12.698412698412698,0.0,0.0,21,303.0,126.0,1.928666807185802,10.1,10.1,30,8,114.0,0.2068393364730315,12,185.0,0.0034403966144699,1,4.0,0.5340215307243438
2480.0,7,42.0,0.6086956521739131,7.39565879332871,69,815.0,11.81159420289855,15.0,0.217391304347826,4,182.0,0.0,3.950299337372785,7.913043478260869,7.913043478260869,23,3,75.0,0.1753502027912834,1,107.0,0.342843161907055,0,0.0,0.8841531678285993
2488.0,14,63.0,0.984375,7.831192352657709,64,699.0,10.921875,0.0,0.0,13,205.0,23.0,4.171773321870583,7.592592592592593,7.592592592592593,27,6,88.0,0.2835414513491674,7,117.0,0.2709763981825958,0,0.0,0.7272434886568637
2496.0,12,98.0,1.75,6.606596148768842,56,711.0,12.696428571428571,12.0,0.2142857142857142,11,178.0,0.0,2.3560589395941016,9.36842105263158,9.36842105263158,19,9,147.0,0.0006085223910583,1,22.0,0.2193859593474005,1,9.0,0.4790807230565752
2504.0,20,217.0,3.6779661016949152,6.562790554692374,59,792.0,13.423728813559322,81.0,1.3728813559322033,17,304.0,126.0,2.0152889292041807,13.818181818181818,13.818181818181818,22,9,219.0,0.0677296030732597,6,82.0,0.2566014836214657,2,3.0,8.615660214169109e-05
2512.0,6,42.0,0.6774193548387096,7.011248490788559,62,760.0,12.258064516129032,0.0,0.0,3,145.0,0.0,5.429071453553723,6.904761904761905,6.904761904761905,21,1,70.0,0.3906157288208486,2,72.0,0.3700730059838386,0,3.0,0.7179588345363888
2520.0,17,127.0,1.9538461538461536,7.126527497167426,65,708.0,10.892307692307693,0.0,0.0,14,195.0,50.0,2.947387210738152,8.125,8.125,24,7,106.0,0.031841804066532,6,85.0,0.2941110397645349,1,4.0,0.6328593471360682
2528.0,13,181.0,2.701492537313433,7.588318893683652,67,698.0,10.417910447761194,0.0,0.0,12,260.0,65.0,1.9092274245221212,15.294117647058824,15.294117647058824,17,9,174.0,0.0,3,86.0,0.2087723649136809,0,0.0,0.9691092305334408
2536.0,21,321.0,4.720588235294118,6.992170693141274,68,736.0,10.823529411764708,38.0,0.5588235294117647,14,358.0,98.0,3.1553766645238195,17.047619047619047,17.047619047619047,21,9,246.0,0.1458406634113936,4,109.0,0.0,1,3.0,0.615618054238146
2544.0,20,290.0,4.142857142857143,6.01870357760353,70,771.0,11.014285714285714,35.0,0.5,11,338.0,0.0,4.285640496817204,14.695652173913045,14.695652173913045,23,9,287.0,0.226542721055211,0,26.0,0.5456557160120704,2,25.0,0.531090781856344
2552.0,13,101.0,1.4027777777777777,6.733448172882648,72,756.0,10.5,0.0,0.0,7,90.0,0.0,5.392759870584305,4.090909090909091,4.090909090909091,22,1,17.0,0.4009770986064173,4,42.0,0.4433378398044535,2,31.0,0.3504401188751472
2560.0,18,115.0,1.5972222222222223,7.553155256581407,72,776.0,10.77777777777778,20.0,0.2777777777777778,12,124.0,34.0,2.666997311179209,6.2,6.2,20,8,54.0,0.0338548851705717,1,14.0,0.5395761357713741,3,56.0,0.3554931632416713
2568.0,7,71.0,1.0441176470588236,8.252903510877735,68,619.0,9.102941176470589,0.0,0.0,6,89.0,0.0,4.169671030740689,4.944444444444445,4.944444444444445,18,4,53.0,0.0,2,21.0,0.3940477799866452,0,15.0,0.5049441960315988
2576.0,18,161.0,2.367647058823529,7.981465601725506,68,637.0,9.367647058823527,18.0,0.2647058823529412,16,204.0,115.0,3.9265176440864735,7.0344827586206895,7.0344827586206895,29,5,97.0,0.2438091566237198,8,90.0,0.2572677067838306,3,17.0,0.4662710426857335
2584.0,15,191.0,2.8507462686567164,6.758734444780572,67,682.0,10.17910447761194,45.0,0.6716417910447762,13,276.0,72.0,4.411649199614318,8.625,8.625,32,8,149.0,0.3885552844293157,1,85.0,0.4016919120583253,4,42.0,0.0323753579377669
2592.0,8,34.0,0.4788732394366197,8.118984605832681,71,725.0,10.211267605633802,43.0,0.6056338028169014,5,96.0,0.0,5.641388873471045,4.571428571428571,4.571428571428571,21,3,54.0,0.1706318099263305,1,35.0,0.6546287670048125,1,7.0,0.5466089004099219
2600.0,12,49.0,0.765625,9.232867652642769,64,725.0,11.328125,0.0,0.0,6,106.0,10.0,6.487571418230918,8.153846153846153,8.153846153846153,13,4,59.0,0.3070209206586596,2,44.0,0.4644940258893693,0,3.0,0.948862819715814
2608.0,11,54.0,0.8852459016393442,7.616242289690036,61,703.0,11.524590163934429,0.0,0.0,6,101.0,0.0,5.298620045972125,5.315789473684211,5.315789473684211,19,1,22.0,0.5016445253942408,4,73.0,0.217839997123072,1,6.0,0.3261391557576061
2616.0,3,12.0,0.2105263157894736,8.584154978833515,57,654.0,11.473684210526317,0.0,0.0,3,70.0,0.0,4.557736834464505,4.666666666666667,4.666666666666667,15,3,16.0,0.2373515745071693,0,43.0,0.2334465314396486,0,11.0,0.6992591533007654
2624.0,7,43.0,0.7678571428571429,8.994886276705426,56,495.0,8.839285714285714,0.0,0.0,3,36.0,0.0,5.158931085742329,4.0,4.0,9,3,36.0,0.1374844527750977,0,0.0,0.5915674185423553,0,0.0,0.7602291271985278
2632.0,9,64.0,1.1851851851851851,8.90328724539653,54,448.0,8.296296296296296,0.0,0.0,4,73.0,37.0,7.1566337154570565,4.5625,4.5625,16,3,42.0,0.0800398323677142,1,28.0,0.7676536882965753,0,3.0,0.9380711530994617
2640.0,10,53.0,1.0,7.946203339798955,53,397.0,7.490566037735849,0.0,0.0,8,84.0,11.0,4.296334078316328,4.666666666666667,4.666666666666667,18,2,31.0,0.3552625509053085,6,50.0,0.2171198238350082,0,3.0,0.7185192039182609
2648.0,14,99.0,1.8333333333333333,7.680708387481761,54,413.0,7.648148148148148,16.0,0.2962962962962963,11,146.0,62.0,4.682646987549034,6.636363636363637,6.636363636363637,22,3,34.0,0.4043125005458474,7,110.0,0.2797707001224861,1,2.0,0.5810389819045274
2656.0,11,70.0,1.4,7.222675930903112,50,392.0,7.84,0.0,0.0,6,80.0,0.0,4.605496411658678,5.0,5.0,16,4,46.0,0.1795416374767498,0,24.0,0.4683382856140247,2,10.0,0.3029020957323843
2664.0,9,71.0,1.4489795918367347,8.492835903279758,49,430.0,8.775510204081632,38.0,0.7755102040816326,3,35.0,0.0,5.417882453109383,4.375,4.375,8,2,24.0,0.1185316734138601,1,11.0,0.6231478503725009,0,0.0,0.9257872446508748
2672.0,8,52.0,1.04,7.885757784274515,50,459.0,9.18,29.0,0.58,5,55.0,20.0,5.094128473389157,6.111111111111111,6.111111111111111,9,3,47.0,0.3935898875973586,1,8.0,0.4207729783599268,1,0.0,0.0
2680.0,4,39.0,0.78,8.962888317033022,50,473.0,9.46,14.0,0.28,0,13.0,0.0,11.881700919959608,1.4444444444444444,1.4444444444444444,9,0,9.0,0.7922922698711272,0,0.0,1.0,0,4.0,0.9028737847826048
2688.0,8,24.0,0.4285714285714285,7.922249468593771,56,417.0,7.446428571428571,0.0,0.0,4,22.0,9.0,4.8525762078902845,2.2,2.2,10,3,9.0,0.1699733952202937,0,10.0,0.9695788104939892,1,3.0,0.2599912813406415
2696.0,9,64.0,1.2549019607843137,8.187101711469662,51,375.0,7.352941176470588,0.0,0.0,7,85.0,63.0,3.816787859847752,7.083333333333333,7.083333333333333,12,4,55.0,0.4032511871366454,2,25.0,0.0209884464239726,1,5.0,0.198813492891954
2704.0,5,39.0,0.6724137931034483,9.122098317112448,58,351.0,6.051724137931035,0.0,0.0,2,38.0,0.0,7.740509603774186,2.923076923076923,2.923076923076923,13,1,24.0,0.2536100725736504,0,1.0,0.9032042518950548,1,13.0,0.6222378221504032
2712.0,11,61.0,1.0701754385964912,9.095666169350158,57,291.0,5.105263157894737,0.0,0.0,9,84.0,46.0,4.739253785723949,4.421052631578948,4.421052631578948,19,5,42.0,0.2784671939147866,1,17.0,0.6861317019636407,3,25.0,0.2101316037723039
2720.0,7,59.0,1.0,8.625010010027928,59,328.0,5.559322033898305,37.0,0.6271186440677966,5,58.0,0.0,6.394946619117799,2.9,2.9,20,2,8.0,0.3778199867024469,2,14.0,0.360312578257278,1,36.0,0.7059195458134141
2728.0,17,138.0,2.4642857142857144,6.876403293929172,56,393.0,7.017857142857143,65.0,1.1607142857142858,11,135.0,77.0,4.922776587691929,5.869565217391305,5.869565217391305,23,6,48.0,0.2106931713404125,2,37.0,0.6584766204655392,3,50.0,0.2439025830214652
2736.0,13,136.0,2.6666666666666665,6.9244341426460085,51,420.0,8.235294117647058,27.0,0.5294117647058824,8,140.0,5.0,4.643161424683932,6.363636363636363,6.363636363636363,22,3,61.0,0.1125232204239958,2,42.0,0.3418788336021485,3,37.0,0.4774739538607641
2744.0,16,107.0,1.8448275862068968,6.423352897272688,58,532.0,9.172413793103448,112.0,1.9310344827586208,12,86.0,0.0,2.6984743364489523,4.3,4.3,20,2,7.0,0.3017529769365673,9,73.0,0.1819506576797158,1,6.0,0.2538770768560447
2752.0,16,117.0,2.0172413793103448,6.863016022023193,58,556.0,9.586206896551724,24.0,0.4137931034482758,10,170.0,84.0,2.824648525131453,8.5,8.5,20,3,39.0,0.2345130026954959,6,117.0,0.2541357642422785,1,14.0,0.3836818868629674
2760.0,13,134.0,2.3508771929824563,7.17420628397409,57,670.0,11.75438596491228,114.0,2.0,7,148.0,0.0,5.768400453864685,6.727272727272728,6.727272727272728,22,5,79.0,0.3231178552870633,1,47.0,0.4980704771259616,1,22.0,0.5582385647790236
2768.0,25,176.0,3.142857142857143,5.652373318480569,56,746.0,13.321428571428571,76.0,1.3571428571428572,17,172.0,24.0,2.4748666118833427,6.615384615384615,6.615384615384615,26,6,51.0,0.0387224820648829,9,83.0,0.2526662795790437,2,38.0,0.3204343916334909
2776.0,9,108.0,1.963636363636364,6.656217550487169,55,828.0,15.054545454545456,82.0,1.490909090909091,5,151.0,0.0,4.354613384676556,7.55,7.55,20,2,75.0,0.2534396573723065,3,76.0,0.3806192396753804,0,0.0,0.012592917308681
2784.0,14,84.0,1.4482758620689655,7.191628108349636,58,886.0,15.275862068965518,58.0,1.0,13,183.0,32.0,1.8973390797676548,9.15,9.15,20,4,101.0,0.1571496040714672,8,74.0,0.1540453557752294,1,8.0,0.0
2792.0,18,115.0,1.8852459016393444,6.793091521405338,61,887.0,14.540983606557376,1.0,0.0163934426229508,15,252.0,69.0,3.1548429301115117,10.08,10.08,25,3,93.0,0.0006749240065347,12,152.0,0.2403152977747152,0,7.0,0.6340877059994713
2800.0,10,72.0,1.125,7.217736083762451,64,966.0,15.09375,79.0,1.234375,6,139.0,0.0,6.07708838281418,5.346153846153846,5.346153846153846,26,2,33.0,0.1045220942304892,4,102.0,0.4377789787042453,0,4.0,0.931407115600414
2808.0,10,90.0,1.475409836065574,7.6439839916302015,61,919.0,15.065573770491802,0.0,0.0,10,186.0,47.0,4.631727789426924,7.153846153846154,7.153846153846154,26,1,35.0,0.5063859159062437,9,151.0,0.1467126621856061,0,0.0,0.9204913498127156
2816.0,12,72.0,1.3584905660377358,7.285857877228004,53,811.0,15.30188679245283,0.0,0.0,11,148.0,0.0,2.03505129504583,7.047619047619048,7.047619047619048,21,2,27.0,0.0849244095039449,7,110.0,0.1316825627756434,2,11.0,0.301057126841375
2824.0,16,146.0,2.8076923076923075,6.987736331482727,52,813.0,15.634615384615383,2.0,0.0384615384615384,14,231.0,83.0,1.1568901095115094,13.588235294117649,13.588235294117649,17,3,25.0,0.2330039321459822,8,174.0,0.0040991361169765,3,32.0,0.2225691004065853
2832.0,5,53.0,1.0816326530612246,7.862719559254865,49,767.0,15.653061224489797,0.0,0.0,3,133.0,0.0,3.841525268891824,12.090909090909092,12.090909090909092,11,3,52.0,0.242318531588401,0,68.0,0.3447450462712702,0,13.0,0.4137740166641087
2840.0,2,0.0,0.0,10.519317961246246,49,595.0,12.142857142857142,0.0,0.0,1,18.0,0.0,10.096028058835865,2.25,2.25,8,0,12.0,0.755985811415191,0,3.0,0.8988634707904614,1,3.0,0.4794979078210268
2848.0,5,12.0,0.2448979591836734,9.951900238475744,49,518.0,10.571428571428571,0.0,0.0,3,29.0,11.0,8.3384329169505,1.7058823529411764,1.7058823529411764,17,1,13.0,0.5618659621466008,2,9.0,0.5822944876272107,0,7.0,0.9119256048724308
2856.0,3,6.0,0.1276595744680851,8.85379944711796,47,363.0,7.723404255319149,0.0,0.0,3,27.0,0.0,6.3749329530857874,1.588235294117647,1.588235294117647,17,0,7.0,0.7295639171715272,3,16.0,0.273853099112836,0,4.0,0.7487845768718658
2864.0,7,46.0,0.8846153846153846,8.467463748461158,52,355.0,6.826923076923077,0.0,0.0,7,65.0,38.0,5.257103509760202,3.421052631578948,3.421052631578948,19,3,17.0,0.1043077817307924,3,39.0,0.5060693683436142,1,9.0,0.6433040112500478
2872.0,5,33.0,0.6470588235294118,8.922136803421607,51,296.0,5.803921568627451,0.0,0.0,3,40.0,0.0,6.9003108571616485,3.636363636363636,3.636363636363636,11,2,28.0,0.093941754676435,1,9.0,0.6221565255243683,0,3.0,0.9431566572755866
2880.0,7,30.0,0.5454545454545454,8.254915058594738,55,275.0,5.0,0.0,0.0,4,24.0,0.0,4.358396678374671,1.7142857142857142,1.7142857142857142,14,2,4.0,0.0084359779526318,2,17.0,0.3795506363045929,0,3.0,0.5021065257416615
2888.0,5,51.0,0.9444444444444444,9.479128911696368,54,201.0,3.7222222222222223,0.0,0.0,3,34.0,10.0,7.032708346196088,3.090909090909091,3.090909090909091,11,1,8.0,0.4605771150362747,2,26.0,0.5101182597685717,0,0.0,0.9271828980736816
2896.0,13,77.0,1.711111111111111,7.995118959773199,45,204.0,4.533333333333333,3.0,0.0666666666666666,9,54.0,20.0,5.959370600246656,2.8421052631578947,2.8421052631578947,19,2,13.0,0.6072400130174499,6,40.0,0.2706529129323846,1,1.0,0.4673325860266994
2904.0,13,90.0,1.9565217391304348,6.602781095433765,46,264.0,5.739130434782608,60.0,1.3043478260869563,11,146.0,92.0,4.178046736471397,6.083333333333333,6.083333333333333,24,6,51.0,0.2840162981658565,5,93.0,0.2525914742942134,0,2.0,0.4298195965458166
2912.0,16,113.0,2.1320754716981134,5.864779169910405,53,364.0,6.867924528301887,100.0,1.8867924528301887,12,125.0,0.0,1.8657096043449712,6.578947368421052,6.578947368421052,19,7,93.0,0.05785642717048,2,23.0,0.1772213899813876,3,9.0,0.2019465879876655
2920.0,9,126.0,2.210526315789474,8.549373222675507,57,456.0,8.0,92.0,1.6140350877192982,4,101.0,0.0,8.24912107763029,7.214285714285714,7.214285714285714,14,2,64.0,0.5128487051983289,2,37.0,0.6363504787529848,0,0.0,0.9311638963995036
2928.0,11,137.0,2.4035087719298245,8.158879843571087,57,454.0,7.964912280701754,0.0,0.0,7,134.0,33.0,4.538605542153295,7.444444444444445,7.444444444444445,18,3,76.0,0.2991826858334979,3,49.0,0.2185424415057336,1,9.0,0.6245370280170234
2936.0,8,38.0,0.6440677966101694,8.841589991663474,59,506.0,8.576271186440678,52.0,0.8813559322033898,0,100.0,0.0,8.254760534832597,5.882352941176471,5.882352941176471,17,0,28.0,0.676285044189075,0,72.0,0.6175286618393846,0,0.0,0.8094057043231337
2944.0,13,58.0,0.9666666666666668,7.493713517385341,60,490.0,8.166666666666666,0.0,0.0,8,97.0,0.0,3.466696680626921,5.705882352941177,5.705882352941177,17,5,53.0,0.0798889904782201,2,44.0,0.4493106720374102,1,0.0,0.2840777026604337
2952.0,13,82.0,1.3225806451612905,8.601288783659598,62,528.0,8.516129032258064,38.0,0.6129032258064516,9,143.0,46.0,4.918302934089696,8.9375,8.9375,16,3,51.0,0.2361248109047473,5,87.0,0.3857256317254133,1,5.0,0.4982851844745804
2960.0,7,26.0,0.4333333333333333,8.450124581668387,60,486.0,8.1,0.0,0.0,6,114.0,0.0,5.962476374104279,6.0,6.0,19,3,33.0,0.3693453151018344,2,68.0,0.4587670837061335,1,13.0,0.4332915395534564
2968.0,14,60.0,1.0344827586206895,6.537968076824664,58,488.0,8.413793103448276,2.0,0.0344827586206896,11,143.0,29.0,4.286544356327296,5.5,5.5,26,2,12.0,0.3221142793017165,9,131.0,0.2574675202517087,0,0.0,0.6442409847760977
2976.0,6,44.0,0.7096774193548387,7.448219455663468,62,589.0,9.5,101.0,1.6290322580645162,4,103.0,0.0,4.85363773772452,6.0588235294117645,6.0588235294117645,17,1,7.0,0.4491609514468718,2,88.0,0.3858923323073565,1,8.0,0.4776090445515292
2984.0,12,88.0,1.4193548387096775,7.49753099389516,62,575.0,9.274193548387096,0.0,0.0,7,85.0,0.0,3.742734295317819,4.722222222222222,4.722222222222222,18,3,12.0,0.2315317712359444,4,73.0,0.3217742145527626,0,0.0,0.362538316025364
2992.0,11,119.0,2.0517241379310347,7.306998041992232,58,609.0,10.5,34.0,0.5862068965517241,9,165.0,80.0,5.394810347138924,6.6,6.6,25,1,15.0,0.7246739024167931,8,143.0,0.1931791670293269,0,7.0,0.6596822018726476
3000.0,17,89.0,1.4126984126984128,6.458898410350099,63,640.0,10.158730158730158,31.0,0.492063492063492,9,167.0,2.0,3.3302644211426737,7.590909090909091,7.590909090909091,22,3,10.0,0.0769894303153433,6,157.0,0.2523767730681422,0,0.0,0.907554394832884
3008.0,24,203.0,3.029850746268657,6.012666003701134,67,676.0,10.08955223880597,36.0,0.5373134328358209,18,288.0,121.0,3.490792256343189,9.0,9.0,32,2,20.0,0.4933017447004991,14,266.0,0.1897509105919991,2,2.0,0.3773443162826863
3016.0,21,274.0,3.859154929577465,6.060183699177768,71,853.0,12.014084507042254,177.0,2.492957746478873,17,325.0,37.0,2.5308548314505126,11.20689655172414,11.20689655172414,29,1,5.0,0.4332456620948407,16,320.0,0.1037710761806279,0,0.0,0.9244777056141168
3024.0,10,59.0,0.8676470588235294,7.3964937540626785,68,880.0,12.941176470588236,27.0,0.3970588235294117,9,254.0,0.0,2.947180891024475,11.043478260869565,11.043478260869565,23,1,11.0,0.4019891165219726,8,243.0,0.1584962755768563,0,0.0,0.621310978185845
3032.0,9,79.0,1.1791044776119404,8.919930135357754,67,870.0,12.985074626865671,0.0,0.0,5,119.0,0.0,5.948074822145873,7.933333333333334,7.933333333333334,15,1,7.0,0.3778101237542884,4,109.0,0.3681617302456906,0,3.0,0.7339062346174579
3040.0,18,117.0,1.6956521739130437,7.247768304665541,69,885.0,12.826086956521738,15.0,0.217391304347826,6,76.0,0.0,4.921008953205368,6.909090909090909,6.909090909090909,11,1,15.0,0.4654232541634462,5,58.0,0.1859587402135721,0,3.0,0.9225958866330872
3048.0,9,142.0,2.0,7.898855751376529,71,924.0,13.014084507042254,39.0,0.5492957746478874,2,40.0,0.0,6.540866116912978,4.0,4.0,10,1,16.0,0.310036547646396,1,24.0,0.4531394682106957,0,0.0,0.9867740377534012
3056.0,14,133.0,1.8732394366197185,7.858316378767319,71,832.0,11.71830985915493,0.0,0.0,6,108.0,68.0,6.861844934201535,6.352941176470588,6.352941176470588,17,5,75.0,0.3837059741584577,1,28.0,0.4987727530884404,0,5.0,0.9698748338872016
3064.0,15,128.0,1.8028169014084507,7.929937666593721,71,730.0,10.28169014084507,0.0,0.0,7,157.0,49.0,5.790940490870846,7.85,7.85,20,6,104.0,0.1778887874123683,0,15.0,0.9155083557143572,1,38.0,0.5172555243260055
3072.0,17,188.0,2.892307692307692,7.07642054881457,65,602.0,9.261538461538462,0.0,0.0,7,169.0,12.0,6.646319970896374,7.3478260869565215,7.3478260869565215,23,3,71.0,0.395001023946312,1,41.0,0.6695269210292728,3,57.0,0.5353739346385743
3080.0,13,49.0,0.6901408450704225,7.00719751000601,71,648.0,9.126760563380282,46.0,0.647887323943662,6,59.0,0.0,4.895627642475746,3.2777777777777777,3.2777777777777777,18,2,40.0,0.340292594885693,3,18.0,0.3649939751145365,1,1.0,0.5055999568398186
3088.0,11,63.0,0.9402985074626866,8.113382022352095,67,573.0,8.552238805970148,0.0,0.0,6,86.0,27.0,5.148909306900325,5.0588235294117645,5.0588235294117645,17,3,30.0,0.2103761477361508,1,43.0,0.6170360331906518,2,13.0,0.0
3096.0,19,169.0,2.6,6.704610670461087,65,584.0,8.984615384615385,11.0,0.1692307692307692,11,160.0,74.0,4.579348639564368,7.619047619047619,7.619047619047619,21,2,44.0,0.1993836168077375,7,87.0,0.414908326654036,2,29.0,0.3323489916405494
3104.0,11,132.0,1.9411764705882355,7.692851927674296,68,656.0,9.647058823529411,72.0,1.0588235294117647,4,68.0,0.0,5.545905395362849,3.4,3.4,20,2,28.0,0.4623658420971698,2,37.0,0.3379026556070628,0,3.0,0.8619625509415122
3112.0,11,73.0,1.0895522388059702,8.673694598510382,67,618.0,9.223880597014926,0.0,0.0,7,113.0,45.0,4.375205543784576,7.0625,7.0625,16,2,38.0,0.3101958028032842,4,70.0,0.3010404448329507,1,5.0,0.4377701782178508
3120.0,15,65.0,0.9420289855072465,7.175634396840213,69,568.0,8.231884057971014,0.0,0.0,10,179.0,66.0,4.05047575038118,7.782608695652174,7.782608695652174,23,5,82.0,0.2799912807518191,4,88.0,0.3480185043132857,1,9.0,0.5061797450324411
3128.0,18,131.0,1.8985507246376807,6.82291542402965,69,674.0,9.768115942028986,106.0,1.536231884057971,12,214.0,35.0,5.132401035906925,7.925925925925926,7.925925925925926,27,4,21.0,0.4441173791142237,6,144.0,0.3359103880100603,2,49.0,0.4518775632732735
3136.0,14,111.0,1.608695652173913,6.841741155791122,69,769.0,11.144927536231885,95.0,1.3768115942028984,10,207.0,0.0,4.097628737083994,7.392857142857143,7.392857142857143,28,7,60.0,0.1387717064050604,1,75.0,0.409283301108268,2,72.0,0.4171465535983872
3144.0,18,218.0,3.633333333333333,7.255877544735321,60,750.0,12.5,0.0,0.0,12,159.0,0.0,0.5619905396435182,12.23076923076923,12.23076923076923,13,6,83.0,5.693376744829125e-06,4,24.0,0.000289102744966,2,52.0,0.2451924332987031
3152.0,9,91.0,1.5166666666666666,7.884785865702844,60,726.0,12.1,0.0,0.0,3,72.0,0.0,6.428706074727019,5.538461538461538,5.538461538461538,13,1,29.0,0.5317521591869804,2,35.0,0.3037891793278131,0,8.0,0.7636749061828173
3160.0,5,15.0,0.2542372881355932,8.647931420094576,59,679.0,11.508474576271189,0.0,0.0,4,76.0,4.0,5.50146839217662,5.846153846153846,5.846153846153846,13,2,56.0,0.4938823129077934,2,10.0,0.0014591481070573,0,10.0,0.4839258077084098
3168.0,11,61.0,1.0338983050847457,7.727032459649656,59,686.0,11.627118644067796,7.0,0.1186440677966101,6,89.0,13.0,5.085156967918773,4.684210526315789,4.684210526315789,19,5,75.0,0.0048158588399497,1,10.0,0.6265565458126494,0,4.0,0.5436592075744376
3176.0,11,44.0,0.6666666666666666,6.752117058472282,66,695.0,10.530303030303031,9.0,0.1363636363636363,6,131.0,42.0,5.894153235190834,5.038461538461538,5.038461538461538,26,1,74.0,0.5546919086044844,3,55.0,0.4995533044234884,2,2.0,0.3115810376830429
3184.0,23,121.0,1.7285714285714286,6.217986267883294,70,763.0,10.9,68.0,0.9714285714285714,19,223.0,92.0,3.775676113997765,7.433333333333334,7.433333333333334,30,5,117.0,0.2566552554106689,9,74.0,0.2613742758974605,5,32.0,0.3828124705619868
3192.0,11,96.0,1.352112676056338,7.2629584339544895,71,851.0,11.985915492957746,88.0,1.2394366197183098,7,162.0,0.0,3.658019878833124,8.1,8.1,20,5,119.0,0.0408455888427612,2,39.0,0.3480713819669201,0,4.0,0.6753837256554335
3200.0,17,56.0,0.835820895522388,7.46014928948095,67,803.0,11.985074626865671,0.0,0.0,9,112.0,0.0,4.18299782440458,5.894736842105263,5.894736842105263,19,2,58.0,0.0875351579754411,6,52.0,0.325069135175158,1,2.0,0.4928620269685314
3208.0,20,169.0,2.640625,6.92186341336608,64,755.0,11.796875,0.0,0.0,10,161.0,49.0,4.845505647521884,7.318181818181818,7.318181818181818,22,1,34.0,0.4413149655999749,8,113.0,0.2285003692316937,1,14.0,0.6670234546129876
3216.0,31,291.0,4.343283582089552,6.012025890940199,67,762.0,11.373134328358208,7.0,0.1044776119402985,22,311.0,150.0,2.028897525822408,10.724137931034482,10.724137931034482,29,3,76.0,0.3945285723528816,16,215.0,0.0564053978236395,3,20.0,0.370728535813081
3224.0,9,80.0,1.1764705882352942,6.930514059050077,68,874.0,12.852941176470589,112.0,1.6470588235294117,5,264.0,0.0,5.095190215649302,9.428571428571429,9.428571428571429,28,3,61.0,0.313630432455431,2,201.0,0.2738066560648751,0,2.0,0.8604681822974514
3232.0,23,118.0,1.6619718309859155,6.147783943572188,71,905.0,12.746478873239436,31.0,0.4366197183098591,19,360.0,96.0,2.374564031394875,11.25,11.25,32,5,103.0,0.1488440106760732,12,250.0,0.1317505477045096,2,7.0,0.4725801543452083
3240.0,17,190.0,2.638888888888889,6.192484305822539,72,997.0,13.84722222222222,92.0,1.2777777777777777,10,287.0,0.0,2.6150219406121926,11.48,11.48,25,6,130.0,0.1508826050814397,2,131.0,0.1664469616484918,2,26.0,0.3283694035629912
3248.0,18,286.0,4.028169014084507,7.431886678111219,71,1106.0,15.577464788732394,109.0,1.5352112676056338,11,264.0,0.0,3.495714837281036,11.478260869565217,11.478260869565217,23,6,163.0,0.0398966534194751,3,62.0,0.3737440824923739,2,39.0,0.4365613631935836
3256.0,23,331.0,4.472972972972973,6.991671693377382,74,1265.0,17.094594594594593,159.0,2.1486486486486487,14,284.0,20.0,2.1286641112697864,14.947368421052632,14.947368421052632,19,8,222.0,0.1298742990001196,6,59.0,0.0030238024463755,0,3.0,0.8372812946972967
3264.0,8,120.0,1.7647058823529411,7.543839664258761,68,1249.0,18.36764705882353,0.0,0.0,3,118.0,0.0,5.499586125566792,9.076923076923077,9.076923076923077,13,3,32.0,0.3478841134105075,0,86.0,0.3473203420297537,0,0.0,0.9795437352104656
3272.0,15,143.0,2.1029411764705883,6.895499268833835,68,1142.0,16.794117647058822,0.0,0.0,9,138.0,20.0,3.926117767776711,6.9,6.9,20,4,64.0,0.3179816664836069,5,74.0,0.2997478435847874,0,0.0,1.0
3280.0,24,278.0,4.212121212121212,5.8168654225379015,66,968.0,14.666666666666666,0.0,0.0,16,233.0,95.0,3.1009268053233043,8.321428571428571,8.321428571428571,28,9,105.0,0.1128382071438611,7,121.0,0.2440183401870945,0,7.0,0.8849726236968459
3288.0,17,296.0,4.169014084507042,6.162829360530097,71,1025.0,14.43661971830986,57.0,0.8028169014084507,10,230.0,0.0,3.135865515735918,8.214285714285714,8.214285714285714,28,4,65.0,0.1505843314696948,5,165.0,0.3020921380227533,1,0.0,0.4582067535405321
3296.0,20,205.0,2.808219178082192,7.112535447200536,73,1020.0,13.972602739726028,0.0,0.0,17,309.0,79.0,3.980311111742554,10.655172413793103,10.655172413793103,29,5,72.0,0.3198558334598722,10,234.0,0.2987730767706619,2,3.0,0.3872201167961359
3304.0,21,273.0,3.845070422535212,7.223299348765727,71,1034.0,14.56338028169014,14.0,0.1971830985915492,16,436.0,127.0,2.299950715250407,18.166666666666668,18.166666666666668,24,3,88.0,0.2691982837007756,13,348.0,0.0665067218111083,0,0.0,0.9338884871644312
3312.0,26,397.0,5.364864864864865,6.511338478870381,74,1096.0,14.81081081081081,62.0,0.8378378378378378,19,545.0,109.0,2.1457572770851168,18.79310344827586,18.79310344827586,29,2,75.0,0.3078581889260322,16,470.0,0.0974738159263236,1,0.0,0.1882281016614275
3320.0,12,135.0,1.8243243243243243,7.456852012568841,74,1142.0,15.432432432432432,46.0,0.6216216216216216,4,256.0,0.0,4.915431827854136,11.130434782608695,11.130434782608695,23,3,40.0,0.2413832655020936,1,216.0,0.3692025317386256,0,0.0,0.6721911443072855
3328.0,5,30.0,0.3896103896103896,9.427313646968544,77,1167.0,15.155844155844155,25.0,0.3246753246753247,3,138.0,0.0,7.280352518991475,8.117647058823529,8.117647058823529,17,1,133.0,0.5769281224186448,1,4.0,0.5648429631456342,1,1.0,0.4827277043967307
3336.0,11,33.0,0.4177215189873418,8.430959685359777,79,1122.0,14.20253164556962,0.0,0.0,7,235.0,97.0,5.843042194421176,9.791666666666666,9.791666666666666,24,3,124.0,0.0054275038416984,4,100.0,0.4098554084521542,0,11.0,0.8130717112714649
3344.0,13,60.0,0.6896551724137931,7.293324320387621,87,1158.0,13.310344827586206,36.0,0.4137931034482758,8,230.0,0.0,4.342755829422309,8.518518518518519,8.518518518518519,27,4,129.0,0.3772898526325013,1,85.0,0.4170221941941859,3,16.0,0.3494548804877935
3352.0,22,93.0,1.0813953488372092,7.231240147647524,86,1145.0,13.313953488372093,0.0,0.0,13,132.0,0.0,3.810582777954621,5.28,5.28,25,3,58.0,0.4076359357534861,3,19.0,0.3221127285761184,7,55.0,0.2067259431701965
3360.0,18,152.0,1.7078651685393258,7.286191062738402,89,1138.0,12.786516853932584,0.0,0.0,12,184.0,52.0,5.740343366942538,5.935483870967742,5.935483870967742,31,5,73.0,0.3462054566579405,1,12.0,0.6701761068786387,6,99.0,0.4125961154469502
3368.0,24,190.0,2.159090909090909,6.25927828033627,88,1146.0,13.022727272727272,8.0,0.0909090909090909,15,187.0,3.0,2.9614301994860464,6.233333333333333,6.233333333333333,30,9,104.0,0.1325113354932476,5,56.0,0.2916393628256494,1,27.0,0.4035173439941297
3376.0,27,334.0,4.024096385542169,5.931758324210959,83,1119.0,13.481927710843374,0.0,0.0,9,191.0,4.0,3.3541208125010957,8.304347826086957,8.304347826086957,23,7,158.0,0.1063557728837233,1,22.0,0.2621404614705371,1,11.0,0.5428374684839826
3384.0,14,241.0,3.0125,6.72176090674988,80,1055.0,13.1875,0.0,0.0,3,106.0,0.0,5.03248612834325,5.3,5.3,20,1,56.0,0.2504612898131126,2,43.0,0.3936295290402424,0,7.0,0.9026985898601092
3392.0,22,303.0,3.986842105263158,5.85844268178875,76,1097.0,14.43421052631579,42.0,0.5526315789473685,10,158.0,52.0,2.2100191341329176,8.31578947368421,8.31578947368421,19,4,112.0,0.1723976316249275,4,36.0,0.2123791827758059,2,10.0,0.0001517739049258
3400.0,20,396.0,5.076923076923077,6.758245521733225,78,1154.0,14.794871794871796,57.0,0.7307692307692307,6,80.0,0.0,5.402947431274232,4.705882352941177,4.705882352941177,17,4,29.0,0.0002694530385804,1,35.0,0.4033956211999156,1,16.0,0.6442817975127336
3408.0,23,512.0,6.918918918918919,7.03619703838393,74,1168.0,15.783783783783784,14.0,0.1891891891891892,6,58.0,0.0,5.9470752274016485,4.461538461538462,4.461538461538462,13,3,34.0,0.0001341166259243,1,12.0,0.7150889009893613,2,12.0,0.5218997198313645
3416.0,22,631.0,8.527027027027026,6.139892104076926,74,1107.0,14.95945945945946,0.0,0.0,4,28.0,0.0,4.64176826828757,2.8,2.8,10,1,2.0,0.2712985869722974,3,26.0,0.2410615926032527,0,0.0,0.8242727269454727
3424.0,22,711.0,10.772727272727272,6.025271920704096,66,1147.0,17.37878787878788,40.0,0.6060606060606061,7,70.0,42.0,3.966340343624605,5.833333333333333,5.833333333333333,12,3,16.0,0.3815758056806167,3,54.0,0.2393260814448681,1,0.0,0.1758391286927139
3432.0,23,796.0,11.211267605633802,6.269882529728262,71,1275.0,17.95774647887324,128.0,1.8028169014084507,5,125.0,55.0,6.856905711574367,7.8125,7.8125,16,4,93.0,0.2908629066345109,1,27.0,0.6316344716402887,0,5.0,0.945815885715745
3440.0,25,909.0,12.12,6.333686281108124,75,1396.0,18.613333333333333,121.0,1.6133333333333333,9,98.0,0.0,4.92496666670232,5.444444444444445,5.444444444444445,18,0,25.0,0.5839273309649299,6,61.0,0.3382827173706261,3,12.0,0.3493166658640916
3448.0,32,1084.0,14.849315068493151,5.190271884037183,73,1570.0,21.506849315068493,174.0,2.3835616438356166,14,170.0,72.0,2.876041369321829,7.083333333333333,7.083333333333333,24,4,29.0,0.1367666671038676,10,138.0,0.1442262837643049,0,3.0,0.7347314160675857
3456.0,18,674.0,9.232876712328768,5.668506028230223,73,1627.0,22.28767123287671,57.0,0.7808219178082192,4,88.0,0.0,4.582453870501256,4.631578947368421,4.631578947368421,19,4,34.0,0.202775706687996,0,54.0,0.3300111056782214,0,0.0,0.8295563966596808
3464.0,27,682.0,9.605633802816902,6.23876873502885,71,1640.0,23.098591549295776,13.0,0.1830985915492957,10,214.0,126.0,4.331567253852856,11.263157894736842,11.263157894736842,19,6,85.0,0.2854694278210913,2,119.0,0.3857116299113644,2,10.0,0.2478160187296248
3472.0,28,859.0,11.608108108108109,6.002922519841758,74,1767.0,23.87837837837838,127.0,1.7162162162162162,9,168.0,0.0,5.410709903579684,9.882352941176473,9.882352941176473,17,6,115.0,0.1408341247056175,1,24.0,0.6459914935437462,2,29.0,0.4852342579098467
3480.0,14,304.0,4.0,7.142618254643802,76,1901.0,25.01315789473684,134.0,1.763157894736842,6,229.0,61.0,5.161761631836404,14.3125,14.3125,16,1,148.0,0.4847503467671626,3,39.0,0.3803246716778853,2,42.0,0.3770895457116436
3488.0,14,136.0,1.9154929577464788,6.759156393887039,71,1817.0,25.591549295774648,0.0,0.0,9,170.0,0.0,4.102762490185286,10.0,10.0,17,3,42.0,0.4283887774917768,4,70.0,0.0895904593372208,2,58.0,0.4836030256622243
3496.0,12,107.0,1.4078947368421053,6.851245095206637,76,1775.0,23.355263157894736,0.0,0.0,6,225.0,55.0,6.505106416473716,11.842105263157896,11.842105263157896,19,1,148.0,0.6264672048079886,0,0.0,0.7831646590646861,5,77.0,0.3154797583269452
3504.0,18,79.0,1.025974025974026,7.44730762952916,77,1688.0,21.92207792207792,0.0,0.0,11,282.0,57.0,4.7417561902805785,10.444444444444445,10.444444444444445,27,4,241.0,0.3126256886904099,6,28.0,0.4181398196524546,1,13.0,0.4550403687410358
3512.0,17,133.0,1.6835443037974684,7.46412921436693,79,1627.0,20.59493670886076,0.0,0.0,4,113.0,0.0,6.794220147163945,5.65,5.65,20,1,15.0,0.5884376688197562,2,91.0,0.4887933479047897,1,7.0,0.4380721957438362
3520.0,24,269.0,3.320987654320988,6.942637307517908,81,1762.0,21.753086419753085,135.0,1.6666666666666667,10,66.0,0.0,2.6058702309416844,3.473684210526316,3.473684210526316,19,3,23.0,0.0870495465962198,4,27.0,0.2896255922881988,3,16.0,0.2265308871986737
3528.0,26,399.0,4.9875,6.1833976765195136,80,1566.0,19.575,0.0,0.0,8,95.0,29.0,5.078071759575013,4.523809523809524,4.523809523809524,21,3,38.0,0.2093025523784091,2,23.0,0.3520815574259335,3,34.0,0.6131137504688146
3536.0,26,498.0,6.467532467532467,6.521528012714171,77,1676.0,21.766233766233768,110.0,1.4285714285714286,9,146.0,51.0,7.359130847427564,5.84,5.84,25,6,83.0,0.4227507257664369,1,15.0,0.7437854670520563,2,48.0,0.6752658906130508
3544.0,24,348.0,4.405063291139241,5.8773501433285045,79,1800.0,22.78481012658228,124.0,1.5696202531645569,15,173.0,27.0,2.0872353075322008,6.653846153846154,6.653846153846154,26,9,145.0,0.0688237699684968,3,23.0,0.3096896147177757,3,5.0,0.2240205917189537
3552.0,20,147.0,1.7710843373493976,6.9518121335624095,83,1911.0,23.02409638554217,111.0,1.3373493975903614,7,254.0,81.0,5.289917568670792,12.095238095238097,12.095238095238097,21,5,114.0,0.2217609153798779,0,120.0,0.7041343206636498,2,20.0,0.2394322664918751
3560.0,31,300.0,3.658536585365854,5.901839457885763,82,2081.0,25.37804878048781,170.0,2.073170731707317,15,556.0,302.0,3.496733250935614,19.857142857142858,19.857142857142858,28,10,176.0,0.2321006485642046,5,380.0,0.2578925781296032,0,0.0,0.4817802888350828
3568.0,22,278.0,3.3095238095238093,5.826483018185246,84,2068.0,24.61904761904762,0.0,0.0,4,302.0,0.0,4.459836781231286,14.38095238095238,14.38095238095238,21,4,85.0,0.2218926185722417,0,217.0,0.3596664064659841,0,0.0,0.9799767871721552
3576.0,18,128.0,1.4883720930232558,6.512187966497863,86,2148.0,24.976744186046517,80.0,0.9302325581395348,15,685.0,383.0,3.569166488350481,22.83333333333333,22.83333333333333,30,7,436.0,0.2316426176657623,7,249.0,0.1994715890263997,1,0.0,0.5129750996728393
3584.0,25,201.0,2.451219512195122,6.556210406358602,82,2024.0,24.682926829268293,0.0,0.0,16,871.0,186.0,4.237004139457532,26.393939393939394,26.393939393939394,33,16,655.0,0.0943170089229101,0,186.0,0.5124486124292035,0,30.0,0.8169966628742383
3592.0,17,120.0,1.411764705882353,6.776053430246028,85,2066.0,24.305882352941172,42.0,0.4941176470588235,14,711.0,0.0,3.382092322374248,22.93548387096774,22.93548387096774,31,9,476.0,0.1475652683477682,5,235.0,0.3357940030739486,0,0.0,0.8626266719616198
3600.0,23,111.0,1.2613636363636365,6.260152465712738,88,1877.0,21.329545454545453,0.0,0.0,15,597.0,0.0,3.504597965532557,17.558823529411764,17.558823529411764,34,6,302.0,0.2012971849668289,8,287.0,0.3180246923042871,1,8.0,0.6123152934493563
