step,system_total_stopped,system_total_waiting_time,system_mean_waiting_time,system_mean_speed,system_cars_present,system_accumulated_waiting_time (100),system_accumulated_mean_waiting_time (100),system_accumulated_waiting_time (delta),system_accumulated_mean_waiting_time (delta),agents_total_stopped,agents_total_accumulated_waiting_time (100),agents_total_accumulated_waiting_time (delta),agents_mean_speed,agents_mean_waiting_time (100),agents_mean_waiting_time (delta),agents_cars_present,Col3_1_stopped,Col3_1_accumulated_waiting_time,Col3_1_average_speed,Col3_2_stopped,Col3_2_accumulated_waiting_time,Col3_2_average_speed,Col3_3_stopped,Col3_3_accumulated_waiting_time,Col3_3_average_speed
8.0,1.0,0.0,0.0,5.116047790343873,4.0,0.0,0.0,0.0,0.0,1.0,0.0,0.0,4.505369043862447,0.0,0.0,2.0,0.0,0.0,1.0,0.0,0.0,1.0,1.0,0.0,0.3268124463580948
16.0,0.0,0.0,0.0,7.131852017233379,11.0,0.0,0.0,0.0,0.0,0.0,0.0,0.0,6.684315741721536,0.0,0.0,5.0,0.0,0.0,0.897173809132291,0.0,0.0,0.5441184040775258,0.0,0.0,0.525499812690749
24.0,5.0,18.0,1.125,6.151237210755384,16.0,18.0,1.125,18.0,1.125,4.0,18.0,18.0,2.765721057639647,3.0,3.0,6.0,2.0,9.0,5.325765212457764e-06,0.0,0.0,0.9368411773922416,2.0,9.0,0.0016109168495722
32.0,5.0,25.0,1.0,7.632582059590012,25.0,41.0,1.64,23.0,0.92,3.0,25.0,7.0,3.298727250989143,4.166666666666667,4.166666666666667,6.0,1.0,0.0,0.2988451663688112,0.0,0.0,0.7205931375175709,2.0,25.0,0.0
40.0,7.0,53.0,1.7666666666666666,7.5518026270467855,30.0,64.0,2.1333333333333333,23.0,0.7666666666666667,6.0,50.0,25.0,3.958295901978013,4.545454545454546,4.545454545454546,11.0,3.0,9.0,0.1862076423524043,1.0,0.0,0.6317509872645428,2.0,41.0,0.2421419361224649
48.0,8.0,23.0,0.6052631578947368,8.263852636105934,38.0,85.0,2.236842105263158,21.0,0.5526315789473685,5.0,22.0,0.0,7.098319632377072,1.6923076923076923,1.6923076923076923,13.0,3.0,22.0,0.4547902775514937,1.0,0.0,0.6034915764853727,1.0,0.0,0.0
56.0,8.0,51.0,1.2439024390243902,8.79605743684292,41.0,136.0,3.317073170731707,51.0,1.2439024390243902,5.0,29.0,7.0,4.246867716243514,2.4166666666666665,2.4166666666666665,12.0,3.0,21.0,0.1104258152640687,2.0,8.0,0.5531152170597566,0.0,0.0,0.9416661425721804
64.0,4.0,19.0,0.3958333333333333,9.25671608043982,48.0,165.0,3.4375,29.0,0.6041666666666666,2.0,23.0,0.0,7.611416622755559,1.7692307692307692,1.7692307692307692,13.0,1.0,17.0,0.5925288823745718,1.0,6.0,0.5955622166804094,0.0,0.0,0.9488076108727526
72.0,11.0,63.0,1.125,7.895921042794899,56.0,211.0,3.767857142857143,46.0,0.8214285714285714,9.0,76.0,53.0,4.044228325611321,3.619047619047619,3.619047619047619,21.0,5.0,28.0,0.1620408832674829,4.0,48.0,0.3455870213681575,0.0,0.0,0.4393021039937837
80.0,8.0,59.0,1.0,7.890950205304344,59.0,281.0,4.762711864406779,70.0,1.1864406779661016,6.0,93.0,17.0,4.943323622319808,4.428571428571429,4.428571428571429,21.0,5.0,57.0,0.2024304846579475,1.0,33.0,0.3804611314435292,0.0,3.0,0.7809928095891437
88.0,14.0,118.0,1.9666666666666663,7.944978312288856,60.0,350.0,5.833333333333333,69.0,1.15,11.0,142.0,49.0,4.360670668190247,6.173913043478261,6.173913043478261,23.0,5.0,80.0,0.147265547295283,6.0,53.0,0.3253732546121278,0.0,9.0,0.6516406272222075
96.0,12.0,146.0,2.39344262295082,7.858804629411908,61.0,388.0,6.360655737704918,38.0,0.6229508196721312,8.0,159.0,17.0,5.004269628405409,7.227272727272727,7.227272727272727,22.0,6.0,127.0,0.2382599995440208,1.0,25.0,0.4888893679684976,1.0,7.0,0.44998048260746
104.0,12.0,63.0,1.0677966101694916,8.097280882680431,59.0,434.0,7.3559322033898304,46.0,0.7796610169491526,7.0,70.0,0.0,5.760665298980112,3.888888888888889,3.888888888888889,18.0,0.0,23.0,0.6134488846635512,3.0,21.0,0.3873903512134437,4.0,26.0,0.262946828187421
112.0,19.0,129.0,2.0806451612903225,6.770199815182461,62.0,437.0,7.048387096774194,3.0,0.0483870967741935,14.0,109.0,39.0,3.314220482682017,4.739130434782608,4.739130434782608,23.0,3.0,15.0,0.2500745736526813,5.0,23.0,0.230076360799074,6.0,71.0,0.2441810613622955
120.0,5.0,36.0,0.5454545454545454,8.189220357874733,66.0,485.0,7.348484848484849,48.0,0.7272727272727273,4.0,47.0,0.0,5.789715122827888,2.611111111111111,2.611111111111111,18.0,4.0,46.0,0.317457527952487,0.0,1.0,0.5420353319980679,0.0,0.0,0.7260490002059744
128.0,6.0,21.0,0.3230769230769231,8.100879021742418,65.0,424.0,6.523076923076923,0.0,0.0,4.0,86.0,39.0,5.235427448909968,4.777777777777778,4.777777777777778,18.0,2.0,30.0,0.3163929578141242,2.0,56.0,0.4512223668361667,0.0,0.0,0.9158134696906564
136.0,10.0,56.0,0.8484848484848485,7.932357241861325,66.0,459.0,6.954545454545454,35.0,0.5303030303030303,7.0,126.0,40.0,6.32995952085617,6.3,6.3,20.0,4.0,58.0,0.3953764248109006,3.0,68.0,0.482861196175787,0.0,0.0,0.5315910670270118
144.0,15.0,151.0,2.435483870967742,7.689269766460375,62.0,496.0,8.0,37.0,0.5967741935483871,12.0,217.0,91.0,4.043646967452972,9.434782608695652,9.434782608695652,23.0,7.0,110.0,0.2060070465188624,5.0,107.0,0.3491257324587398,0.0,0.0,0.9844505179804118
152.0,24.0,276.0,4.0588235294117645,5.973326193903868,68.0,610.0,8.970588235294118,114.0,1.6764705882352942,21.0,355.0,138.0,2.910948032485522,10.757575757575758,10.757575757575758,33.0,9.0,172.0,0.1463951014654631,11.0,183.0,0.1889231674336897,1.0,0.0,0.5253193551420514
160.0,16.0,219.0,3.0416666666666665,6.900212339077406,72.0,671.0,9.319444444444445,61.0,0.8472222222222222,12.0,362.0,7.0,4.329232167639255,10.647058823529411,10.647058823529411,34.0,11.0,272.0,0.2317405901824767,0.0,75.0,0.3429269379947651,1.0,15.0,0.5813419241928658
168.0,22.0,352.0,4.821917808219178,7.57156592988514,73.0,782.0,10.712328767123289,111.0,1.5205479452054795,16.0,374.0,12.0,3.262097133203623,13.851851851851851,13.851851851851851,27.0,12.0,356.0,0.0737421352230547,3.0,16.0,0.3437786497601233,1.0,2.0,0.7014666414378441
176.0,13.0,116.0,1.5890410958904109,7.4853853548581375,73.0,895.0,12.26027397260274,113.0,1.547945205479452,9.0,318.0,0.0,3.423472799876867,13.25,13.25,24.0,2.0,263.0,0.1407395305738807,7.0,53.0,0.124925386485393,0.0,2.0,0.9069038661934956
184.0,9.0,55.0,0.7333333333333333,7.946388996019001,75.0,938.0,12.506666666666666,43.0,0.5733333333333334,9.0,357.0,39.0,3.549772316058672,12.75,12.75,28.0,6.0,293.0,0.2159585045695616,3.0,64.0,0.3725981013116636,0.0,0.0,0.4889997877945086
192.0,15.0,113.0,1.765625,7.459439988964064,64.0,919.0,14.359375,0.0,0.0,15.0,439.0,82.0,3.555975413264317,16.25925925925926,16.25925925925926,27.0,14.0,402.0,0.1459637713712128,1.0,37.0,0.4736621991016653,0.0,0.0,1.0
200.0,20.0,185.0,2.9838709677419355,6.885892753557043,62.0,975.0,15.725806451612904,56.0,0.9032258064516128,19.0,460.0,21.0,2.7612020542040745,17.037037037037038,17.037037037037038,27.0,12.0,396.0,0.026528597237679,7.0,57.0,0.2920748274264099,0.0,7.0,0.9483409763564185
208.0,16.0,188.0,3.081967213114754,6.353580609480595,61.0,951.0,15.59016393442623,0.0,0.0,14.0,522.0,62.0,2.48504304688835,19.33333333333333,19.33333333333333,27.0,11.0,471.0,0.119281680419188,3.0,51.0,0.254787359264176,0.0,0.0,0.918710863980014
216.0,10.0,87.0,1.359375,6.872253732376561,64.0,996.0,15.5625,45.0,0.703125,10.0,385.0,0.0,3.899036575138696,13.275862068965518,13.275862068965518,29.0,5.0,323.0,0.2562814286248174,5.0,62.0,0.2297339214910727,0.0,0.0,0.8306772183160814
224.0,17.0,109.0,1.6029411764705883,6.517216440072135,68.0,966.0,14.205882352941176,0.0,0.0,17.0,477.0,92.0,2.5418878269635923,14.029411764705882,14.029411764705882,34.0,7.0,341.0,0.0652683107373684,10.0,133.0,0.2371040411826189,0.0,3.0,0.9002680535371546
232.0,4.0,14.0,0.2153846153846154,7.403036055799367,65.0,873.0,13.430769230769233,0.0,0.0,4.0,245.0,0.0,3.862786075139766,8.75,8.75,28.0,2.0,200.0,0.2333834396513661,1.0,36.0,0.3523838855281565,1.0,9.0,0.4685574604734876
240.0,13.0,71.0,1.0923076923076922,7.9043844975777695,65.0,930.0,14.307692307692308,57.0,0.8769230769230769,11.0,227.0,0.0,3.894332965960198,9.458333333333334,9.458333333333334,24.0,6.0,188.0,0.1738048778769433,4.0,25.0,0.4162889551015478,1.0,14.0,0.4833827070008106
248.0,19.0,99.0,1.546875,7.459084070612345,64.0,754.0,11.78125,0.0,0.0,17.0,272.0,45.0,2.393890502027584,11.826086956521738,11.826086956521738,23.0,10.0,234.0,0.0589233182961549,7.0,35.0,0.1902548963888738,0.0,3.0,0.9689814103344084
256.0,14.0,116.0,2.0,7.070540115051643,58.0,807.0,13.913793103448276,53.0,0.913793103448276,10.0,197.0,0.0,3.338244928777662,8.208333333333334,8.208333333333334,24.0,1.0,94.0,0.264239868284271,8.0,96.0,0.2686665429938552,1.0,7.0,1.1941374519715269e-05
264.0,9.0,43.0,0.7818181818181819,6.464742840312394,55.0,556.0,10.10909090909091,0.0,0.0,6.0,99.0,0.0,4.359002257238035,5.2105263157894735,5.2105263157894735,19.0,3.0,40.0,0.1741731763344808,2.0,40.0,0.2066568734297438,1.0,19.0,0.7073820452350438
272.0,14.0,97.0,1.6166666666666667,7.144484166095023,60.0,604.0,10.066666666666666,48.0,0.8,13.0,165.0,66.0,4.064316441669048,6.111111111111111,6.111111111111111,27.0,4.0,60.0,0.4574686688729735,6.0,73.0,0.2772230165898879,3.0,32.0,0.2305407422920967
280.0,3.0,6.0,0.0923076923076923,8.532794728297436,65.0,581.0,8.938461538461539,0.0,0.0,2.0,66.0,0.0,6.757113649828743,3.3,3.3,20.0,2.0,19.0,0.1409529562641445,0.0,35.0,0.5370348077475448,0.0,12.0,0.6649698613489305
288.0,8.0,30.0,0.5,9.00373284514878,60.0,433.0,7.216666666666667,0.0,0.0,8.0,92.0,26.0,5.030471996748172,4.842105263157895,4.842105263157895,19.0,3.0,25.0,0.4571555230213494,5.0,67.0,0.4132067390280083,0.0,0.0,0.4636824118567316
296.0,8.0,41.0,0.7592592592592593,7.87559349657363,54.0,363.0,6.722222222222222,0.0,0.0,7.0,115.0,23.0,5.487691587621835,6.388888888888889,6.388888888888889,18.0,4.0,51.0,0.3544680841965212,2.0,54.0,0.5078884082071571,1.0,10.0,0.4549720940019875
304.0,9.0,43.0,0.8269230769230769,8.623138134336056,52.0,328.0,6.307692307692308,0.0,0.0,7.0,109.0,0.0,5.525323411446297,5.7368421052631575,5.7368421052631575,19.0,2.0,24.0,0.4577836838048278,4.0,68.0,0.3154048693640147,1.0,17.0,0.6436974967025663
312.0,7.0,36.0,0.6545454545454545,7.891719704018264,55.0,376.0,6.836363636363636,48.0,0.8727272727272727,6.0,46.0,0.0,4.3340928322863,2.3,2.3,20.0,4.0,16.0,0.1330546737090782,2.0,27.0,0.376239119847057,0.0,3.0,0.5219033001348328
320.0,13.0,81.0,1.396551724137931,7.422212248309734,58.0,402.0,6.931034482758621,26.0,0.4482758620689655,10.0,75.0,29.0,4.423906406567575,3.0,3.0,25.0,3.0,12.0,0.1447120249728426,7.0,59.0,0.1832920161424792,0.0,4.0,0.8388569389305803
328.0,17.0,148.0,2.5964912280701755,5.959723092278409,57.0,477.0,8.368421052631579,75.0,1.3157894736842106,16.0,176.0,101.0,4.172501267389265,6.068965517241379,6.068965517241379,29.0,2.0,14.0,0.5782248288611758,11.0,143.0,0.1397699007096781,3.0,19.0,0.4323914896513335
336.0,21.0,272.0,4.857142857142857,5.819746128205362,56.0,593.0,10.589285714285714,116.0,2.071428571428572,18.0,332.0,156.0,2.155205993680328,12.76923076923077,12.76923076923077,26.0,3.0,44.0,0.1873121185843902,14.0,287.0,0.0948718299828849,1.0,1.0,0.5539232430545443
344.0,7.0,123.0,2.1206896551724137,7.140596401436729,58.0,667.0,11.5,74.0,1.2758620689655171,6.0,215.0,0.0,3.4884612686568617,9.772727272727272,9.772727272727272,22.0,2.0,37.0,0.2998277428057439,4.0,178.0,0.2521317164103459,0.0,0.0,0.4837564036791428
352.0,15.0,186.0,3.263157894736842,7.20644278641128,57.0,653.0,11.456140350877194,0.0,0.0,14.0,288.0,73.0,2.643578739263851,11.076923076923077,11.076923076923077,26.0,4.0,49.0,0.2139153903204111,9.0,232.0,0.2331908416465276,1.0,7.0,0.1743125103874654
360.0,16.0,106.0,1.7377049180327868,6.795787965334182,61.0,675.0,11.065573770491802,22.0,0.360655737704918,15.0,212.0,0.0,3.9733636749767176,7.571428571428571,7.571428571428571,28.0,2.0,7.0,0.0960457068066144,12.0,202.0,0.295823206205379,1.0,3.0,0.6436334685002114
368.0,8.0,47.0,0.734375,7.872626225404801,64.0,715.0,11.171875,40.0,0.625,5.0,148.0,0.0,4.760104880563644,5.92,5.92,25.0,1.0,18.0,0.6972203949343905,4.0,126.0,0.1697069809992451,0.0,4.0,0.6520354972698504
376.0,17.0,100.0,1.4492753623188406,6.450840290661467,69.0,786.0,11.391304347826088,71.0,1.0289855072463767,15.0,191.0,43.0,2.781262048722464,5.457142857142857,5.457142857142857,35.0,5.0,42.0,0.1962898412745145,8.0,139.0,0.1069019551358839,2.0,10.0,0.4555888813332759
384.0,17.0,146.0,2.1159420289855078,6.438349051658829,69.0,855.0,12.391304347826088,69.0,1.0,15.0,218.0,27.0,3.634046868767877,6.411764705882353,6.411764705882353,34.0,8.0,104.0,0.1108652901475691,1.0,67.0,0.4419326870394862,6.0,47.0,0.2788182492425652
392.0,20.0,129.0,1.7432432432432432,6.56553008651031,74.0,906.0,12.243243243243244,51.0,0.6891891891891891,13.0,210.0,0.0,3.965778852306723,7.241379310344827,7.241379310344827,29.0,4.0,96.0,0.3831252968639681,9.0,107.0,0.1002736490763527,0.0,7.0,0.5236751580002528
400.0,14.0,192.0,2.430379746835443,7.825067699056773,79.0,943.0,11.936708860759492,37.0,0.4683544303797468,10.0,223.0,13.0,3.938657587443353,9.695652173913045,9.695652173913045,23.0,6.0,119.0,0.3019850581038508,3.0,94.0,0.2928235083350721,1.0,10.0,0.4863340387477558
408.0,14.0,86.0,1.0886075949367089,7.67534253180516,79.0,779.0,9.860759493670884,0.0,0.0,9.0,152.0,0.0,4.968252934373031,6.333333333333333,6.333333333333333,24.0,2.0,47.0,0.3163861645212983,6.0,86.0,0.3105560707057066,1.0,19.0,0.6587645531785625
416.0,21.0,171.0,2.25,7.047280803391773,76.0,752.0,9.894736842105264,0.0,0.0,16.0,261.0,109.0,3.8544946295597433,9.666666666666666,9.666666666666666,27.0,6.0,80.0,0.3059626407213597,9.0,154.0,0.1980578235877064,1.0,27.0,0.6346378066394652
424.0,9.0,30.0,0.3846153846153846,7.391456772734668,78.0,850.0,10.897435897435898,98.0,1.2564102564102564,3.0,214.0,0.0,5.3088193580487495,11.263157894736842,11.263157894736842,19.0,3.0,75.0,0.2845297222925713,0.0,139.0,0.5060369509523677,0.0,0.0,1.0
432.0,21.0,105.0,1.3636363636363635,7.229008878463426,77.0,855.0,11.103896103896105,5.0,0.0649350649350649,12.0,249.0,35.0,3.3046499303797647,9.96,9.96,25.0,4.0,78.0,0.2499479793845408,8.0,171.0,0.2002121279551285,0.0,0.0,0.974341114376114
440.0,19.0,199.0,2.6184210526315788,6.695145036817562,76.0,880.0,11.578947368421051,25.0,0.3289473684210526,10.0,200.0,0.0,4.364880696961551,7.6923076923076925,7.6923076923076925,26.0,7.0,94.0,0.178520761208747,2.0,92.0,0.3794164281224673,1.0,14.0,0.7106738891095792
448.0,21.0,255.0,3.311688311688312,6.178453806158538,77.0,965.0,12.532467532467532,85.0,1.103896103896104,11.0,181.0,0.0,3.514848200422425,6.961538461538462,6.961538461538462,26.0,6.0,129.0,0.2820731321676693,4.0,33.0,0.3606324012623838,1.0,19.0,0.1180572832514803
456.0,18.0,232.0,3.0933333333333333,6.457771362959116,75.0,1057.0,14.093333333333334,92.0,1.2266666666666666,11.0,300.0,119.0,3.9435242174673975,14.285714285714286,14.285714285714286,21.0,8.0,184.0,0.1034212155126893,2.0,113.0,0.456115337631479,1.0,3.0,0.6441205547366027
464.0,18.0,252.0,3.452054794520548,7.471903659298318,73.0,1064.0,14.575342465753424,7.0,0.0958904109589041,12.0,340.0,40.0,4.214072333049616,16.19047619047619,16.19047619047619,21.0,9.0,256.0,0.2857365445690292,3.0,81.0,0.1194621976177664,0.0,3.0,0.9637121409163728
472.0,17.0,333.0,5.123076923076923,6.741561855013683,65.0,919.0,14.138461538461538,0.0,0.0,12.0,398.0,58.0,4.656053042257758,17.304347826086957,17.304347826086957,23.0,11.0,349.0,0.128141981013375,1.0,48.0,0.507431155621353,0.0,1.0,0.9643649758140176
480.0,15.0,64.0,0.9696969696969696,5.997780661833223,66.0,984.0,14.909090909090908,65.0,0.9848484848484848,9.0,364.0,0.0,3.4710657079670217,14.0,14.0,26.0,4.0,262.0,0.2387890022569374,4.0,100.0,0.3825936779591634,1.0,2.0,0.0736170537433576
488.0,3.0,6.0,0.0833333333333333,8.396550709337964,72.0,932.0,12.944444444444445,0.0,0.0,1.0,145.0,0.0,6.192996792846495,6.304347826086956,6.304347826086956,23.0,1.0,115.0,0.1900851594159526,0.0,27.0,0.707280476303403,0.0,3.0,0.7477690299443384
496.0,13.0,61.0,0.9104477611940298,8.442137471868383,67.0,804.0,12.0,0.0,0.0,9.0,160.0,15.0,4.7941907004675794,8.0,8.0,20.0,3.0,66.0,0.23572971759563,6.0,90.0,0.26964585131962,0.0,4.0,0.9630661340663396
504.0,9.0,65.0,1.031746031746032,8.252930523502284,63.0,721.0,11.444444444444445,0.0,0.0,7.0,140.0,0.0,4.452999769964318,8.75,8.75,16.0,5.0,95.0,0.2982567083405102,1.0,37.0,0.4225686193284951,1.0,8.0,0.4926945993191353
512.0,12.0,92.0,1.6140350877192982,8.611076459415802,57.0,577.0,10.12280701754386,0.0,0.0,8.0,147.0,7.0,4.251850630696499,9.1875,9.1875,16.0,4.0,90.0,0.2134364794010076,4.0,57.0,0.1869267234247152,0.0,0.0,0.8768818187959652
520.0,4.0,38.0,0.7307692307692307,9.09352359480727,52.0,506.0,9.73076923076923,0.0,0.0,1.0,30.0,0.0,9.05594942063149,2.5,2.5,12.0,0.0,14.0,0.592874932181868,0.0,7.0,0.7383575434659531,1.0,9.0,0.6246352552244231
528.0,8.0,30.0,0.5769230769230769,8.18606298852063,52.0,454.0,8.73076923076923,0.0,0.0,8.0,57.0,27.0,4.05738050634891,3.0,3.0,19.0,4.0,29.0,0.247616265444529,2.0,14.0,0.4557674293884274,2.0,14.0,0.0
536.0,1.0,1.0,0.0185185185185185,8.666333695400185,54.0,375.0,6.944444444444445,0.0,0.0,1.0,50.0,0.0,6.950826455776869,2.9411764705882355,2.9411764705882355,17.0,1.0,18.0,0.2641909107419558,0.0,26.0,0.5776013322522585,0.0,6.0,0.9436743039425776
544.0,6.0,19.0,0.3392857142857143,7.99674271204595,56.0,329.0,5.875,0.0,0.0,6.0,80.0,30.0,4.581845625334066,3.333333333333333,3.333333333333333,24.0,3.0,37.0,0.3770172071818929,3.0,40.0,0.2518934834159715,0.0,3.0,0.6124386097717507
552.0,19.0,119.0,1.9508196721311477,6.079761271315896,61.0,380.0,6.229508196721311,51.0,0.8360655737704918,15.0,171.0,91.0,2.9453848194003043,7.125,7.125,24.0,6.0,68.0,0.2496460731754359,8.0,93.0,0.0362023646462307,1.0,10.0,0.6137560647398145
560.0,13.0,149.0,2.365079365079365,6.818340695021611,63.0,489.0,7.761904761904762,109.0,1.7301587301587302,11.0,223.0,52.0,2.872528775323037,9.291666666666666,9.291666666666666,24.0,1.0,52.0,0.2233568040578993,10.0,171.0,0.2321002710723177,0.0,0.0,1.0
568.0,11.0,62.0,0.953846153846154,6.9675049614963305,65.0,567.0,8.723076923076922,78.0,1.2,6.0,150.0,0.0,2.864265746756796,6.818181818181818,6.818181818181818,22.0,3.0,36.0,0.1770359430543561,3.0,114.0,0.2184316021262278,0.0,0.0,0.5495058508157779
576.0,10.0,49.0,0.765625,7.339685988667583,64.0,454.0,7.09375,0.0,0.0,6.0,176.0,26.0,4.719775013926983,8.0,8.0,22.0,2.0,53.0,0.4278901677374966,4.0,123.0,0.2960140158816127,0.0,0.0,0.9402295439699226
584.0,17.0,138.0,2.421052631578948,6.176779865771245,57.0,506.0,8.87719298245614,52.0,0.912280701754386,9.0,146.0,0.0,3.114613856371162,7.3,7.3,20.0,4.0,58.0,0.306396530724306,4.0,82.0,0.1317829047122246,1.0,6.0,0.497527950521072
592.0,21.0,266.0,4.092307692307692,7.500593818289601,65.0,614.0,9.446153846153846,108.0,1.6615384615384616,9.0,149.0,3.0,5.797026850690152,7.095238095238095,7.095238095238095,21.0,5.0,93.0,0.4355911423503846,4.0,52.0,0.3312282580853673,0.0,4.0,0.5958636662651023
600.0,14.0,97.0,1.4477611940298507,6.488579983467047,67.0,610.0,9.1044776119403,0.0,0.0,8.0,113.0,0.0,4.016209070088758,5.947368421052632,5.947368421052632,19.0,3.0,86.0,0.352182570487329,3.0,13.0,0.197068826042486,2.0,14.0,0.244700011627186
608.0,14.0,39.0,0.5131578947368421,8.18996038851469,76.0,656.0,8.631578947368421,46.0,0.6052631578947368,5.0,64.0,0.0,7.193216359693285,4.266666666666667,4.266666666666667,15.0,4.0,55.0,0.3269382153615398,1.0,9.0,0.6644706794241892,0.0,0.0,0.97101298468704
616.0,21.0,156.0,2.108108108108108,7.530564721607607,74.0,684.0,9.243243243243244,28.0,0.3783783783783784,10.0,147.0,83.0,4.724997906756897,6.681818181818182,6.681818181818182,22.0,5.0,85.0,0.1986530512727548,4.0,49.0,0.323141593630664,1.0,13.0,0.5756276655879495
624.0,12.0,81.0,1.125,6.774117531595818,72.0,778.0,10.805555555555555,94.0,1.3055555555555556,9.0,196.0,49.0,4.530540834717261,7.538461538461538,7.538461538461538,26.0,2.0,88.0,0.261976210570102,2.0,69.0,0.5101649536004602,5.0,39.0,0.239692646268474
632.0,22.0,135.0,1.8493150684931507,6.22681293696974,73.0,871.0,11.931506849315069,93.0,1.273972602739726,17.0,276.0,80.0,2.3704343433448405,9.2,9.2,30.0,3.0,101.0,0.2643239291031444,6.0,83.0,0.2532210431102846,8.0,92.0,6.487021324659507e-05
640.0,12.0,98.0,1.3243243243243243,6.66355430885725,74.0,887.0,11.986486486486486,16.0,0.2162162162162162,7.0,158.0,0.0,4.196768694925315,6.583333333333333,6.583333333333333,24.0,5.0,68.0,0.3612121376012832,2.0,41.0,0.2270467080953185,0.0,49.0,0.3628401530594541
648.0,16.0,120.0,1.6901408450704225,6.990026466884973,71.0,855.0,12.04225352112676,0.0,0.0,12.0,204.0,46.0,4.061511771057219,8.869565217391305,8.869565217391305,23.0,8.0,116.0,0.0339945008910692,4.0,85.0,0.2841367769253714,0.0,3.0,0.918297376828306
656.0,15.0,197.0,2.897058823529412,7.485399700999742,68.0,824.0,12.117647058823527,0.0,0.0,11.0,221.0,17.0,3.142767371846312,11.05,11.05,20.0,9.0,185.0,0.0519465579618332,1.0,29.0,0.3837837969396316,1.0,7.0,0.4784992826874276
664.0,20.0,315.0,4.436619718309859,7.611101126428053,71.0,914.0,12.873239436619718,90.0,1.267605633802817,11.0,288.0,67.0,5.004103440131397,13.090909090909092,13.090909090909092,22.0,9.0,255.0,0.2318284852720034,2.0,26.0,0.4620799905871109,0.0,7.0,0.9902975812418316
672.0,11.0,115.0,1.7164179104477613,7.1959516762293365,67.0,920.0,13.73134328358209,6.0,0.0895522388059701,4.0,202.0,0.0,5.765162413870887,8.08,8.08,25.0,1.0,134.0,0.2941525304537195,3.0,62.0,0.4861622452345664,0.0,6.0,0.6516207092292139
680.0,18.0,214.0,3.147058823529412,6.555460662539041,68.0,993.0,14.602941176470589,73.0,1.0735294117647058,7.0,148.0,0.0,4.909876496383185,5.481481481481482,5.481481481481482,27.0,3.0,94.0,0.3412426328505591,3.0,43.0,0.3591176547510098,1.0,11.0,0.5097242772504909
688.0,17.0,257.0,3.724637681159421,7.135632520084595,69.0,989.0,14.333333333333334,0.0,0.0,8.0,165.0,17.0,2.612428681693733,10.3125,10.3125,16.0,3.0,91.0,3.038474482937804e-05,5.0,74.0,0.1434434572407695,0.0,0.0,0.6224337360607002
696.0,13.0,138.0,2.0294117647058822,7.92414314396524,68.0,978.0,14.382352941176473,0.0,0.0,12.0,337.0,172.0,4.7130134672567,14.041666666666666,14.041666666666666,24.0,3.0,173.0,0.4026814780216399,9.0,164.0,0.2698861925168342,0.0,0.0,0.8920475975001954
704.0,16.0,210.0,3.1818181818181817,7.440163195535524,66.0,903.0,13.681818181818182,0.0,0.0,10.0,260.0,0.0,4.1007969708632,13.0,13.0,20.0,4.0,126.0,0.1386265206969748,5.0,131.0,0.3619536584578269,1.0,3.0,0.7282541632933777
712.0,8.0,47.0,0.7230769230769231,7.551183043000825,65.0,903.0,13.892307692307693,0.0,0.0,4.0,99.0,0.0,4.46424531768762,5.823529411764706,5.823529411764706,17.0,2.0,11.0,0.2728875723816486,1.0,71.0,0.4551529571842849,1.0,17.0,0.2452407931561731
720.0,11.0,52.0,0.8125,8.004485329884838,64.0,853.0,13.328125,0.0,0.0,7.0,64.0,0.0,4.671883832020968,3.3684210526315788,3.3684210526315788,19.0,2.0,3.0,0.193257137578186,5.0,61.0,0.3311659109733428,0.0,0.0,0.7549679596744475
728.0,8.0,72.0,1.2203389830508475,8.67894421506002,59.0,647.0,10.966101694915254,0.0,0.0,3.0,171.0,107.0,8.2302818714008,9.5,9.5,18.0,3.0,21.0,0.0,0.0,147.0,0.8249292788520123,0.0,3.0,0.692812985572618
736.0,6.0,41.0,0.7192982456140351,9.4226313572514,57.0,622.0,10.912280701754383,0.0,0.0,4.0,19.0,0.0,5.9334491546920445,1.7272727272727273,1.7272727272727273,11.0,0.0,4.0,0.6476949254387334,3.0,8.0,0.4768258751057413,1.0,7.0,0.0
744.0,8.0,53.0,0.8983050847457628,9.118429278996723,59.0,562.0,9.52542372881356,0.0,0.0,7.0,83.0,64.0,6.286268980415278,5.533333333333333,5.533333333333333,15.0,1.0,2.0,0.1944818909410481,5.0,59.0,0.4346535782962298,1.0,22.0,0.652740844150851
752.0,12.0,60.0,1.1320754716981132,7.745312746102792,53.0,460.0,8.679245283018869,0.0,0.0,9.0,123.0,40.0,5.907947166919648,5.857142857142857,5.857142857142857,21.0,2.0,13.0,0.5135866295880697,7.0,110.0,0.2501244325487424,0.0,0.0,0.961659523313681
760.0,15.0,124.0,2.3846153846153846,7.665523068689865,52.0,472.0,9.076923076923077,12.0,0.2307692307692307,14.0,206.0,83.0,4.504724451537065,8.583333333333334,8.583333333333334,24.0,3.0,25.0,0.5445471343346557,11.0,181.0,0.0815880958209562,0.0,0.0,0.904459729655607
768.0,6.0,89.0,1.7450980392156863,8.002908891327442,51.0,464.0,9.098039215686274,0.0,0.0,5.0,166.0,0.0,4.228621560839976,10.375,10.375,16.0,0.0,6.0,0.470398879558854,5.0,160.0,0.0913775809883137,0.0,0.0,0.8851884930328122
776.0,8.0,14.0,0.2545454545454545,7.384855199812864,55.0,426.0,7.745454545454545,0.0,0.0,6.0,98.0,0.0,3.338726877759258,4.9,4.9,20.0,2.0,8.0,0.1057852374335435,2.0,88.0,0.2419889809943057,2.0,2.0,0.4449165256609375
784.0,8.0,56.0,1.0769230769230769,7.984619168150862,52.0,376.0,7.230769230769231,0.0,0.0,7.0,102.0,4.0,6.140684909267048,4.857142857142857,4.857142857142857,21.0,1.0,9.0,0.5164938978904583,5.0,79.0,0.3876874359109158,1.0,14.0,0.7802863953640657
792.0,7.0,41.0,0.82,7.689196132230995,50.0,315.0,6.3,0.0,0.0,5.0,47.0,0.0,4.127426048508721,2.764705882352941,2.764705882352941,17.0,2.0,10.0,0.2895263659025852,1.0,19.0,0.2621649216285931,2.0,18.0,0.5826270069763739
800.0,6.0,60.0,1.2244897959183674,8.207765662402736,49.0,364.0,7.428571428571429,49.0,1.0,4.0,50.0,3.0,4.448875590489519,2.7777777777777777,2.7777777777777777,18.0,0.0,5.0,0.6612336711195399,2.0,15.0,0.3263065679420227,2.0,30.0,0.3172801933903178
808.0,8.0,67.0,1.2181818181818185,8.60894094694546,55.0,400.0,7.272727272727272,36.0,0.6545454545454545,7.0,74.0,24.0,4.464331013421132,4.625,4.625,16.0,1.0,7.0,0.4211982094668917,0.0,2.0,0.927782633196894,6.0,65.0,0.1639021514022441
816.0,11.0,131.0,2.2203389830508478,8.77447766759066,59.0,403.0,6.830508474576271,3.0,0.0508474576271186,9.0,153.0,79.0,6.183906129830306,6.652173913043479,6.652173913043479,23.0,2.0,12.0,0.5630276365944893,1.0,25.0,0.724063756722906,6.0,116.0,0.3254216233464616
824.0,8.0,49.0,0.8448275862068966,8.30707828469068,58.0,411.0,7.086206896551724,8.0,0.1379310344827586,6.0,137.0,0.0,5.298647260858563,6.523809523809524,6.523809523809524,21.0,1.0,3.0,0.3215408402400863,2.0,38.0,0.4429562610835841,3.0,96.0,0.5423629822178808
832.0,15.0,69.0,1.1694915254237288,7.20321112285035,59.0,433.0,7.338983050847458,22.0,0.3728813559322034,13.0,189.0,52.0,3.086354410310167,7.269230769230769,7.269230769230769,26.0,2.0,4.0,0.4501721450274668,5.0,64.0,0.2564077967582534,6.0,121.0,0.1255568914168618
840.0,20.0,129.0,2.1864406779661016,6.009166116915934,59.0,513.0,8.694915254237289,80.0,1.3559322033898304,15.0,216.0,27.0,1.7678411652256656,9.818181818181818,9.818181818181818,22.0,3.0,8.0,0.0004384550653347,0.0,4.0,0.2976405853337253,12.0,204.0,0.1003606302440663
848.0,19.0,199.0,2.970149253731343,5.9807044785586845,67.0,635.0,9.477611940298509,122.0,1.82089552238806,15.0,287.0,71.0,3.3607617554090945,9.566666666666666,9.566666666666666,30.0,2.0,28.0,0.4050606977813749,5.0,43.0,0.2300056332193485,8.0,216.0,0.2607645864585659
856.0,7.0,11.0,0.1571428571428571,7.654946374683628,70.0,698.0,9.971428571428572,63.0,0.9,4.0,212.0,0.0,5.612578343180324,10.095238095238097,10.095238095238097,21.0,1.0,23.0,0.5474672665525095,0.0,19.0,0.641330388530572,3.0,170.0,0.3353376796925951
864.0,13.0,65.0,0.9558823529411764,8.251483518276508,68.0,693.0,10.191176470588236,0.0,0.0,11.0,206.0,0.0,3.282811025168608,12.875,12.875,16.0,2.0,21.0,0.2648747272955828,3.0,28.0,0.3817219173591007,6.0,157.0,0.1386705013684272
872.0,10.0,56.0,0.8,7.372375351010784,70.0,730.0,10.428571428571429,37.0,0.5285714285714286,5.0,109.0,0.0,4.055030144350076,6.055555555555555,6.055555555555555,18.0,2.0,6.0,0.1497637002719395,1.0,5.0,0.617939332247199,2.0,98.0,0.1504880968171866
880.0,7.0,54.0,0.8059701492537313,7.9820092721511156,67.0,692.0,10.328358208955224,0.0,0.0,4.0,129.0,20.0,7.042719968854408,6.45,6.45,20.0,1.0,11.0,0.647315024981214,1.0,10.0,0.6276538313272995,2.0,108.0,0.3001167467437402
888.0,12.0,45.0,0.6923076923076923,8.397748599651385,65.0,603.0,9.276923076923078,0.0,0.0,6.0,111.0,0.0,4.68231663019488,6.166666666666667,6.166666666666667,18.0,2.0,16.0,0.0710044667824372,4.0,44.0,0.3371972819270329,0.0,51.0,0.6214410255220372
896.0,10.0,80.0,1.25,7.923132826757629,64.0,631.0,9.859375,28.0,0.4375,7.0,167.0,56.0,5.61323159335604,7.952380952380952,7.952380952380952,21.0,0.0,10.0,0.7124768397715339,4.0,100.0,0.3244409966057015,3.0,57.0,0.243209591179721
904.0,11.0,89.0,1.435483870967742,7.811997500468062,62.0,633.0,10.209677419354838,2.0,0.032258064516129,5.0,61.0,0.0,6.69069626214466,3.210526315789474,3.210526315789474,19.0,3.0,12.0,0.3358258910340899,1.0,46.0,0.5836945053856716,1.0,3.0,0.6063554165510253
912.0,15.0,87.0,1.359375,7.621777680332671,64.0,653.0,10.203125,20.0,0.3125,12.0,151.0,90.0,2.6445283453825987,7.190476190476191,7.190476190476191,21.0,6.0,89.0,0.1198961297880533,6.0,62.0,0.2390412489271543,0.0,0.0,0.3669228655363546
920.0,16.0,139.0,1.904109589041096,7.41356040766882,73.0,699.0,9.575342465753424,46.0,0.6301369863013698,9.0,170.0,19.0,5.3320112574132,6.8,6.8,25.0,0.0,44.0,0.5807982157501821,9.0,123.0,0.2156843671887228,0.0,3.0,0.9016617992232704
928.0,7.0,8.0,0.0987654320987654,8.551746999132787,81.0,737.0,9.098765432098766,38.0,0.4691358024691358,3.0,86.0,0.0,6.522368716864837,2.8666666666666667,2.8666666666666667,30.0,1.0,12.0,0.6092729124057868,0.0,69.0,0.4751520436070294,2.0,5.0,0.5560072299843498
936.0,19.0,75.0,0.9375,7.927617080054065,80.0,731.0,9.1375,0.0,0.0,18.0,238.0,152.0,3.0888959820569637,7.67741935483871,7.67741935483871,31.0,4.0,46.0,0.3574445263557855,11.0,169.0,0.1349534566747737,3.0,23.0,0.3815714706608876
944.0,7.0,15.0,0.1875,8.024071969240492,80.0,757.0,9.4625,26.0,0.325,4.0,198.0,0.0,4.918546489893161,7.333333333333333,7.333333333333333,27.0,2.0,26.0,0.3288010528137486,2.0,169.0,0.3218132458766355,0.0,3.0,0.7139770948591382
952.0,8.0,36.0,0.45,9.050011787128142,80.0,712.0,8.9,0.0,0.0,5.0,156.0,0.0,5.756187723727736,7.090909090909091,7.090909090909091,22.0,4.0,45.0,0.2725526108280127,1.0,108.0,0.5882128824830903,0.0,3.0,0.5815350169229309
960.0,14.0,68.0,0.8831168831168831,7.96647356117402,77.0,712.0,9.246753246753247,0.0,0.0,8.0,127.0,0.0,5.480590171802433,6.047619047619048,6.047619047619048,21.0,2.0,12.0,0.2937218482828476,4.0,93.0,0.4956580088291836,2.0,22.0,0.5173116781120467
968.0,18.0,121.0,1.5921052631578947,7.769659893530707,76.0,728.0,9.578947368421051,16.0,0.2105263157894736,13.0,183.0,56.0,3.538247144220222,8.318181818181818,8.318181818181818,22.0,2.0,25.0,0.2536636141098856,11.0,155.0,0.1953807323305648,0.0,3.0,0.7527806396392684
976.0,5.0,30.0,0.4166666666666667,8.234904812057268,72.0,648.0,9.0,0.0,0.0,4.0,147.0,0.0,4.768848676339938,7.35,7.35,20.0,0.0,38.0,0.5955627311033865,2.0,97.0,0.2594366436889857,2.0,12.0,0.3052406548312312
984.0,16.0,59.0,0.8194444444444444,7.337606873206293,72.0,629.0,8.73611111111111,0.0,0.0,14.0,182.0,35.0,2.513455547531821,6.275862068965517,6.275862068965517,29.0,4.0,27.0,0.2513730329000666,8.0,127.0,0.1786177802234746,2.0,28.0,0.0
992.0,9.0,75.0,1.1363636363636365,7.285254810181318,66.0,600.0,9.090909090909092,0.0,0.0,8.0,135.0,0.0,3.525837588963724,4.821428571428571,4.821428571428571,28.0,5.0,31.0,0.267880360104244,1.0,57.0,0.255594172020832,2.0,47.0,0.4734142788254845
1000.0,6.0,72.0,1.1612903225806452,9.355376228214675,62.0,541.0,8.725806451612904,0.0,0.0,5.0,105.0,0.0,7.123702358100857,5.25,5.25,20.0,2.0,27.0,0.5166863089028513,0.0,14.0,0.7864847779934482,3.0,64.0,0.3232685257886426
1008.0,11.0,43.0,0.6142857142857143,7.293367737895043,70.0,589.0,8.414285714285715,48.0,0.6857142857142857,11.0,102.0,0.0,2.3612150714253715,5.368421052631579,5.368421052631579,19.0,4.0,23.0,0.1318220250124616,5.0,59.0,0.1111909394740705,2.0,20.0,0.3249395040855194
1016.0,9.0,49.0,0.6363636363636364,7.721532154189145,77.0,667.0,8.662337662337663,78.0,1.0129870129870129,7.0,89.0,0.0,5.8220137346185,3.56,3.56,25.0,3.0,19.0,0.4831316830573049,0.0,30.0,0.5504517016940315,4.0,40.0,0.4008741151995217
1024.0,12.0,86.0,1.1466666666666667,7.488397698080816,75.0,613.0,8.173333333333334,0.0,0.0,9.0,95.0,6.0,4.000426052401448,4.75,4.75,20.0,3.0,20.0,0.2501773672348261,0.0,7.0,0.9271955455580612,6.0,68.0,0.104559207226888
1032.0,11.0,32.0,0.4266666666666667,7.927856183730346,75.0,605.0,8.066666666666666,0.0,0.0,7.0,58.0,0.0,4.200468164154501,3.2222222222222223,3.2222222222222223,18.0,5.0,36.0,0.0870624740893273,2.0,13.0,0.5654214965886171,0.0,9.0,0.6630956693641881
1040.0,15.0,96.0,1.3333333333333333,8.502725953307325,72.0,526.0,7.305555555555555,0.0,0.0,7.0,98.0,40.0,5.580757841595431,5.157894736842105,5.157894736842105,19.0,6.0,83.0,0.221819030942781,1.0,15.0,0.7557377244782683,0.0,0.0,0.5159586830266978
1048.0,17.0,198.0,2.869565217391304,7.146726689025756,69.0,522.0,7.565217391304348,0.0,0.0,8.0,150.0,52.0,5.196130261533821,6.818181818181818,6.818181818181818,22.0,5.0,110.0,0.1699718591403964,3.0,40.0,0.4192053655448726,0.0,0.0,0.7066279521173774
1056.0,17.0,184.0,2.628571428571429,7.126204981856061,70.0,613.0,8.757142857142858,91.0,1.3,8.0,145.0,0.0,5.504957835334017,6.041666666666667,6.041666666666667,24.0,1.0,57.0,0.3869316572386417,5.0,76.0,0.3504262793642086,2.0,12.0,0.5098075004450998
1064.0,13.0,126.0,1.8529411764705883,7.013584723605702,68.0,662.0,9.735294117647058,49.0,0.7205882352941176,6.0,93.0,0.0,4.785236369360252,5.166666666666667,5.166666666666667,18.0,2.0,42.0,0.0,4.0,51.0,0.253851396702294,0.0,0.0,0.8801067639090727
1072.0,19.0,215.0,3.1159420289855078,7.034214381081585,69.0,728.0,10.55072463768116,66.0,0.9565217391304348,10.0,143.0,50.0,2.7311625350176487,7.15,7.15,20.0,0.0,3.0,0.2844834763846916,8.0,135.0,0.1748319845372244,2.0,5.0,0.3478413136257792
1080.0,10.0,216.0,3.375,7.739388726030324,64.0,835.0,13.046875,107.0,1.671875,0.0,125.0,0.0,6.994642305784846,6.944444444444445,6.944444444444445,18.0,0.0,3.0,0.7293963239763211,0.0,122.0,0.4269363105330924,0.0,0.0,0.7168117561231814
1088.0,21.0,331.0,4.940298507462686,6.942444307139046,67.0,894.0,13.343283582089551,59.0,0.8805970149253731,8.0,109.0,0.0,5.274343460545274,4.954545454545454,4.954545454545454,22.0,2.0,7.0,0.3089452718185948,4.0,94.0,0.4005051402713497,2.0,8.0,0.559946891008578
1096.0,10.0,261.0,3.838235294117647,6.351893986543366,68.0,926.0,13.617647058823527,32.0,0.4705882352941176,4.0,121.0,12.0,3.880727005504173,5.5,5.5,22.0,2.0,36.0,0.3282482348332222,1.0,78.0,0.2386026364787298,1.0,7.0,0.5246911830533946
1104.0,14.0,261.0,3.48,7.147446086646742,75.0,959.0,12.786666666666669,33.0,0.44,7.0,146.0,25.0,4.88711994968564,5.407407407407407,5.407407407407407,27.0,1.0,38.0,0.6146546988250015,6.0,102.0,0.281255402397473,0.0,6.0,0.531083829378625
1112.0,7.0,27.0,0.3698630136986301,7.623175956852068,73.0,913.0,12.506849315068491,0.0,0.0,6.0,206.0,60.0,3.655049203381434,8.24,8.24,25.0,5.0,116.0,0.143157160912626,1.0,85.0,0.23577372872579,0.0,5.0,0.9336209321148292
1120.0,10.0,62.0,0.9253731343283582,8.217871208814795,67.0,819.0,12.223880597014926,0.0,0.0,7.0,213.0,7.0,5.197889452862921,9.26086956521739,9.26086956521739,23.0,0.0,56.0,0.6822930295920019,6.0,147.0,0.2875221926977406,1.0,10.0,0.4010079934192446
1128.0,18.0,168.0,2.5454545454545454,7.0746822445735065,66.0,847.0,12.833333333333334,28.0,0.4242424242424242,15.0,294.0,81.0,2.2707034108440585,12.25,12.25,24.0,3.0,68.0,0.156461037357363,9.0,198.0,0.1111142728091987,3.0,28.0,0.3360406528792791
1136.0,14.0,93.0,1.4761904761904765,7.136845514936894,63.0,783.0,12.428571428571429,0.0,0.0,11.0,274.0,0.0,4.323552562612877,10.538461538461538,10.538461538461538,26.0,3.0,27.0,0.3719973247560228,5.0,188.0,0.241554995181821,3.0,59.0,0.4587652595610879
1144.0,6.0,34.0,0.576271186440678,7.719377719071257,59.0,726.0,12.305084745762713,0.0,0.0,4.0,158.0,0.0,3.9049471592023486,8.31578947368421,8.31578947368421,19.0,2.0,8.0,0.2217886679910516,2.0,141.0,0.3498227652765587,0.0,9.0,0.324593320350146
1152.0,14.0,93.0,1.524590163934426,7.442199321067586,61.0,723.0,11.852459016393444,0.0,0.0,12.0,166.0,8.0,2.2019317570171646,7.904761904761905,7.904761904761905,21.0,4.0,35.0,0.0168465765679895,5.0,111.0,0.2203271884585715,3.0,20.0,0.2990119096844991
1160.0,12.0,143.0,2.508771929824561,7.741778990755592,57.0,739.0,12.964912280701755,16.0,0.2807017543859649,10.0,212.0,46.0,3.828901325646056,10.095238095238097,10.095238095238097,21.0,3.0,37.0,0.2761164201850154,7.0,158.0,0.113717481447864,0.0,17.0,0.6125262921457771
1168.0,11.0,78.0,1.3448275862068966,7.847377144049931,58.0,703.0,12.120689655172416,0.0,0.0,7.0,122.0,0.0,6.548155634407093,6.1,6.1,20.0,6.0,71.0,0.2715587953547709,0.0,42.0,0.6351623423090118,1.0,9.0,0.6045438389040454
1176.0,8.0,48.0,0.7741935483870968,8.74957393947775,62.0,725.0,11.693548387096774,22.0,0.3548387096774194,6.0,83.0,0.0,5.748946173251911,5.533333333333333,5.533333333333333,15.0,1.0,14.0,0.5928637151508097,4.0,56.0,0.1655562572074837,1.0,13.0,0.4822377731372245
1184.0,6.0,55.0,0.8461538461538461,8.066393286841391,65.0,606.0,9.323076923076924,0.0,0.0,3.0,40.0,0.0,5.677712925549755,2.6666666666666665,2.6666666666666665,15.0,2.0,17.0,0.4540211592563468,0.0,20.0,0.3393827900963263,1.0,3.0,0.5404115229694405
1192.0,7.0,81.0,1.35,9.67911068956647,60.0,531.0,8.85,0.0,0.0,1.0,8.0,0.0,8.48309675989885,0.7272727272727273,0.7272727272727273,11.0,1.0,4.0,0.4813418667225356,0.0,0.0,0.8136495242054401,0.0,4.0,0.8524852478740498
1200.0,12.0,130.0,2.280701754385965,7.905331537049683,57.0,345.0,6.052631578947368,0.0,0.0,4.0,21.0,13.0,6.645605612257004,1.3125,1.3125,16.0,2.0,2.0,0.1977140218623015,0.0,9.0,0.8092814589934922,2.0,10.0,0.4680291583549603
1208.0,11.0,36.0,0.5714285714285714,7.673517241724425,63.0,408.0,6.476190476190476,63.0,1.0,6.0,36.0,15.0,6.571006184053419,2.0,2.0,18.0,3.0,11.0,0.4205659325213782,2.0,22.0,0.569706985472758,1.0,3.0,0.579585690605858
1216.0,7.0,26.0,0.3823529411764705,8.6196882536569,68.0,408.0,6.0,0.0,0.0,4.0,122.0,86.0,5.273271052597483,5.809523809523809,5.809523809523809,21.0,1.0,59.0,0.4164357010266965,2.0,52.0,0.4548482731606753,1.0,11.0,0.5640406630168343
1224.0,13.0,82.0,1.28125,8.633678758673366,64.0,427.0,6.671875,19.0,0.296875,12.0,149.0,27.0,5.304292823602766,6.208333333333333,6.208333333333333,24.0,3.0,13.0,0.3994526305054567,8.0,135.0,0.3030723576471002,1.0,1.0,0.7559941821903584
1232.0,8.0,52.0,0.7878787878787878,7.858992154389132,66.0,454.0,6.878787878787879,27.0,0.4090909090909091,4.0,68.0,0.0,5.724762484162042,3.4,3.4,20.0,3.0,13.0,0.092322772885126,0.0,45.0,0.6520537432013107,1.0,10.0,0.5381110100754279
1240.0,10.0,41.0,0.6212121212121212,8.251764990958208,66.0,475.0,7.196969696969697,21.0,0.3181818181818182,5.0,134.0,66.0,6.033005746586592,6.380952380952381,6.380952380952381,21.0,1.0,35.0,0.3517095090046645,2.0,56.0,0.4677957701088314,2.0,43.0,0.6095164722099733
1248.0,11.0,69.0,1.0298507462686568,8.03551380433902,67.0,522.0,7.791044776119403,47.0,0.7014925373134329,10.0,157.0,23.0,3.728346150540424,7.136363636363637,7.136363636363637,22.0,2.0,17.0,0.3581332829160782,6.0,109.0,0.1386891695195701,2.0,31.0,0.4156791571266671
1256.0,9.0,50.0,0.746268656716418,8.034668080291683,67.0,516.0,7.701492537313433,0.0,0.0,4.0,81.0,0.0,5.191435009996477,4.5,4.5,18.0,3.0,22.0,0.0028314423327907,0.0,51.0,0.4800899258569965,1.0,8.0,0.5087233087043384
1264.0,18.0,139.0,2.106060606060606,8.098894332262052,66.0,570.0,8.636363636363637,54.0,0.8181818181818182,13.0,153.0,72.0,3.4564022195684965,7.285714285714286,7.285714285714286,21.0,4.0,47.0,0.1629866689011323,8.0,92.0,0.2042726286035188,1.0,14.0,0.6258185407205904
1272.0,18.0,214.0,3.194029850746269,6.437982157323803,67.0,554.0,8.26865671641791,0.0,0.0,10.0,157.0,4.0,3.471534807244268,7.136363636363637,7.136363636363637,22.0,7.0,89.0,0.1244183570579546,2.0,42.0,0.3036907771117293,1.0,26.0,0.4071970984013669
1280.0,7.0,27.0,0.391304347826087,8.202221780154812,69.0,536.0,7.768115942028985,0.0,0.0,6.0,81.0,0.0,5.402575732125295,4.05,4.05,20.0,2.0,49.0,0.4023166274195559,4.0,32.0,0.3273839010013022,0.0,0.0,0.8093853568450624
1288.0,14.0,60.0,0.8695652173913043,8.000136301452839,69.0,539.0,7.811594202898551,3.0,0.0434782608695652,7.0,136.0,55.0,5.048414361494692,6.181818181818182,6.181818181818182,22.0,5.0,80.0,0.3928969413686453,2.0,56.0,0.4143700497756497,0.0,0.0,0.9976246652727504
1296.0,14.0,71.0,1.0,6.946114345462084,71.0,573.0,8.070422535211268,34.0,0.4788732394366197,7.0,225.0,89.0,5.074992615144757,9.0,9.0,25.0,5.0,107.0,0.3094637387620367,2.0,112.0,0.4267632241116753,0.0,6.0,0.9277779099591716
1304.0,18.0,107.0,1.5285714285714285,6.688283192218968,70.0,656.0,9.371428571428572,83.0,1.1857142857142855,11.0,211.0,0.0,4.606778541374801,7.275862068965517,7.275862068965517,29.0,7.0,133.0,0.1310765665930945,4.0,78.0,0.4250088979843731,0.0,0.0,0.7826921830141821
1312.0,15.0,83.0,1.2769230769230768,5.916050320110564,65.0,650.0,10.0,0.0,0.0,9.0,154.0,0.0,3.8767611244889215,5.703703703703703,5.703703703703703,27.0,2.0,92.0,0.4256904179212202,5.0,58.0,0.2349359192033974,2.0,4.0,0.1285680481574588
1320.0,25.0,203.0,2.9420289855072466,5.870003862484802,69.0,803.0,11.63768115942029,153.0,2.217391304347826,14.0,216.0,62.0,2.215042623554484,8.0,8.0,27.0,7.0,115.0,0.171970802204115,4.0,75.0,0.218631742465679,3.0,26.0,0.0
1328.0,18.0,206.0,2.942857142857143,6.636164577384813,70.0,859.0,12.271428571428572,56.0,0.8,11.0,202.0,0.0,4.200632450811827,7.481481481481482,7.481481481481482,27.0,4.0,88.0,0.3550577826341861,3.0,64.0,0.3668160413448598,4.0,50.0,0.1011226831234876
1336.0,24.0,169.0,2.283783783783784,5.839424299591548,74.0,947.0,12.797297297297296,88.0,1.1891891891891893,18.0,223.0,21.0,1.4533322534882218,8.576923076923077,8.576923076923077,26.0,7.0,72.0,0.0967580825458697,8.0,77.0,0.0090257912205908,3.0,74.0,0.3986456805998286
1344.0,11.0,67.0,0.9710144927536232,7.124136855241418,69.0,932.0,13.507246376811594,0.0,0.0,7.0,182.0,0.0,3.642966334617656,10.11111111111111,10.11111111111111,18.0,5.0,93.0,0.2380202658690454,2.0,89.0,0.3348390108680002,0.0,0.0,0.1714888450363363
1352.0,10.0,93.0,1.3098591549295775,7.787632719333012,71.0,953.0,13.422535211267606,21.0,0.2957746478873239,5.0,137.0,0.0,5.7021157088309735,8.5625,8.5625,16.0,3.0,102.0,0.2256113860845348,2.0,31.0,0.4914111805884114,0.0,4.0,0.9312683218149423
1360.0,23.0,221.0,3.2028985507246377,6.962328565044102,69.0,916.0,13.27536231884058,0.0,0.0,12.0,247.0,110.0,4.989133568649896,9.5,9.5,26.0,6.0,166.0,0.2091355007738744,6.0,74.0,0.3701391701609929,0.0,7.0,0.7553514099418756
1368.0,20.0,160.0,2.2857142857142856,6.664505938704706,70.0,890.0,12.714285714285714,0.0,0.0,15.0,268.0,21.0,2.8531184683387742,11.652173913043478,11.652173913043478,23.0,6.0,197.0,0.2510598802539032,7.0,64.0,0.0471637853044817,2.0,7.0,0.4545492581233756
1376.0,13.0,55.0,0.7534246575342466,7.657532719668455,73.0,971.0,13.3013698630137,81.0,1.1095890410958904,9.0,226.0,0.0,3.981036717857517,9.826086956521738,9.826086956521738,23.0,2.0,133.0,0.3600454950025864,2.0,59.0,0.3316929778617235,5.0,34.0,0.172064561937126
1384.0,22.0,140.0,1.8421052631578947,6.977907579065253,76.0,983.0,12.93421052631579,12.0,0.1578947368421052,16.0,323.0,97.0,4.2011190375584215,10.09375,10.09375,32.0,5.0,136.0,0.1620828745881588,4.0,100.0,0.4655031054754394,7.0,87.0,0.2275153597155673
1392.0,16.0,137.0,1.8513513513513515,6.988492587208609,74.0,1002.0,13.54054054054054,19.0,0.2567567567567567,7.0,244.0,0.0,5.14993098082688,9.384615384615383,9.384615384615383,26.0,6.0,186.0,0.3447816281781949,1.0,52.0,0.4212755161512142,0.0,6.0,0.54462757729647
1400.0,18.0,155.0,2.039473684210526,7.779544116040232,76.0,1040.0,13.68421052631579,38.0,0.5,10.0,135.0,0.0,4.378190370243878,5.869565217391305,5.869565217391305,23.0,2.0,55.0,0.3458456479831593,8.0,76.0,0.0967590011226116,0.0,4.0,0.8849434173064086
1408.0,14.0,174.0,2.636363636363636,7.426987144227603,66.0,880.0,13.333333333333334,0.0,0.0,6.0,91.0,0.0,5.179062223701741,5.352941176470588,5.352941176470588,17.0,4.0,62.0,0.2030723560210059,1.0,28.0,0.5094309219300531,1.0,1.0,0.5686884534953678
1432.0,17.0,119.0,1.9193548387096773,7.271232674993363,62.0,922.0,14.870967741935484,0.0,0.0,5.0,87.0,0.0,5.032323304610198,5.8,5.8,15.0,1.0,65.0,0.2250626307234803,1.0,14.0,0.6279094700790181,3.0,8.0,0.2871937303620209
1440.0,14.0,138.0,2.123076923076923,6.793872679414051,65.0,947.0,14.569230769230767,25.0,0.3846153846153846,5.0,71.0,0.0,3.926171109665788,4.4375,4.4375,16.0,3.0,53.0,0.1610377022265309,2.0,15.0,0.2883377389702029,0.0,3.0,0.8964369969732233
1448.0,12.0,208.0,3.4098360655737703,8.16720088397877,61.0,906.0,14.852459016393444,0.0,0.0,6.0,89.0,18.0,6.11420147375965,5.235294117647059,5.235294117647059,17.0,6.0,88.0,0.2625731933083544,0.0,1.0,0.8489782281547583,0.0,0.0,0.3105407893429163
1456.0,16.0,125.0,2.1186440677966103,6.67217751940217,59.0,860.0,14.576271186440678,0.0,0.0,12.0,260.0,171.0,3.406394293239442,11.304347826086955,11.304347826086955,23.0,8.0,147.0,0.1262902136628103,4.0,110.0,0.2638532615143583,0.0,3.0,0.7059509017225514
1464.0,11.0,67.0,1.1754385964912282,6.845631039135218,57.0,825.0,14.473684210526317,0.0,0.0,4.0,102.0,0.0,5.944448229052494,5.666666666666667,5.666666666666667,18.0,2.0,68.0,0.349686956289208,2.0,31.0,0.3801961241103292,0.0,3.0,0.7475276773972214
1472.0,11.0,74.0,1.2758620689655171,7.193423439025439,58.0,853.0,14.70689655172414,28.0,0.4827586206896552,9.0,120.0,18.0,3.4360248070723496,6.666666666666667,6.666666666666667,18.0,3.0,68.0,0.1587926314149073,4.0,40.0,0.3822802063839857,2.0,12.0,0.2861348671162896
1480.0,12.0,98.0,1.849056603773585,7.261520557691459,53.0,834.0,15.735849056603774,0.0,0.0,6.0,214.0,94.0,3.997482288098264,13.375,13.375,16.0,5.0,102.0,0.1655261063486107,0.0,104.0,0.3771505122237064,1.0,8.0,0.4218082899544345
1488.0,11.0,89.0,1.7450980392156863,7.609139818138945,51.0,885.0,17.352941176470587,51.0,1.0,6.0,131.0,0.0,4.8157087819001925,10.916666666666666,10.916666666666666,12.0,3.0,17.0,0.0001806414495302,1.0,95.0,0.5583892295267797,2.0,19.0,0.3991169102938404
1496.0,6.0,28.0,0.5,8.218351619575932,56.0,896.0,16.0,11.0,0.1964285714285714,5.0,259.0,128.0,3.790790889587221,19.923076923076923,19.923076923076923,13.0,0.0,43.0,0.9453941522974236,2.0,196.0,0.2425686347006911,3.0,20.0,0.320357674803419
1504.0,10.0,59.0,1.0925925925925926,8.201597027581366,54.0,790.0,14.62962962962963,0.0,0.0,5.0,322.0,63.0,5.340552002796511,21.466666666666665,21.466666666666665,15.0,0.0,0.0,0.6240827772881582,5.0,322.0,0.2186402826742613,0.0,0.0,0.7622214146508752
1512.0,2.0,2.0,0.037037037037037,8.97721570261893,54.0,623.0,11.537037037037036,0.0,0.0,1.0,109.0,0.0,5.914248661470756,8.384615384615385,8.384615384615385,13.0,0.0,0.0,0.4551647863797504,0.0,107.0,0.4071943583249224,1.0,2.0,0.6018636130460374
1520.0,16.0,64.0,1.1228070175438596,6.861506529767055,57.0,561.0,9.842105263157896,0.0,0.0,11.0,246.0,137.0,4.989175109556341,10.695652173913045,10.695652173913045,23.0,0.0,0.0,0.9210651795870456,6.0,217.0,0.3651976211196225,5.0,29.0,0.367103459053652
1528.0,20.0,156.0,2.5161290322580645,6.032602104467522,62.0,703.0,11.338709677419354,142.0,2.290322580645161,15.0,319.0,73.0,4.035616636299815,10.290322580645162,10.290322580645162,31.0,3.0,8.0,0.194763229168411,9.0,269.0,0.3222901163917875,3.0,42.0,0.4429569994106149
1536.0,13.0,119.0,1.9193548387096773,6.961195637558466,62.0,767.0,12.370967741935484,64.0,1.032258064516129,6.0,74.0,0.0,4.629636440875665,3.217391304347826,3.217391304347826,23.0,1.0,7.0,0.6594350222257005,2.0,47.0,0.3567843919467178,3.0,20.0,0.1370337932819993
1544.0,14.0,78.0,1.181818181818182,6.668815125696063,66.0,664.0,10.06060606060606,0.0,0.0,13.0,145.0,71.0,3.4428727390898404,5.8,5.8,25.0,1.0,8.0,0.3610341474769005,7.0,85.0,0.2921017810163813,5.0,52.0,0.1586014670403158
1552.0,13.0,61.0,0.9104477611940298,6.737230345901143,67.0,703.0,10.492537313432836,39.0,0.582089552238806,5.0,166.0,21.0,4.4254343019951365,7.904761904761905,7.904761904761905,21.0,1.0,4.0,0.4308734860434773,4.0,128.0,0.2265537409462262,0.0,34.0,0.5569805051589041
1560.0,24.0,201.0,2.9558823529411766,7.171325179375017,68.0,695.0,10.220588235294118,0.0,0.0,10.0,186.0,20.0,3.607212453895255,10.333333333333334,10.333333333333334,18.0,0.0,3.0,0.3310290257650848,6.0,139.0,0.2313356478628507,4.0,44.0,0.3307294096424414
1568.0,24.0,326.0,4.346666666666667,6.605348929754678,75.0,857.0,11.426666666666666,162.0,2.16,11.0,219.0,33.0,4.668340839403007,8.76,8.76,25.0,1.0,10.0,0.0813670568294248,9.0,190.0,0.1981381861299184,1.0,19.0,0.6642681875098602
1576.0,15.0,126.0,1.726027397260274,7.046632731429455,73.0,923.0,12.643835616438356,66.0,0.9041095890410958,10.0,220.0,1.0,5.768328534537439,8.148148148148149,8.148148148148149,27.0,3.0,37.0,0.4160013097945738,5.0,166.0,0.3973922357884036,2.0,17.0,0.5664885985504153
1584.0,26.0,207.0,3.0,5.736609225661602,69.0,989.0,14.333333333333334,66.0,0.9565217391304348,18.0,296.0,76.0,2.24399839382764,11.84,11.84,25.0,5.0,75.0,0.227530208546007,11.0,215.0,0.139360730250399,2.0,6.0,0.1814387687730837
1592.0,18.0,178.0,2.5428571428571427,5.537657301041979,70.0,1096.0,15.657142857142857,107.0,1.5285714285714285,8.0,329.0,33.0,4.0190129041611415,13.16,13.16,25.0,5.0,157.0,0.2514577842871148,1.0,150.0,0.3249908826777867,2.0,22.0,0.3725584334967047
1600.0,18.0,119.0,1.586666666666667,5.852644135930183,75.0,1169.0,15.586666666666666,73.0,0.9733333333333334,9.0,276.0,0.0,4.237403640949319,10.22222222222222,10.22222222222222,27.0,0.0,102.0,0.4915145316621335,8.0,174.0,0.1459315349000207,1.0,0.0,0.6555489470723124
1608.0,16.0,99.0,1.2692307692307692,7.199443258522065,78.0,1239.0,15.884615384615383,70.0,0.8974358974358975,5.0,145.0,0.0,4.2910819275141865,6.304347826086956,6.304347826086956,23.0,3.0,41.0,0.2317376730169636,2.0,100.0,0.2437482196740064,0.0,4.0,0.9315351105083756
1616.0,17.0,67.0,0.8375,7.614775204748135,80.0,1229.0,15.3625,0.0,0.0,9.0,237.0,92.0,4.277313288040104,9.48,9.48,25.0,1.0,55.0,0.4288911588871154,8.0,179.0,0.2373447530857986,0.0,3.0,0.99964718300926
1624.0,7.0,57.0,0.7702702702702703,8.160647368563247,74.0,1135.0,15.33783783783784,0.0,0.0,1.0,185.0,0.0,6.636613256949754,9.25,9.25,20.0,0.0,24.0,0.6626543717849527,1.0,158.0,0.4145442778118405,0.0,3.0,0.941386785218292
1632.0,22.0,115.0,1.619718309859155,6.996659592622771,71.0,1055.0,14.859154929577464,0.0,0.0,12.0,236.0,51.0,2.43378948009071,12.421052631578949,12.421052631578949,19.0,3.0,17.0,0.1565960629560154,8.0,211.0,0.1524263287215672,1.0,8.0,0.4555610002524529
1640.0,14.0,153.0,2.283582089552239,6.742856691607015,67.0,1020.0,15.223880597014926,0.0,0.0,4.0,241.0,5.0,4.353640122238659,12.68421052631579,12.68421052631579,19.0,3.0,61.0,0.2843002394878499,1.0,180.0,0.3332239541221555,0.0,0.0,0.891773805610822
1648.0,12.0,181.0,2.873015873015873,7.1794011252756365,63.0,867.0,13.761904761904765,0.0,0.0,4.0,210.0,0.0,6.694880547345647,8.4,8.4,25.0,1.0,76.0,0.6492961846695146,3.0,134.0,0.2868736757264887,0.0,0.0,0.7787208271353521
1656.0,13.0,29.0,0.4393939393939394,6.545353998842168,66.0,850.0,12.87878787878788,0.0,0.0,12.0,249.0,39.0,3.487907589942832,9.96,9.96,25.0,3.0,90.0,0.3732015531079175,8.0,159.0,0.1491452121847788,1.0,0.0,0.7577414262356396
1664.0,11.0,34.0,0.5230769230769231,6.777796479183804,65.0,846.0,13.015384615384615,0.0,0.0,7.0,121.0,0.0,3.080109860335645,6.05,6.05,20.0,6.0,82.0,0.1513319666571448,0.0,35.0,0.3150689082210248,1.0,4.0,0.5565492511688056
1672.0,15.0,69.0,1.0147058823529411,6.999461519236677,68.0,843.0,12.397058823529411,0.0,0.0,12.0,180.0,59.0,3.999922956162289,6.923076923076923,6.923076923076923,26.0,3.0,30.0,0.4136495822135348,3.0,122.0,0.3525417753608358,6.0,28.0,0.087150982944475
1680.0,19.0,169.0,2.414285714285714,7.358380921639191,70.0,914.0,13.057142857142855,71.0,1.0142857142857142,14.0,340.0,160.0,4.288702973392686,10.96774193548387,10.96774193548387,31.0,3.0,108.0,0.4115915404802123,7.0,168.0,0.1306241017968601,4.0,64.0,0.4224100499578063
1688.0,18.0,230.0,3.484848484848485,6.633034478003479,66.0,950.0,14.393939393939394,36.0,0.5454545454545454,11.0,297.0,0.0,3.3543589644232936,11.423076923076923,11.423076923076923,26.0,6.0,82.0,0.1409378667042375,0.0,116.0,0.3630453231123084,5.0,99.0,0.234971464972716
1696.0,15.0,207.0,3.2857142857142856,6.905502303520772,63.0,862.0,13.682539682539682,0.0,0.0,14.0,403.0,106.0,3.035865496097888,14.925925925925926,14.925925925925926,27.0,4.0,128.0,0.3053178901330262,6.0,154.0,0.2460438097667321,4.0,121.0,0.0665671648244363
171696.0,6.0,60.0,0.9375,9.756437606367244,64.0,766.0,11.96875,0.0,0.0,4.0,78.0,0.0,6.251301546180817,5.2,5.2,15.0,2.0,33.0,0.531543487235487,1.0,38.0,0.7447836441002448,1.0,7.0,0.0145956370394667
1720.0,6.0,18.0,0.2903225806451613,9.174547343357002,62.0,765.0,12.338709677419354,0.0,0.0,6.0,77.0,0.0,5.578224136458814,4.529411764705882,4.529411764705882,17.0,2.0,49.0,0.3353441869335171,3.0,18.0,0.4023498203265837,1.0,10.0,0.6271218059679634
1728.0,9.0,54.0,0.9152542372881356,9.030620608086222,59.0,755.0,12.796610169491526,0.0,0.0,6.0,90.0,13.0,6.977305065427659,5.625,5.625,16.0,4.0,67.0,0.189129549843986,0.0,7.0,0.8831856661459613,2.0,16.0,0.4714986332259988
1736.0,8.0,77.0,1.2419354838709675,8.590447572220436,62.0,738.0,11.903225806451612,0.0,0.0,7.0,120.0,30.0,3.948175780689127,8.0,8.0,15.0,4.0,99.0,0.3057868210607415,3.0,20.0,0.268973371338236,0.0,1.0,0.2997555075323758
1744.0,9.0,115.0,1.9491525423728813,8.362327495635823,59.0,580.0,9.830508474576272,0.0,0.0,8.0,149.0,29.0,3.2359681650659624,10.642857142857142,10.642857142857142,14.0,7.0,143.0,0.1736226033139356,0.0,0.0,0.9523262901549604,1.0,6.0,0.3428942037193427
1752.0,5.0,47.0,0.8867924528301887,8.446531507348574,53.0,476.0,8.981132075471699,0.0,0.0,4.0,80.0,0.0,4.774780484435077,4.705882352941177,4.705882352941177,17.0,3.0,79.0,0.3098155006972111,1.0,1.0,0.2938689254496212,0.0,0.0,0.7452058852704289
1760.0,6.0,34.0,0.6538461538461539,8.118498222150844,52.0,477.0,9.173076923076923,1.0,0.0192307692307692,5.0,41.0,0.0,6.323112475626153,2.2777777777777777,2.2777777777777777,18.0,4.0,30.0,0.2087398961595962,0.0,0.0,0.9432082660069973,1.0,11.0,0.57774172238856
1768.0,5.0,16.0,0.32,8.54853996614913,50.0,460.0,9.2,0.0,0.0,2.0,33.0,0.0,7.448145838408236,2.357142857142857,2.357142857142857,14.0,1.0,11.0,0.5365359626295266,1.0,22.0,0.5756154765443008,0.0,0.0,0.7336724338143373
1776.0,8.0,24.0,0.4210526315789473,7.707338467319817,57.0,449.0,7.87719298245614,0.0,0.0,4.0,25.0,0.0,4.845442562906919,1.3888888888888888,1.3888888888888888,18.0,3.0,16.0,0.2179501668188023,0.0,7.0,0.6286292372270699,1.0,2.0,0.5405998330755661
1784.0,13.0,86.0,1.5925925925925926,7.515611022818843,54.0,480.0,8.88888888888889,31.0,0.5740740740740741,9.0,79.0,54.0,5.070337721691424,3.16,3.16,25.0,5.0,48.0,0.3771430483137722,2.0,15.0,0.4433708647728028,2.0,16.0,0.5533839129521297
1792.0,11.0,99.0,1.8,7.552637962613349,55.0,416.0,7.5636363636363635,0.0,0.0,10.0,115.0,36.0,4.451291979896546,4.423076923076923,4.423076923076923,26.0,7.0,92.0,0.0333423780971987,2.0,23.0,0.5085092438672798,1.0,0.0,0.6652354677631475
1800.0,10.0,113.0,1.852459016393443,7.28695766204957,61.0,491.0,8.049180327868852,75.0,1.2295081967213115,9.0,131.0,16.0,3.890454306269553,5.458333333333333,5.458333333333333,24.0,4.0,84.0,0.0690055504977008,4.0,44.0,0.330852793005826,1.0,3.0,0.5376553646183656
1808.0,14.0,175.0,2.611940298507463,7.345243968109945,67.0,545.0,8.134328358208956,54.0,0.8059701492537313,11.0,183.0,52.0,3.2800120921441223,7.956521739130435,7.956521739130435,23.0,5.0,114.0,4.932753968918382e-05,2.0,43.0,0.415327954159864,4.0,26.0,0.2619640253027254
1816.0,16.0,187.0,2.5972222222222223,7.623740589433273,72.0,583.0,8.097222222222221,38.0,0.5277777777777778,12.0,221.0,38.0,4.963678912122321,8.185185185185185,8.185185185185185,27.0,5.0,154.0,0.3532329389286338,7.0,60.0,0.1912864937529846,0.0,7.0,0.7496225015081054
1824.0,9.0,193.0,2.643835616438356,8.393154508230504,73.0,557.0,7.63013698630137,0.0,0.0,6.0,257.0,36.0,5.304601038370811,13.526315789473683,13.526315789473683,19.0,5.0,185.0,0.3299963247333281,0.0,61.0,0.329242818305096,1.0,11.0,0.7128705421314089
1832.0,14.0,263.0,3.415584415584416,7.857240088938359,77.0,625.0,8.116883116883116,68.0,0.8831168831168831,8.0,286.0,29.0,2.8603749402498373,23.83333333333333,23.83333333333333,12.0,7.0,236.0,0.0,0.0,44.0,0.7160996176099906,1.0,6.0,0.0
1840.0,15.0,309.0,4.12,8.544672523471803,75.0,655.0,8.733333333333333,30.0,0.4,8.0,272.0,0.0,6.87241319774856,14.31578947368421,14.31578947368421,19.0,6.0,263.0,0.3294416878734719,2.0,9.0,0.6819986791010434,0.0,0.0,1.0
1848.0,19.0,374.0,5.123287671232877,6.988073351027857,73.0,692.0,9.47945205479452,37.0,0.5068493150684932,13.0,365.0,93.0,3.76375663538295,15.869565217391305,15.869565217391305,23.0,7.0,306.0,0.2828405649961153,6.0,55.0,0.196703092941438,0.0,4.0,0.9759002094677464
1856.0,19.0,470.0,6.811594202898551,6.709857413438971,69.0,731.0,10.594202898550725,39.0,0.5652173913043478,13.0,425.0,60.0,3.915539543611909,16.346153846153847,16.346153846153847,26.0,10.0,369.0,0.1426453952675849,2.0,41.0,0.3589299948989732,1.0,15.0,0.6567738523683833
1864.0,14.0,473.0,7.059701492537314,7.670513971016446,67.0,811.0,12.1044776119403,80.0,1.1940298507462686,12.0,473.0,48.0,3.622041258603163,20.565217391304348,20.565217391304348,23.0,9.0,422.0,0.0162146245923246,2.0,37.0,0.5610391025507758,1.0,14.0,0.623058311132942
1872.0,19.0,531.0,7.808823529411764,7.208053059988749,68.0,874.0,12.852941176470589,63.0,0.9264705882352942,13.0,532.0,59.0,4.009170225855382,24.181818181818183,24.181818181818183,22.0,11.0,509.0,0.0786950977311349,2.0,21.0,0.2186917139364003,0.0,2.0,0.9249179407392074
1880.0,17.0,637.0,9.651515151515152,7.022871524478664,66.0,948.0,14.363636363636363,74.0,1.121212121212121,13.0,662.0,130.0,4.846521586913465,20.6875,20.6875,32.0,9.0,564.0,0.1888802929968015,3.0,90.0,0.4668413212303759,1.0,8.0,0.5519505993043126
1888.0,24.0,727.0,10.53623188405797,6.541592123914938,69.0,1076.0,15.594202898550725,128.0,1.855072463768116,18.0,718.0,56.0,4.008267168536805,22.4375,22.4375,32.0,10.0,636.0,0.1605237493653987,2.0,44.0,0.5735691488201288,6.0,38.0,0.2478328325070748
1896.0,15.0,726.0,11.0,7.340132067435117,66.0,1164.0,17.636363636363637,88.0,1.3333333333333333,13.0,745.0,27.0,2.924425319442252,33.86363636363637,33.86363636363637,22.0,12.0,720.0,0.1001774012896278,1.0,23.0,0.5751328198490423,0.0,2.0,0.2935175636604394
1904.0,22.0,869.0,13.166666666666666,6.901886136104538,66.0,1273.0,19.28787878787879,109.0,1.6515151515151516,17.0,853.0,108.0,3.815110985338515,29.41379310344828,29.41379310344828,29.0,12.0,817.0,0.2284805074523029,2.0,15.0,0.4115816083626513,3.0,21.0,0.4537553740243887
1912.0,24.0,996.0,15.5625,5.619309219297714,64.0,1377.0,21.515625,104.0,1.625,23.0,1102.0,249.0,2.309222475608732,32.411764705882355,32.411764705882355,34.0,13.0,969.0,0.2164291159761392,6.0,87.0,0.145189291219003,4.0,46.0,0.1517125286722749
1920.0,23.0,1026.0,14.869565217391305,6.258875052487602,69.0,1505.0,21.81159420289855,128.0,1.855072463768116,18.0,1120.0,18.0,2.4846866604766387,35.0,35.0,32.0,16.0,1033.0,0.0932751255272183,0.0,57.0,0.2911281793708681,2.0,30.0,0.4427266551985208
1928.0,18.0,181.0,2.873015873015873,6.9707439534131534,63.0,1563.0,24.80952380952381,58.0,0.9206349206349206,14.0,660.0,0.0,3.11575571343729,25.384615384615383,25.384615384615383,26.0,10.0,548.0,0.0755843460301952,2.0,69.0,0.5038158157760526,2.0,43.0,0.4890319229361747
1936.0,13.0,102.0,1.7586206896551724,7.21844491357184,58.0,1565.0,26.98275862068965,2.0,0.0344827586206896,10.0,566.0,0.0,3.393370176299941,25.727272727272727,25.727272727272727,22.0,6.0,492.0,0.0959454433151108,2.0,12.0,0.4888244338299103,2.0,62.0,0.459517752116073
1944.0,11.0,37.0,0.5692307692307692,7.316358054763093,65.0,1568.0,24.123076923076923,3.0,0.0461538461538461,9.0,216.0,0.0,3.609697162794374,9.391304347826088,9.391304347826088,23.0,4.0,185.0,0.16082441670684,4.0,25.0,0.2799589898426172,1.0,6.0,0.6068323046528609
1952.0,5.0,30.0,0.4347826086956521,8.003911779164373,69.0,1470.0,21.30434782608696,0.0,0.0,2.0,86.0,0.0,6.004163189758831,4.095238095238095,4.095238095238095,21.0,1.0,67.0,0.3219100159680887,0.0,18.0,0.6654452361423255,1.0,1.0,0.3674809485033736
1960.0,11.0,35.0,0.5223880597014925,7.861324014229053,67.0,1152.0,17.19402985074627,0.0,0.0,9.0,111.0,25.0,4.00024932623667,5.55,5.55,20.0,2.0,48.0,0.1796638766750596,6.0,54.0,0.3457643610513969,1.0,9.0,0.4736888247015742
1968.0,5.0,16.0,0.2424242424242424,8.663604791320378,66.0,811.0,12.287878787878787,0.0,0.0,2.0,81.0,0.0,7.036610042504395,3.6818181818181817,3.6818181818181817,22.0,2.0,56.0,0.4160826535640602,0.0,22.0,0.6543822803560304,0.0,3.0,0.9816308352116356
1976.0,13.0,44.0,0.676923076923077,7.39552863381614,65.0,773.0,11.892307692307693,0.0,0.0,11.0,91.0,10.0,3.960512319290457,3.7916666666666665,3.7916666666666665,24.0,4.0,36.0,0.2922735785871876,7.0,55.0,0.2699504837364789,0.0,0.0,0.8571547322885665
1992.0,10.0,64.0,1.1428571428571428,8.005195517579464,56.0,359.0,6.410714285714286,0.0,0.0,5.0,130.0,11.0,4.838161736941797,8.666666666666666,8.666666666666666,15.0,2.0,31.0,0.284230986354583,3.0,99.0,0.2903386521080704,0.0,0.0,0.8517564137245087
2000.0,9.0,107.0,1.9814814814814812,8.268429929500885,54.0,399.0,7.388888888888889,40.0,0.7407407407407407,5.0,74.0,0.0,4.708300562426296,5.6923076923076925,5.6923076923076925,13.0,2.0,32.0,0.2776764361771116,1.0,35.0,0.1836100465916625,2.0,7.0,0.4940568970462141
2008.0,8.0,48.0,0.8888888888888888,7.673073430888822,54.0,425.0,7.87037037037037,26.0,0.4814814814814814,7.0,89.0,15.0,4.260579968290632,4.944444444444445,4.944444444444445,18.0,4.0,55.0,0.3550361282991362,1.0,14.0,0.5191824277118464,2.0,20.0,0.1773663557426134
2016.0,14.0,86.0,1.5636363636363635,7.353863159683682,55.0,498.0,9.054545454545456,73.0,1.3272727272727274,6.0,47.0,0.0,4.2013655890809565,3.9166666666666665,3.9166666666666665,12.0,3.0,35.0,0.1441521036707,2.0,10.0,0.4806720687015001,1.0,2.0,0.522725207019827
2024.0,14.0,152.0,3.04,7.666619774626678,50.0,459.0,9.18,0.0,0.0,8.0,105.0,58.0,4.537771753281809,7.0,7.0,15.0,4.0,66.0,0.3164065957807937,3.0,32.0,0.2756882637739984,1.0,7.0,0.3938546843041284
2032.0,6.0,29.0,0.5576923076923077,7.54077298962675,52.0,455.0,8.75,0.0,0.0,3.0,91.0,0.0,6.164973211474196,5.6875,5.6875,16.0,1.0,30.0,0.301466124170739,1.0,46.0,0.6353146883446128,1.0,15.0,0.4949184716945414
2040.0,8.0,54.0,1.08,7.419084480242264,50.0,444.0,8.88,0.0,0.0,8.0,177.0,86.0,3.075966212439634,8.85,8.85,20.0,3.0,37.0,0.2011321313845399,4.0,117.0,0.3180316119880813,1.0,23.0,0.4501289654343183
2048.0,15.0,95.0,1.9791666666666667,6.780750170710147,48.0,515.0,10.729166666666666,71.0,1.4791666666666667,13.0,207.0,30.0,1.6789525000195735,12.176470588235292,12.176470588235292,17.0,2.0,17.0,0.1883256905765342,11.0,186.0,0.0718341634229528,0.0,4.0,0.6776224512492363
2056.0,3.0,14.0,0.2916666666666667,8.593317840347384,48.0,528.0,11.0,13.0,0.2708333333333333,3.0,150.0,0.0,4.939573082796466,11.538461538461538,11.538461538461538,13.0,2.0,22.0,0.3476073220874881,1.0,124.0,0.2030100101271563,0.0,4.0,0.9576688386378108
2064.0,7.0,27.0,0.5192307692307693,8.732365237070688,52.0,490.0,9.423076923076923,0.0,0.0,5.0,78.0,0.0,4.993599400491831,5.2,5.2,15.0,1.0,4.0,0.2282536451835564,2.0,66.0,0.4641397970892704,2.0,8.0,0.2992090135925299
2072.0,6.0,36.0,0.6666666666666666,8.950259279009769,54.0,517.0,9.574074074074074,27.0,0.5,6.0,129.0,51.0,5.976312268514854,7.166666666666667,7.166666666666667,18.0,0.0,4.0,0.6644867694947527,4.0,101.0,0.3778359035436635,2.0,24.0,0.1444993715048727
2080.0,13.0,87.0,1.74,7.267195741419579,50.0,558.0,11.16,41.0,0.82,11.0,158.0,29.0,1.9514539080148925,10.533333333333331,10.533333333333331,15.0,3.0,9.0,0.3121162031819941,8.0,149.0,0.0006827536623921,0.0,0.0,1.0
2088.0,6.0,14.0,0.2692307692307692,8.405036611540371,52.0,504.0,9.692307692307692,0.0,0.0,3.0,42.0,0.0,6.326547237598756,3.0,3.0,14.0,2.0,19.0,0.501665275866219,1.0,23.0,0.4103743065095845,0.0,0.0,0.7106091430589794
2096.0,6.0,22.0,0.4489795918367347,7.799119043032064,49.0,350.0,7.142857142857143,0.0,0.0,6.0,61.0,19.0,4.43640508932898,3.210526315789474,3.210526315789474,19.0,2.0,24.0,0.3356756076945648,4.0,37.0,0.3739344958865391,0.0,0.0,0.7271439302327177
2104.0,9.0,54.0,1.0588235294117647,7.869888981538487,51.0,308.0,6.03921568627451,0.0,0.0,7.0,85.0,24.0,5.8046337444227225,3.863636363636364,3.863636363636364,22.0,7.0,70.0,0.2107108163683547,0.0,12.0,0.7413957374953346,0.0,3.0,0.6593086087813294
2112.0,14.0,113.0,2.0545454545454547,6.943008211119713,55.0,336.0,6.109090909090909,28.0,0.509090909090909,9.0,113.0,28.0,4.144692509095651,5.65,5.65,20.0,6.0,104.0,0.2121998345674656,2.0,9.0,0.6122122093934261,1.0,0.0,0.3432761283647062
2120.0,10.0,63.0,1.125,7.978417462029638,56.0,396.0,7.071428571428571,60.0,1.0714285714285714,6.0,62.0,0.0,5.974435356050163,3.647058823529412,3.647058823529412,17.0,3.0,30.0,0.1025475208781455,1.0,20.0,0.4911159950850225,2.0,12.0,0.6661271889278274
2128.0,10.0,48.0,0.8135593220338984,7.956738611776446,59.0,401.0,6.796610169491525,5.0,0.0847457627118644,9.0,101.0,39.0,4.35190630879185,5.05,5.05,20.0,3.0,58.0,0.2241350845280696,1.0,5.0,0.5098513457573499,5.0,38.0,0.3115254526364782
2136.0,17.0,151.0,2.603448275862069,7.544367432294118,58.0,383.0,6.603448275862069,0.0,0.0,13.0,184.0,83.0,3.850922055188189,8.0,8.0,23.0,4.0,90.0,0.2635411276211823,2.0,10.0,0.3922364279952327,7.0,84.0,0.2737340389285874
2144.0,16.0,178.0,3.016949152542373,6.911578607473783,59.0,502.0,8.508474576271187,119.0,2.016949152542373,10.0,186.0,2.0,4.299152355280243,8.454545454545455,8.454545454545455,22.0,4.0,126.0,0.3529726204395007,6.0,57.0,0.1523558536843775,0.0,3.0,0.6411057995073886
2152.0,16.0,205.0,3.4166666666666665,7.083845628172907,60.0,571.0,9.516666666666667,69.0,1.15,7.0,178.0,0.0,4.371567849837667,11.866666666666667,11.866666666666667,15.0,6.0,160.0,0.1317300324895351,0.0,14.0,0.5504561292741613,1.0,4.0,0.4510189088890492
2160.0,24.0,353.0,5.883333333333334,6.514316610644144,60.0,666.0,11.1,95.0,1.5833333333333333,12.0,272.0,94.0,2.206552175965035,15.11111111111111,15.11111111111111,18.0,7.0,215.0,0.0812571680977181,4.0,45.0,0.2528507770150316,1.0,12.0,0.0948466205979206
2168.0,16.0,398.0,6.317460317460317,6.540286327274315,63.0,819.0,13.0,153.0,2.4285714285714284,8.0,312.0,40.0,5.434149104337959,13.565217391304348,13.565217391304348,23.0,8.0,275.0,0.1946544136397232,0.0,31.0,0.4239447739440003,0.0,6.0,0.912620772486793
2176.0,30.0,558.0,8.08695652173913,4.9823175721472674,69.0,933.0,13.521739130434783,114.0,1.6521739130434785,18.0,462.0,150.0,3.1403854843605075,14.903225806451612,14.903225806451612,31.0,9.0,351.0,0.2094050069157633,7.0,103.0,0.3093091019813602,2.0,8.0,0.0223635461056328
2184.0,26.0,280.0,4.0,5.500645814968625,70.0,1154.0,16.485714285714284,221.0,3.157142857142857,13.0,208.0,0.0,1.5866761032063952,10.4,10.4,20.0,1.0,25.0,0.2762642872773397,12.0,183.0,6.409181926064762e-05,0.0,0.0,1.0
2192.0,20.0,105.0,1.5217391304347827,5.678459100157878,69.0,1227.0,17.782608695652176,73.0,1.0579710144927537,12.0,320.0,112.0,2.455452246985978,16.0,16.0,20.0,11.0,259.0,0.1024453273005109,1.0,61.0,0.3205501201458572,0.0,0.0,1.0
2200.0,16.0,97.0,1.4264705882352942,6.502356283358964,68.0,1256.0,18.47058823529412,29.0,0.4264705882352941,10.0,179.0,0.0,3.711973063458572,10.529411764705882,10.529411764705882,17.0,4.0,58.0,0.2259813270003423,6.0,121.0,0.234326005809399,0.0,0.0,0.8101868935273298
2208.0,13.0,95.0,1.484375,6.736745171038999,64.0,1022.0,15.96875,0.0,0.0,10.0,235.0,56.0,2.4044722946046586,14.6875,14.6875,16.0,10.0,205.0,0.0008126858305622,0.0,30.0,0.4685483454331796,0.0,0.0,1.0
2216.0,13.0,86.0,1.4576271186440677,7.08469013569693,59.0,961.0,16.28813559322034,0.0,0.0,10.0,275.0,40.0,3.1586370440309293,15.27777777777778,15.27777777777778,18.0,6.0,190.0,0.1566581130468485,4.0,85.0,0.2931269616846139,0.0,0.0,0.2896599112468127
2224.0,11.0,151.0,2.287878787878788,7.931555079261012,66.0,965.0,14.62121212121212,4.0,0.0606060606060606,5.0,234.0,0.0,6.367194528319965,14.625,14.625,16.0,5.0,227.0,0.3495196674348561,0.0,4.0,0.5705869778999539,0.0,3.0,0.9207332479327176
2232.0,6.0,41.0,0.6212121212121212,8.46656807560487,66.0,865.0,13.106060606060606,0.0,0.0,3.0,43.0,0.0,5.226238482698575,2.388888888888889,2.388888888888889,18.0,1.0,25.0,0.4008714007473192,2.0,18.0,0.2309084110145656,0.0,0.0,0.7812924270871822
2240.0,16.0,69.0,0.971830985915493,7.523180195917864,71.0,840.0,11.830985915492958,0.0,0.0,11.0,186.0,143.0,3.634706528384647,8.454545454545455,8.454545454545455,22.0,7.0,169.0,0.0979971916806056,2.0,11.0,0.3266188917761641,2.0,6.0,0.5499043609899303
2248.0,18.0,171.0,2.4782608695652173,7.39473323046965,69.0,778.0,11.27536231884058,0.0,0.0,15.0,281.0,95.0,3.3464160406205474,10.035714285714286,10.035714285714286,28.0,11.0,251.0,0.2279213925984764,0.0,5.0,0.3528381438588253,4.0,25.0,0.3594115008207658
2256.0,17.0,179.0,2.5942028985507246,7.275552196363194,69.0,818.0,11.855072463768115,40.0,0.5797101449275363,11.0,150.0,0.0,3.7968435500771527,7.5,7.5,20.0,6.0,111.0,0.2048434863266008,3.0,25.0,0.2866093050703724,2.0,14.0,0.4678158498277676
2264.0,7.0,38.0,0.6031746031746031,6.80746470475426,63.0,799.0,12.682539682539682,0.0,0.0,6.0,140.0,0.0,3.97274816894366,6.666666666666667,6.666666666666667,21.0,3.0,79.0,0.250576563284406,0.0,27.0,0.3307821383518689,3.0,34.0,0.3748744214195718
2272.0,17.0,107.0,1.7833333333333334,6.662807512992912,60.0,737.0,12.283333333333331,0.0,0.0,8.0,146.0,6.0,3.874136370083431,9.733333333333333,9.733333333333333,15.0,4.0,57.0,0.1728346770677526,0.0,30.0,0.8302774188113019,4.0,59.0,0.1726776707697153
2280.0,17.0,176.0,2.8852459016393444,6.554266990456424,61.0,715.0,11.721311475409836,0.0,0.0,9.0,156.0,10.0,4.593613203284839,7.428571428571429,7.428571428571429,21.0,2.0,27.0,0.2748396154849026,3.0,53.0,0.4715915567885281,4.0,76.0,0.2588749052704843
2288.0,11.0,187.0,3.3392857142857144,7.881673401041423,56.0,719.0,12.839285714285714,4.0,0.0714285714285714,7.0,194.0,38.0,5.378386011087631,11.411764705882351,11.411764705882351,17.0,2.0,35.0,0.5144308401268626,1.0,52.0,0.3548552762493157,4.0,107.0,0.2856627641907847
2296.0,11.0,128.0,2.4615384615384617,6.905829455200602,52.0,716.0,13.76923076923077,0.0,0.0,6.0,205.0,11.0,3.355175200344787,12.8125,12.8125,16.0,4.0,79.0,0.1797694094103733,2.0,82.0,0.2922834838295792,0.0,44.0,0.3886842539601777
2304.0,19.0,243.0,4.418181818181818,6.501413192388315,55.0,805.0,14.636363636363637,89.0,1.6181818181818182,10.0,248.0,43.0,5.132992675276684,11.80952380952381,11.80952380952381,21.0,3.0,92.0,0.3648342194264065,5.0,104.0,0.4594650939649128,2.0,52.0,0.3678878315475198
2312.0,15.0,259.0,5.285714285714286,5.674686859976408,49.0,824.0,16.816326530612244,19.0,0.3877551020408163,12.0,284.0,36.0,3.068404895551704,12.347826086956522,12.347826086956522,23.0,2.0,58.0,0.3791101613993918,7.0,150.0,0.236625728947625,3.0,76.0,0.2436167540395737
2320.0,10.0,103.0,1.9433962264150944,7.25824789918184,53.0,936.0,17.660377358490567,112.0,2.1132075471698117,10.0,245.0,0.0,2.9922005937470293,11.136363636363637,11.136363636363637,22.0,5.0,54.0,0.0915250092158684,2.0,91.0,0.3561681258179455,3.0,100.0,0.303544252955287
2328.0,14.0,113.0,2.0545454545454547,6.784107507673506,55.0,936.0,17.01818181818182,0.0,0.0,10.0,349.0,104.0,4.070356468310935,12.925925925925926,12.925925925925926,27.0,1.0,109.0,0.4064199714822565,6.0,116.0,0.3295927460962905,3.0,124.0,0.4531044622184348
2336.0,22.0,228.0,3.8,6.370639413438938,60.0,939.0,15.65,3.0,0.05,20.0,472.0,123.0,3.073857694276407,15.225806451612904,15.225806451612904,31.0,3.0,67.0,0.3667733618299681,12.0,242.0,0.193275953887381,5.0,163.0,0.2910463270773303
2344.0,6.0,36.0,0.5714285714285714,7.889216933675667,63.0,916.0,14.53968253968254,0.0,0.0,6.0,211.0,0.0,3.302566090155364,10.55,10.55,20.0,1.0,16.0,0.2346034067214919,4.0,129.0,0.2846084920930753,1.0,66.0,0.2392923933129453
2352.0,12.0,44.0,0.6666666666666666,8.804811194915517,66.0,930.0,14.090909090909092,14.0,0.2121212121212121,9.0,192.0,0.0,3.628922661282007,9.6,9.6,20.0,1.0,28.0,0.4563310786033394,5.0,119.0,0.2054748799163771,3.0,45.0,0.2863737706536308
2360.0,14.0,128.0,2.031746031746032,7.969697772079654,63.0,845.0,13.412698412698411,0.0,0.0,13.0,244.0,52.0,3.374625412494189,12.842105263157896,12.842105263157896,19.0,4.0,32.0,0.1309845487834358,6.0,153.0,0.2128612670025537,3.0,59.0,0.3741496237191642
2368.0,16.0,179.0,2.6323529411764706,6.848819263684162,68.0,874.0,12.852941176470589,29.0,0.4264705882352941,12.0,319.0,75.0,4.376876273891859,11.392857142857142,11.392857142857142,28.0,0.0,22.0,0.6223811820010403,9.0,218.0,0.1817651349643806,3.0,79.0,0.3460218427186602
2376.0,8.0,17.0,0.2537313432835821,7.231352903228442,67.0,743.0,11.08955223880597,0.0,0.0,5.0,116.0,0.0,4.77258838869245,4.461538461538462,4.461538461538462,26.0,4.0,20.0,0.332128056626564,0.0,66.0,0.4086744727792677,1.0,30.0,0.5014190925928509
2384.0,13.0,58.0,0.9206349206349206,6.42331932598438,63.0,690.0,10.952380952380953,0.0,0.0,12.0,132.0,16.0,2.4610654318634797,4.888888888888889,4.888888888888889,27.0,2.0,22.0,0.2718862440310634,7.0,88.0,0.2526188969014987,3.0,22.0,0.0389825526834395
2392.0,10.0,24.0,0.3692307692307692,7.258572391789291,65.0,682.0,10.492307692307692,0.0,0.0,5.0,84.0,0.0,3.740439547199537,4.2,4.2,20.0,3.0,32.0,0.2352754926600749,2.0,52.0,0.3933422090551913,0.0,0.0,0.907928489177354
2400.0,14.0,84.0,1.3770491803278688,7.936615328543044,61.0,571.0,9.36065573770492,0.0,0.0,10.0,104.0,20.0,3.217468659135181,5.2,5.2,20.0,6.0,69.0,0.1974328552188121,4.0,35.0,0.3563643279491769,0.0,0.0,0.4677387751064835
2408.0,16.0,133.0,2.333333333333333,6.717186040804233,57.0,533.0,9.350877192982455,0.0,0.0,10.0,140.0,36.0,2.402538517291711,7.777777777777778,7.777777777777778,18.0,7.0,100.0,0.0469305915708523,3.0,40.0,0.2502844706688843,0.0,0.0,0.4913467572926365
2416.0,8.0,56.0,0.9655172413793104,8.417357060620946,58.0,529.0,9.120689655172416,0.0,0.0,6.0,100.0,0.0,6.728983097322898,6.25,6.25,16.0,3.0,63.0,0.4270959237825272,2.0,29.0,0.5378646931426556,1.0,8.0,0.494809553331396
2424.0,6.0,15.0,0.2678571428571428,9.096579262342049,56.0,510.0,9.107142857142858,0.0,0.0,3.0,93.0,0.0,4.959456021515337,9.3,9.3,10.0,2.0,68.0,0.3794462250722187,1.0,25.0,0.0652402473490777,0.0,0.0,0.8211978237692985
2432.0,6.0,24.0,0.4444444444444444,9.429761827541892,54.0,377.0,6.981481481481482,0.0,0.0,4.0,77.0,0.0,6.167796306164875,5.923076923076923,5.923076923076923,13.0,1.0,37.0,0.5484460263189268,2.0,34.0,0.5169144487549656,1.0,6.0,0.4909556122669622
2440.0,8.0,77.0,1.4259259259259258,8.309353753191228,54.0,394.0,7.296296296296297,17.0,0.3148148148148148,6.0,119.0,42.0,6.675412210042038,6.2631578947368425,6.2631578947368425,19.0,2.0,28.0,0.2867842386246777,2.0,66.0,0.6478566695968341,2.0,25.0,0.5236630244915502
2448.0,11.0,37.0,0.6271186440677966,7.194757631865693,59.0,447.0,7.576271186440678,53.0,0.8983050847457628,3.0,69.0,0.0,4.636990551777416,3.631578947368421,3.631578947368421,19.0,0.0,1.0,0.3969348407296865,3.0,63.0,0.2712927523383286,0.0,5.0,0.5111695880486674
2456.0,11.0,86.0,1.4333333333333331,8.068630209866436,60.0,491.0,8.183333333333334,44.0,0.7333333333333333,5.0,63.0,0.0,5.438436840213803,3.5,3.5,18.0,1.0,7.0,0.574033994171701,2.0,53.0,0.3536084877827944,2.0,3.0,0.273052962559557
2464.0,10.0,72.0,1.2203389830508475,7.727655274097681,59.0,514.0,8.711864406779661,23.0,0.3898305084745763,8.0,99.0,36.0,2.8608143500818595,8.25,8.25,12.0,5.0,39.0,0.101492655184948,3.0,60.0,0.3461337118729083,0.0,0.0,1.0
2472.0,11.0,73.0,1.280701754385965,8.545100607486606,57.0,566.0,9.929824561403509,52.0,0.912280701754386,5.0,134.0,35.0,6.539766904853175,12.181818181818182,12.181818181818182,11.0,2.0,24.0,0.475758984019316,3.0,102.0,0.231362545683399,0.0,8.0,0.9416117163813662
2480.0,9.0,112.0,1.8064516129032255,8.10213412997285,62.0,584.0,9.419354838709678,18.0,0.2903225806451613,5.0,190.0,56.0,6.023232429813272,10.0,10.0,19.0,1.0,47.0,0.3152495384042427,4.0,143.0,0.3764302786349495,0.0,0.0,0.9170473892645764
2488.0,11.0,179.0,3.0338983050847457,7.865903478609993,59.0,557.0,9.440677966101696,0.0,0.0,7.0,213.0,23.0,5.519203394643481,8.875,8.875,24.0,3.0,70.0,0.3952431919409484,3.0,132.0,0.4390880696165894,1.0,11.0,0.5393920224015984
2496.0,10.0,55.0,1.0377358490566038,7.0868643722457065,53.0,562.0,10.60377358490566,5.0,0.0943396226415094,8.0,134.0,0.0,4.192112540763701,6.7,6.7,20.0,0.0,33.0,0.4101727692353568,3.0,58.0,0.4576271166569348,5.0,43.0,0.144175702014345
2504.0,12.0,64.0,1.2075471698113207,7.651742542501165,53.0,560.0,10.566037735849056,0.0,0.0,7.0,80.0,0.0,2.510132301836306,7.272727272727272,7.272727272727272,11.0,2.0,41.0,0.2539613959571637,2.0,17.0,0.229953690481193,3.0,22.0,0.0
2512.0,13.0,130.0,2.363636363636364,7.253104096915442,55.0,580.0,10.545454545454543,20.0,0.3636363636363636,9.0,144.0,64.0,4.715605351549632,7.2,7.2,20.0,4.0,68.0,0.1894363308972607,3.0,34.0,0.4368358182629095,2.0,42.0,0.4615662497206436
2520.0,8.0,117.0,1.95,7.633355761882767,60.0,570.0,9.5,0.0,0.0,4.0,78.0,0.0,4.3069229829613445,6.0,6.0,13.0,1.0,13.0,0.3208686550015696,1.0,11.0,0.4855332293946193,2.0,54.0,0.3322065306839802
2528.0,8.0,116.0,1.9661016949152543,8.456313427089515,59.0,476.0,8.067796610169491,0.0,0.0,6.0,122.0,44.0,4.780978454335742,7.625,7.625,16.0,1.0,21.0,0.3414202973818501,2.0,23.0,0.4158497920702036,3.0,78.0,0.4761559756679813
2536.0,13.0,190.0,3.1666666666666665,7.883156745822225,60.0,512.0,8.533333333333333,36.0,0.6,11.0,208.0,86.0,2.6977202129351765,10.947368421052632,10.947368421052632,19.0,2.0,31.0,0.2337582720369617,5.0,67.0,0.1081203664142749,4.0,110.0,0.2699107518431678
2544.0,12.0,189.0,3.0,7.455371771585104,63.0,471.0,7.476190476190476,0.0,0.0,8.0,203.0,0.0,6.063146024666868,8.458333333333334,8.458333333333334,24.0,3.0,41.0,0.4247036469991548,0.0,8.0,0.6177794397173016,5.0,154.0,0.4122014133838124
2552.0,15.0,104.0,1.5757575757575757,5.985356771904247,66.0,493.0,7.46969696969697,22.0,0.3333333333333333,10.0,259.0,56.0,4.030190526919477,9.961538461538462,9.961538461538462,26.0,7.0,77.0,0.16961237021766,0.0,56.0,0.7239728495087926,3.0,126.0,0.2861343594092834
2560.0,18.0,201.0,2.9558823529411766,6.476499635067183,68.0,617.0,9.073529411764708,124.0,1.8235294117647056,15.0,201.0,0.0,2.4721288447247955,8.73913043478261,8.73913043478261,23.0,11.0,154.0,6.582641060566369e-05,3.0,21.0,0.3490983759615569,1.0,26.0,0.551498307482899
2568.0,19.0,307.0,4.385714285714286,7.277422759340028,70.0,740.0,10.571428571428571,123.0,1.7571428571428571,13.0,251.0,50.0,4.615497140179339,11.952380952380953,11.952380952380953,21.0,11.0,242.0,0.1456919110536138,0.0,2.0,0.8892058507641224,2.0,7.0,0.3061197232171276
2576.0,21.0,350.0,5.072463768115942,6.831937601389848,69.0,762.0,11.043478260869565,22.0,0.3188405797101449,16.0,341.0,90.0,3.663458666092012,12.178571428571429,12.178571428571429,28.0,12.0,304.0,0.1985028735043745,3.0,34.0,0.4559870978016455,1.0,3.0,8.052943242166384e-06
2584.0,13.0,220.0,3.235294117647059,6.9526549825773065,68.0,835.0,12.279411764705882,73.0,1.0735294117647058,8.0,280.0,0.0,4.888352212845338,11.2,11.2,25.0,8.0,246.0,0.1980434960660462,0.0,28.0,0.5041756019973205,0.0,6.0,0.9566818137158628
2592.0,26.0,360.0,5.142857142857143,5.701013997742862,70.0,941.0,13.442857142857145,106.0,1.5142857142857142,19.0,384.0,104.0,1.9790551653774648,12.0,12.0,32.0,12.0,332.0,0.0836599486465826,6.0,52.0,0.1397318520410777,1.0,0.0,0.5301843449387316
2600.0,7.0,58.0,0.8405797101449275,6.84580065830862,69.0,1102.0,15.971014492753625,161.0,2.333333333333333,5.0,324.0,0.0,4.602476699048699,11.571428571428571,11.571428571428571,28.0,5.0,286.0,0.2424983808256998,0.0,28.0,0.2316243685456907,0.0,10.0,0.6651565032386918
2608.0,22.0,146.0,2.1791044776119404,6.859762198883704,67.0,998.0,14.8955223880597,0.0,0.0,20.0,305.0,0.0,2.2472042930705403,11.296296296296296,11.296296296296296,27.0,8.0,196.0,0.1381181275420483,7.0,75.0,0.118977136544748,5.0,34.0,0.2508974782123389
2616.0,11.0,84.0,1.3125,7.486148715269136,64.0,1034.0,16.15625,36.0,0.5625,11.0,212.0,0.0,3.5382130982892077,8.833333333333334,8.833333333333334,24.0,3.0,100.0,0.2681682845305138,0.0,22.0,0.5065942335159331,8.0,90.0,0.1336273667934525
2624.0,24.0,210.0,3.088235294117647,6.594560792155566,68.0,1012.0,14.882352941176473,0.0,0.0,19.0,252.0,40.0,2.938640730751814,8.4,8.4,30.0,7.0,63.0,0.2218744204839781,3.0,33.0,0.4503934636381114,9.0,156.0,0.1042517633773643
2632.0,9.0,76.0,1.1343283582089552,7.865529951545931,67.0,1044.0,15.582089552238806,32.0,0.4776119402985074,5.0,169.0,0.0,5.149855795026046,8.047619047619047,8.047619047619047,21.0,5.0,99.0,0.1593977704541757,0.0,22.0,0.8882247314738579,0.0,48.0,0.4452708590798801
2640.0,16.0,166.0,2.4776119402985075,7.817174533121035,67.0,1005.0,15.0,0.0,0.0,12.0,172.0,3.0,2.3645003406289598,9.555555555555555,9.555555555555555,18.0,9.0,162.0,0.0132545975447317,3.0,10.0,0.331682172624313,0.0,0.0,0.6998886650840648
2648.0,9.0,54.0,0.8307692307692308,8.305548921101265,65.0,856.0,13.169230769230769,0.0,0.0,4.0,128.0,0.0,6.898217673797477,6.095238095238095,6.095238095238095,21.0,1.0,91.0,0.3403484073768923,1.0,30.0,0.7014362138444321,2.0,7.0,0.4741270942429522
2656.0,17.0,138.0,2.1904761904761907,7.029108494732337,63.0,715.0,11.34920634920635,0.0,0.0,12.0,90.0,0.0,2.9371081657748883,4.7368421052631575,4.7368421052631575,19.0,3.0,14.0,0.2491570777684954,7.0,64.0,0.1681449052732397,2.0,12.0,0.3083275890702798
2664.0,10.0,121.0,2.12280701754386,7.854889199140261,57.0,660.0,11.578947368421051,0.0,0.0,6.0,101.0,11.0,3.728468274838988,6.3125,6.3125,16.0,3.0,38.0,0.2109385732213563,0.0,30.0,0.3316506703037106,3.0,33.0,0.2495483612066809
2672.0,5.0,8.0,0.1428571428571428,10.073219752461124,56.0,620.0,11.071428571428571,0.0,0.0,3.0,48.0,0.0,8.137432568470178,4.363636363636363,4.363636363636363,11.0,2.0,42.0,0.5879429686243101,0.0,6.0,0.7062702289985839,1.0,0.0,0.0
2680.0,5.0,19.0,0.3392857142857143,10.034282412919376,56.0,591.0,10.553571428571429,0.0,0.0,0.0,33.0,0.0,9.1246145203391,4.125,4.125,8.0,0.0,24.0,0.4842659932980421,0.0,2.0,0.9660554214123536,0.0,7.0,0.9313925365134772
2688.0,5.0,24.0,0.4615384615384615,8.664208878862025,52.0,418.0,8.038461538461538,0.0,0.0,3.0,40.0,7.0,7.607393965240195,3.636363636363636,3.636363636363636,11.0,2.0,33.0,0.3586320749312826,1.0,7.0,0.471721037621102,0.0,0.0,0.9436334607825632
2696.0,5.0,23.0,0.4791666666666667,8.552739138943378,48.0,244.0,5.083333333333333,0.0,0.0,3.0,27.0,0.0,6.024528650760264,2.7,2.7,10.0,0.0,0.0,0.6047539361175973,2.0,23.0,0.3392961781578371,1.0,4.0,0.2093133138046238
2704.0,7.0,28.0,0.4827586206896552,8.77339027657947,58.0,231.0,3.9827586206896552,0.0,0.0,3.0,24.0,0.0,5.970172597057479,2.1818181818181817,2.1818181818181817,11.0,2.0,12.0,0.0745369645826931,0.0,0.0,0.7982595724637097,1.0,12.0,0.5810634697911131
2712.0,7.0,30.0,0.5084745762711864,9.29594849439816,59.0,224.0,3.7966101694915255,0.0,0.0,4.0,24.0,0.0,6.032855519044919,1.411764705882353,1.411764705882353,17.0,3.0,21.0,0.2542424170611557,1.0,2.0,0.5841125222639605,0.0,1.0,0.4100767437990423
2720.0,8.0,67.0,1.1551724137931034,8.975845373835359,58.0,206.0,3.5517241379310347,0.0,0.0,5.0,80.0,56.0,7.171857481715297,3.4782608695652173,3.4782608695652173,23.0,3.0,45.0,0.4034410524520617,2.0,28.0,0.5019980519731929,0.0,7.0,0.8552407929529219
2728.0,14.0,111.0,2.018181818181818,7.411582478014175,55.0,223.0,4.054545454545455,17.0,0.3090909090909091,11.0,98.0,18.0,3.519266596030274,4.666666666666667,4.666666666666667,21.0,6.0,67.0,0.0644491166582888,5.0,31.0,0.3475525083528938,0.0,0.0,0.9808786298380988
2736.0,21.0,222.0,4.269230769230769,4.865963054599953,52.0,359.0,6.903846153846154,136.0,2.6153846153846154,18.0,210.0,112.0,1.4992845240365558,8.4,8.4,25.0,6.0,110.0,0.1318959687537762,11.0,94.0,0.0464246664858733,1.0,6.0,0.2910778806951214
2744.0,31.0,433.0,7.4655172413793105,3.632620768588183,58.0,549.0,9.46551724137931,190.0,3.2758620689655173,25.0,397.0,187.0,1.5959504419896846,11.676470588235292,11.676470588235292,34.0,10.0,174.0,0.1108401982001109,13.0,201.0,0.1424266221883043,2.0,22.0,0.1449159675719374
2752.0,17.0,347.0,5.688524590163935,5.157382162319352,61.0,748.0,12.262295081967212,199.0,3.262295081967213,12.0,399.0,2.0,3.8112326392003273,12.46875,12.46875,32.0,9.0,247.0,0.1723370419884586,3.0,152.0,0.3912661633215545,0.0,0.0,0.6240769179030946
2760.0,26.0,504.0,7.753846153846154,6.2509697054294975,65.0,915.0,14.076923076923077,167.0,2.569230769230769,18.0,459.0,60.0,2.465413172393451,18.36,18.36,25.0,13.0,356.0,0.0984944417122293,5.0,103.0,0.2563146307866562,0.0,0.0,0.690369125239823
2768.0,21.0,254.0,3.8484848484848486,6.113423710775829,66.0,1080.0,16.363636363636363,165.0,2.5,14.0,426.0,0.0,2.8037577303341124,15.77777777777778,15.77777777777778,27.0,5.0,260.0,0.1936058032104655,8.0,153.0,0.1210066593204454,1.0,13.0,0.622377176225796
2776.0,14.0,41.0,0.640625,6.498807996741048,64.0,1065.0,16.640625,0.0,0.0,12.0,340.0,0.0,3.2229244824486547,14.166666666666666,14.166666666666666,24.0,8.0,229.0,0.1136383233126764,3.0,104.0,0.4426617432737526,1.0,7.0,0.043442292965904
2784.0,15.0,76.0,1.1692307692307693,7.049654943153029,65.0,1064.0,16.369230769230768,0.0,0.0,13.0,305.0,0.0,2.9857020236684537,13.863636363636363,13.863636363636363,22.0,6.0,203.0,0.1497050767323302,7.0,89.0,0.1036664448054061,0.0,13.0,0.8198581680898315
2792.0,16.0,147.0,2.161764705882353,7.361115656628054,68.0,1086.0,15.970588235294118,22.0,0.3235294117647059,10.0,260.0,0.0,2.8433284196696724,12.38095238095238,12.38095238095238,21.0,7.0,219.0,0.0,3.0,41.0,0.4450178111520844,0.0,0.0,0.2861027857434699
2800.0,10.0,111.0,1.88135593220339,7.652311442884777,59.0,922.0,15.627118644067796,0.0,0.0,4.0,129.0,0.0,6.197855106160279,7.166666666666667,7.166666666666667,18.0,2.0,105.0,0.3179574050217245,2.0,21.0,0.4658477237197793,0.0,3.0,0.9033145053545316
2808.0,13.0,59.0,1.0350877192982455,6.641836338759504,57.0,841.0,14.75438596491228,0.0,0.0,9.0,115.0,0.0,4.214605779220225,5.476190476190476,5.476190476190476,21.0,4.0,80.0,0.2046859350766682,3.0,21.0,0.3223743303266503,2.0,14.0,0.6016606344060298
2816.0,12.0,82.0,1.5185185185185186,7.082148130903526,54.0,758.0,14.037037037037036,0.0,0.0,11.0,207.0,92.0,3.5811037098678606,9.409090909090908,9.409090909090908,22.0,5.0,125.0,0.1813759754172352,4.0,64.0,0.1485948295222557,2.0,18.0,0.4984934815778507
2824.0,16.0,157.0,2.9074074074074074,7.217763568157573,54.0,813.0,15.055555555555555,55.0,1.0185185185185186,15.0,268.0,61.0,3.4603122520414,11.652173913043478,11.652173913043478,23.0,5.0,132.0,0.2433716012056599,9.0,110.0,0.0957134540823626,1.0,26.0,0.6504039603980158
2832.0,10.0,150.0,2.8846153846153846,7.719324409816749,52.0,811.0,15.596153846153848,0.0,0.0,9.0,233.0,0.0,3.8253710553856615,12.263157894736842,12.263157894736842,19.0,5.0,152.0,0.3200711820872706,3.0,70.0,0.2351711282869737,1.0,11.0,0.4224284411169777
2840.0,14.0,220.0,4.150943396226415,7.4535920392491075,53.0,859.0,16.20754716981132,48.0,0.9056603773584906,12.0,258.0,25.0,2.006612691483953,16.125,16.125,16.0,9.0,206.0,0.0703947697692437,2.0,52.0,0.4380728197310453,1.0,0.0,0.0
2848.0,1.0,1.0,0.0196078431372549,8.471062505484412,51.0,708.0,13.882352941176473,0.0,0.0,0.0,78.0,0.0,6.202097263086701,4.333333333333333,4.333333333333333,18.0,0.0,38.0,0.3950483299617586,0.0,33.0,0.408713038189519,0.0,7.0,0.8472709660957867
2856.0,7.0,37.0,0.7254901960784313,8.918416442988232,51.0,628.0,12.31372549019608,0.0,0.0,6.0,73.0,0.0,5.527764205410175,4.294117647058823,4.294117647058823,17.0,1.0,13.0,0.4433566265845649,5.0,56.0,0.352131389889091,0.0,4.0,0.7498905915138577
2864.0,1.0,4.0,0.0727272727272727,9.234287107816332,55.0,569.0,10.345454545454546,0.0,0.0,1.0,29.0,0.0,5.946997800679092,2.230769230769231,2.230769230769231,13.0,1.0,12.0,0.1187090892046009,0.0,17.0,0.5871880973812443,0.0,0.0,0.9346156033871996
2872.0,13.0,57.0,1.1176470588235294,8.28572363428771,51.0,371.0,7.274509803921568,0.0,0.0,10.0,81.0,52.0,3.9445288907738094,4.764705882352941,4.764705882352941,17.0,4.0,39.0,0.0411753666776686,6.0,42.0,0.4247543538159511,0.0,0.0,1.0
2880.0,9.0,60.0,1.1320754716981132,7.403137980035058,53.0,395.0,7.452830188679245,24.0,0.4528301886792453,5.0,81.0,0.0,6.073752142159942,4.5,4.5,18.0,1.0,18.0,0.2695221184948743,4.0,57.0,0.403819546766745,0.0,6.0,0.7178135564368869
2888.0,13.0,63.0,1.105263157894737,7.39243872322617,57.0,379.0,6.649122807017544,0.0,0.0,7.0,68.0,0.0,4.856723378162057,3.7777777777777777,3.7777777777777777,18.0,3.0,34.0,0.0003521581530181,4.0,30.0,0.36773993966115,0.0,4.0,0.9251464031740104
2896.0,6.0,21.0,0.3962264150943396,8.347215132663482,53.0,383.0,7.226415094339623,4.0,0.0754716981132075,4.0,72.0,4.0,3.2174984542919947,5.142857142857143,5.142857142857143,14.0,1.0,33.0,0.2583503448112521,2.0,37.0,0.238518672920355,1.0,2.0,0.0038930624437665
2904.0,13.0,104.0,2.0,8.47800793871523,52.0,378.0,7.269230769230769,0.0,0.0,9.0,130.0,58.0,5.512662127591283,7.222222222222222,7.222222222222222,18.0,4.0,72.0,0.4374177669316781,4.0,48.0,0.35918990231101,1.0,10.0,0.3474146055866809
2912.0,11.0,71.0,1.2678571428571428,6.420673634918584,56.0,399.0,7.125,21.0,0.375,6.0,93.0,0.0,4.990229283644472,4.65,4.65,20.0,2.0,27.0,0.4137789786465765,2.0,41.0,0.228421625604714,2.0,25.0,0.4537977125894171
2920.0,16.0,168.0,2.7540983606557377,7.784982293565281,61.0,496.0,8.131147540983607,97.0,1.5901639344262295,9.0,126.0,33.0,6.223156046836752,5.727272727272728,5.727272727272728,22.0,4.0,43.0,0.309573321812921,4.0,51.0,0.3633632528885147,1.0,32.0,0.7577627224160997
2928.0,14.0,92.0,1.4838709677419355,6.9465330944157335,62.0,545.0,8.790322580645162,49.0,0.7903225806451613,9.0,184.0,58.0,3.7291353384288817,8.0,8.0,23.0,5.0,56.0,0.1309838779797661,3.0,88.0,0.4068272624352512,1.0,40.0,0.5030233530689271
2936.0,20.0,154.0,2.4838709677419355,6.643958493124015,62.0,564.0,9.096774193548388,19.0,0.3064516129032258,13.0,185.0,1.0,3.369467057663876,8.043478260869565,8.043478260869565,23.0,8.0,117.0,0.1055518752797299,5.0,68.0,0.2777455111826555,0.0,0.0,0.8131780832468549
2944.0,16.0,133.0,2.046153846153846,6.8211074094410575,65.0,662.0,10.184615384615384,98.0,1.5076923076923077,6.0,191.0,6.0,4.575432252482385,9.55,9.55,20.0,1.0,58.0,0.2764193962570909,3.0,126.0,0.3859637292879526,2.0,7.0,0.3683913097249487
2952.0,20.0,187.0,2.833333333333333,7.095591873421749,66.0,728.0,11.030303030303031,66.0,1.0,13.0,243.0,52.0,3.5226265342309477,12.789473684210526,12.789473684210526,19.0,6.0,80.0,0.0201392839241932,6.0,158.0,0.3726516875863501,1.0,5.0,0.4663663776416067
2960.0,12.0,196.0,3.0625,7.713576046105738,64.0,753.0,11.765625,25.0,0.390625,10.0,207.0,0.0,5.254039820435579,10.894736842105264,10.894736842105264,19.0,1.0,8.0,0.5636397381631815,7.0,181.0,0.2834628354721229,2.0,18.0,0.4523174479330277
2968.0,18.0,275.0,4.104477611940299,7.351246889534618,67.0,838.0,12.507462686567164,85.0,1.2686567164179106,14.0,355.0,148.0,4.130552540153872,13.148148148148149,13.148148148148149,27.0,4.0,35.0,0.1841379430591425,9.0,299.0,0.3013904565974442,1.0,21.0,0.5780813806085473
2976.0,16.0,121.0,1.8333333333333333,6.667287357033914,66.0,838.0,12.696969696969695,0.0,0.0,10.0,318.0,0.0,4.507227743128936,13.25,13.25,24.0,1.0,39.0,0.5867339698612676,8.0,250.0,0.2200625417934807,1.0,29.0,0.731097069694935
2984.0,7.0,22.0,0.3384615384615385,7.774121421838417,65.0,809.0,12.446153846153846,0.0,0.0,7.0,248.0,0.0,4.099646678363849,11.80952380952381,11.80952380952381,21.0,3.0,44.0,0.3905293618567672,4.0,204.0,0.2669903214933271,0.0,0.0,0.4268361263533495
2992.0,14.0,104.0,1.7049180327868851,7.751757326859362,61.0,740.0,12.131147540983608,0.0,0.0,12.0,258.0,10.0,4.031323909917512,11.727272727272728,11.727272727272728,22.0,4.0,64.0,0.2909056734887351,8.0,194.0,0.2831796920451631,0.0,0.0,0.7473370240545462
3000.0,11.0,42.0,0.6363636363636364,7.6449865161392,66.0,780.0,11.818181818181818,40.0,0.6060606060606061,5.0,141.0,0.0,4.941119816510592,7.05,7.05,20.0,2.0,6.0,0.1390506299730348,3.0,135.0,0.4251434707387582,0.0,0.0,0.9283787918674464
3008.0,20.0,112.0,1.6470588235294117,6.507386613440438,68.0,668.0,9.823529411764708,0.0,0.0,14.0,202.0,61.0,4.479376650346105,6.733333333333333,6.733333333333333,30.0,1.0,8.0,0.5916766163976516,12.0,192.0,0.2410441287584326,1.0,2.0,0.5540130489380874
3016.0,14.0,91.0,1.378787878787879,6.645427233805731,66.0,658.0,9.969696969696969,0.0,0.0,11.0,253.0,51.0,2.8789913477761995,9.37037037037037,9.37037037037037,27.0,1.0,16.0,0.5158041917133992,7.0,219.0,0.0659403558745774,3.0,18.0,0.3707057820999084
3024.0,14.0,93.0,1.3478260869565215,6.408456358640052,69.0,739.0,10.710144927536232,81.0,1.173913043478261,13.0,262.0,9.0,2.7933007807394064,8.733333333333333,8.733333333333333,30.0,4.0,39.0,0.2884005189134929,5.0,175.0,0.1836636019569184,4.0,48.0,0.1899263470029408
3032.0,9.0,62.0,0.9253731343283582,7.686600648803664,67.0,753.0,11.238805970149254,14.0,0.208955223880597,7.0,177.0,0.0,3.624101335111986,8.045454545454545,8.045454545454545,22.0,3.0,41.0,0.3413183434582896,3.0,126.0,0.1814802554805452,1.0,10.0,0.3793915729323402
3040.0,19.0,133.0,2.046153846153846,6.697481391602378,65.0,720.0,11.076923076923077,0.0,0.0,14.0,221.0,44.0,2.9951218081084114,9.208333333333334,9.208333333333334,24.0,5.0,65.0,0.3709324110206978,9.0,150.0,0.0047624307177788,0.0,6.0,0.3470170715932032
3048.0,18.0,210.0,3.28125,5.931931097163384,64.0,789.0,12.328125,69.0,1.078125,12.0,262.0,41.0,3.4724680447096063,11.909090909090908,11.909090909090908,22.0,5.0,96.0,0.1498034083105228,7.0,159.0,0.1797354378383014,0.0,7.0,0.9561806727889977
3056.0,13.0,92.0,1.3142857142857145,6.861084388207368,70.0,846.0,12.085714285714284,57.0,0.8142857142857143,6.0,168.0,0.0,3.3668381684101645,9.882352941176473,9.882352941176473,17.0,5.0,37.0,0.1163095829848013,1.0,102.0,0.2973638308532318,0.0,29.0,0.3710591720514686
3064.0,11.0,100.0,1.36986301369863,8.107359074149537,73.0,777.0,10.643835616438356,0.0,0.0,6.0,119.0,0.0,5.871849880072799,7.0,7.0,17.0,4.0,71.0,0.2183660861629934,2.0,44.0,0.6111876065289321,0.0,4.0,0.7142210391182684
3072.0,8.0,56.0,0.835820895522388,8.410696635872235,67.0,666.0,9.940298507462687,0.0,0.0,5.0,153.0,34.0,8.118721263860875,8.052631578947368,8.052631578947368,19.0,2.0,52.0,0.4275588137119205,3.0,98.0,0.5984064900186874,0.0,3.0,0.9548058584790018
3080.0,23.0,126.0,1.68,6.071886871107898,75.0,729.0,9.72,63.0,0.84,12.0,214.0,61.0,3.323050842112656,7.133333333333334,7.133333333333334,30.0,2.0,39.0,0.2483794040961044,9.0,171.0,0.17582327875842,1.0,4.0,0.5329229368876324
3088.0,21.0,200.0,2.857142857142857,6.179871172941305,70.0,792.0,11.314285714285717,63.0,0.9,8.0,181.0,0.0,3.777298722199696,8.227272727272727,8.227272727272727,22.0,3.0,40.0,0.1481933634224473,3.0,129.0,0.4353797015056505,2.0,12.0,5.493728801374213e-06
3096.0,18.0,146.0,1.9466666666666668,6.921928197343665,75.0,894.0,11.92,102.0,1.36,8.0,135.0,0.0,4.057079656109416,6.428571428571429,6.428571428571429,21.0,1.0,59.0,0.3585660399849872,7.0,76.0,0.3205307874804933,0.0,0.0,0.8988818961309534
3104.0,9.0,49.0,0.6805555555555556,7.026621431541568,72.0,784.0,10.88888888888889,0.0,0.0,4.0,120.0,0.0,4.12976565660283,5.714285714285714,5.714285714285714,21.0,2.0,60.0,0.2624410933099179,2.0,57.0,0.2585457605736816,0.0,3.0,0.9420130974631944
3112.0,19.0,152.0,2.026666666666667,8.07003330104534,75.0,813.0,10.84,29.0,0.3866666666666666,9.0,157.0,37.0,5.0817085570357925,8.722222222222221,8.722222222222221,18.0,4.0,74.0,0.1807706648698998,5.0,77.0,0.2774962440227992,0.0,6.0,0.8812511486412771
3120.0,17.0,148.0,2.0,6.7249253099894615,74.0,748.0,10.108108108108109,0.0,0.0,7.0,47.0,0.0,3.803461351344237,2.611111111111111,2.611111111111111,18.0,1.0,13.0,0.475819890547984,5.0,27.0,0.1227869691371912,1.0,7.0,0.2312185752274927
3128.0,26.0,284.0,3.8904109589041096,6.497774061405665,73.0,861.0,11.794520547945206,113.0,1.547945205479452,14.0,132.0,85.0,4.889646494489028,5.076923076923077,5.076923076923077,26.0,8.0,37.0,0.2946110324742321,6.0,94.0,0.3767067224423336,0.0,1.0,0.9400916136015106
3136.0,14.0,202.0,2.8450704225352115,7.184269067054201,71.0,905.0,12.746478873239436,44.0,0.6197183098591549,7.0,107.0,0.0,5.924911314240771,4.652173913043479,4.652173913043479,23.0,6.0,60.0,0.1513727647970015,1.0,41.0,0.5129797600804656,0.0,6.0,0.9484367433011316
3144.0,8.0,32.0,0.4705882352941176,8.40767492386814,68.0,908.0,13.352941176470589,3.0,0.0441176470588235,6.0,157.0,50.0,4.630696116636664,11.214285714285714,11.214285714285714,14.0,1.0,77.0,0.4555105733752489,4.0,72.0,0.2946197509061945,1.0,8.0,0.3006871335361543
3152.0,15.0,68.0,1.0303030303030305,8.307398809459203,66.0,820.0,12.424242424242424,0.0,0.0,6.0,153.0,0.0,6.231008101826125,9.5625,9.5625,16.0,3.0,70.0,0.4481448571056644,1.0,53.0,0.4759304985770524,2.0,30.0,0.4542920601008307
3160.0,4.0,39.0,0.6190476190476191,8.804957474090278,63.0,849.0,13.476190476190476,29.0,0.4603174603174603,3.0,101.0,0.0,7.536779751364266,5.315789473684211,5.315789473684211,19.0,0.0,35.0,0.4866620029803696,1.0,17.0,0.7051244129630849,2.0,49.0,0.4353370489807726
3168.0,19.0,124.0,1.9375,6.97634858808328,64.0,871.0,13.609375,22.0,0.34375,16.0,255.0,154.0,3.236518931486246,10.2,10.2,25.0,7.0,74.0,4.436884153860384e-05,2.0,96.0,0.5774202777010021,7.0,85.0,0.2309423847678467
3176.0,16.0,109.0,1.5352112676056338,6.275020968269738,71.0,882.0,12.422535211267606,11.0,0.1549295774647887,9.0,184.0,0.0,4.9891766426159245,6.571428571428571,6.571428571428571,28.0,4.0,89.0,0.3519305514280601,2.0,46.0,0.5676267308263326,3.0,49.0,0.2959175316984839
3184.0,11.0,48.0,0.6666666666666666,7.084001852841015,72.0,860.0,11.944444444444445,0.0,0.0,8.0,116.0,0.0,5.667110710820652,4.461538461538462,4.461538461538462,26.0,3.0,85.0,0.3392307533567885,1.0,5.0,0.6637040639825685,4.0,26.0,0.4135486031628549
3192.0,12.0,58.0,0.8529411764705882,7.657114449155917,68.0,762.0,11.205882352941176,0.0,0.0,8.0,201.0,85.0,3.808292299261443,10.578947368421051,10.578947368421051,19.0,5.0,144.0,0.1408245378757649,3.0,47.0,0.4050806035211977,0.0,10.0,0.6573514908624066
3200.0,10.0,42.0,0.6268656716417911,8.459172990283323,67.0,650.0,9.701492537313433,0.0,0.0,5.0,138.0,0.0,6.998037155748333,9.2,9.2,15.0,4.0,128.0,0.2196093170934073,0.0,8.0,0.923185384171935,1.0,2.0,0.3445527406720399
3208.0,6.0,12.0,0.1935483870967742,8.4488981595361,62.0,525.0,8.46774193548387,0.0,0.0,3.0,44.0,0.0,6.716438792605037,2.75,2.75,16.0,1.0,21.0,0.0139665263068124,2.0,18.0,0.5250211148809523,0.0,5.0,0.755189785609157
3216.0,13.0,40.0,0.6060606060606061,8.288104370373517,66.0,452.0,6.848484848484849,0.0,0.0,10.0,55.0,11.0,4.120769149656304,3.055555555555556,3.055555555555556,18.0,1.0,29.0,0.3865142005752942,4.0,6.0,0.1921801801752586,5.0,20.0,0.3542260627752457
3224.0,6.0,51.0,0.7846153846153846,8.577447552277164,65.0,395.0,6.076923076923077,0.0,0.0,5.0,80.0,25.0,5.524483432753685,4.2105263157894735,4.2105263157894735,19.0,2.0,39.0,0.4674861444298473,3.0,41.0,0.2989293606955287,0.0,0.0,0.7269838180611117
3232.0,12.0,83.0,1.2028985507246377,7.977091489776511,69.0,424.0,6.144927536231884,29.0,0.4202898550724637,8.0,114.0,34.0,5.6654432714326335,5.181818181818182,5.181818181818182,22.0,6.0,72.0,0.1954166569597506,1.0,27.0,0.5240972585100789,1.0,15.0,0.7146231045554435
3240.0,9.0,48.0,0.7058823529411765,7.469389727312326,68.0,382.0,5.617647058823529,0.0,0.0,6.0,78.0,0.0,1.4128135743625132,4.105263157894737,4.105263157894737,19.0,3.0,38.0,0.0930595161359311,2.0,26.0,0.0505113278299603,1.0,14.0,0.1816301709732185
3248.0,18.0,166.0,2.8135593220338984,7.078495981500841,59.0,440.0,7.4576271186440675,58.0,0.9830508474576272,15.0,181.0,103.0,4.467159300353523,6.961538461538462,6.961538461538462,26.0,7.0,87.0,0.118779876590652,6.0,70.0,0.2057256178348442,2.0,24.0,0.6999229546166066
3256.0,11.0,191.0,3.4107142857142856,7.457489734371614,56.0,502.0,8.964285714285714,62.0,1.1071428571428572,9.0,193.0,12.0,3.932256659442701,11.352941176470589,11.352941176470589,17.0,7.0,130.0,0.2110637792949131,0.0,29.0,0.5593977605137901,2.0,34.0,0.3008802511244927
3264.0,19.0,312.0,5.777777777777778,6.065130751938699,54.0,604.0,11.185185185185183,102.0,1.8888888888888888,14.0,298.0,105.0,2.952224821673695,13.545454545454543,13.545454545454543,22.0,8.0,200.0,0.2217117901967641,4.0,48.0,0.2518427596297584,2.0,50.0,0.0
3272.0,12.0,101.0,1.7719298245614037,6.570389848199616,57.0,683.0,11.982456140350877,79.0,1.3859649122807018,8.0,166.0,0.0,4.539158019441273,8.3,8.3,20.0,1.0,74.0,0.1958852399439612,7.0,85.0,0.3435343923951327,0.0,7.0,0.8834605310130755
3280.0,12.0,47.0,0.7704918032786885,7.1410814407735055,61.0,635.0,10.40983606557377,0.0,0.0,9.0,121.0,0.0,2.8721259347284644,7.5625,7.5625,16.0,7.0,105.0,0.1147771879406535,2.0,16.0,0.4128790707172173,0.0,0.0,0.6567138268860684
3288.0,15.0,125.0,1.9230769230769231,7.361089738425647,65.0,642.0,9.876923076923076,7.0,0.1076923076923077,12.0,204.0,83.0,4.290263656539602,8.5,8.5,24.0,9.0,168.0,0.1976069226419846,2.0,36.0,0.5283887465259323,1.0,0.0,0.4574977181905497
3296.0,5.0,15.0,0.2142857142857142,8.414242691529157,70.0,686.0,9.8,44.0,0.6285714285714286,4.0,92.0,0.0,7.2112117047223965,4.6,4.6,20.0,0.0,49.0,0.6444398879025198,3.0,43.0,0.5559351295103031,1.0,0.0,0.4552139545472168
3304.0,10.0,35.0,0.5,8.12880380078155,70.0,664.0,9.485714285714286,0.0,0.0,5.0,96.0,4.0,4.426037924044633,4.8,4.8,20.0,2.0,62.0,0.3730023043722589,2.0,26.0,0.0751731525943786,1.0,8.0,0.5125319555324915
3312.0,18.0,86.0,1.1944444444444444,7.318881198840239,72.0,653.0,9.069444444444445,0.0,0.0,12.0,135.0,39.0,2.0795722724524577,7.9411764705882355,7.9411764705882355,17.0,7.0,99.0,0.1857628158046275,4.0,36.0,0.0625760076888791,1.0,0.0,0.2700095599468675
3320.0,15.0,145.0,2.1323529411764706,7.401304610414635,68.0,615.0,9.044117647058824,0.0,0.0,9.0,166.0,31.0,4.163134212845051,9.764705882352942,9.764705882352942,17.0,9.0,163.0,0.0975324788396272,0.0,3.0,0.8535515255433258,0.0,0.0,0.7203592639524894
3328.0,10.0,50.0,0.704225352112676,7.720680851666731,71.0,682.0,9.605633802816902,67.0,0.943661971830986,3.0,56.0,0.0,6.191702889093075,3.294117647058824,3.294117647058824,17.0,2.0,47.0,0.2152016058147473,1.0,9.0,0.6715939640959862,0.0,0.0,0.693742980373
3336.0,13.0,101.0,1.3116883116883118,7.884675436648607,77.0,716.0,9.2987012987013,34.0,0.4415584415584415,5.0,92.0,36.0,6.519034871447456,4.181818181818182,4.181818181818182,22.0,2.0,60.0,0.3628480750209544,3.0,29.0,0.5726498258249586,0.0,3.0,0.7212444297838192
3344.0,12.0,104.0,1.3164556962025316,7.74432411015686,79.0,625.0,7.9113924050632916,0.0,0.0,5.0,86.0,0.0,5.591497302064113,3.3076923076923075,3.3076923076923075,26.0,2.0,29.0,0.3510139088317164,1.0,48.0,0.5469100234255814,2.0,9.0,0.4934859553792122
3352.0,18.0,122.0,1.5443037974683544,7.890893086776688,79.0,635.0,8.037974683544304,10.0,0.1265822784810126,9.0,81.0,0.0,6.12259133124181,3.5217391304347827,3.5217391304347827,23.0,6.0,46.0,0.3790852293714406,3.0,33.0,0.4695036566924531,0.0,2.0,0.7944852752079391
3360.0,16.0,157.0,1.869047619047619,8.039363179165097,84.0,647.0,7.702380952380952,12.0,0.1428571428571428,7.0,64.0,0.0,4.717438992236176,4.0,4.0,16.0,2.0,20.0,0.3739526466541593,4.0,37.0,0.3714276575670017,1.0,7.0,0.6038359853400296
3368.0,23.0,260.0,3.095238095238096,6.713313396967513,84.0,715.0,8.511904761904763,68.0,0.8095238095238095,13.0,131.0,67.0,3.0371889710379243,6.238095238095238,6.238095238095238,21.0,5.0,36.0,0.1904567944552845,6.0,75.0,0.3136793529008201,2.0,20.0,0.4624435062685187
3376.0,23.0,373.0,4.8441558441558445,6.6380133325370005,77.0,797.0,10.35064935064935,82.0,1.0649350649350648,13.0,174.0,43.0,5.550781672046524,6.444444444444445,6.444444444444445,27.0,3.0,9.0,0.4248582879720888,7.0,121.0,0.3207411722581337,3.0,44.0,0.5486177502642641
3384.0,26.0,544.0,7.064935064935065,6.739691269300812,77.0,968.0,12.571428571428571,171.0,2.220779220779221,15.0,283.0,109.0,3.2218331244604577,11.32,11.32,25.0,5.0,31.0,0.0864846289673497,7.0,177.0,0.2814164281529487,3.0,75.0,0.3604107310309307
3392.0,19.0,371.0,5.152777777777778,6.491577997995625,72.0,1007.0,13.98611111111111,39.0,0.5416666666666666,6.0,147.0,0.0,2.5639470182504533,9.8,9.8,15.0,2.0,9.0,0.2134206437180177,3.0,109.0,0.207545583178946,1.0,29.0,0.3008878946769355
3400.0,23.0,488.0,7.072463768115942,6.449982992796975,69.0,1066.0,15.44927536231884,59.0,0.855072463768116,9.0,181.0,34.0,4.058901355076882,11.3125,11.3125,16.0,2.0,29.0,0.305191615601678,5.0,122.0,0.3208352311233842,2.0,30.0,0.3390531393496788
3408.0,20.0,582.0,8.686567164179104,6.335198329697871,67.0,1102.0,16.44776119402985,36.0,0.5373134328358209,5.0,78.0,0.0,3.565440603191022,5.571428571428571,5.571428571428571,14.0,2.0,26.0,0.0,3.0,49.0,0.3133121987207946,0.0,3.0,0.4898931510397507
3416.0,23.0,602.0,8.72463768115942,6.411314529540213,69.0,1219.0,17.666666666666668,117.0,1.6956521739130437,7.0,104.0,26.0,5.488921803721726,6.933333333333334,6.933333333333334,15.0,1.0,21.0,0.3539259019535914,4.0,64.0,0.3073053216953439,2.0,19.0,0.5750211901666543
3424.0,21.0,346.0,5.164179104477612,6.652825690341791,67.0,1306.0,19.49253731343284,87.0,1.2985074626865671,8.0,112.0,8.0,4.257933598163248,8.0,8.0,14.0,1.0,5.0,0.3961191599680075,5.0,95.0,0.1022822574012382,2.0,12.0,0.4836610760982378
3432.0,27.0,495.0,7.071428571428571,5.719021192460976,70.0,1457.0,20.814285714285717,151.0,2.157142857142857,10.0,301.0,189.0,4.643091971992204,15.05,15.05,20.0,3.0,29.0,0.2252315104723727,6.0,253.0,0.3151028845969387,1.0,19.0,0.6539331537146419
3440.0,15.0,138.0,1.9166666666666667,6.381339679682251,72.0,1503.0,20.875,46.0,0.6388888888888888,8.0,299.0,0.0,4.058020470931614,14.238095238095235,14.238095238095235,21.0,0.0,85.0,0.6521615144949956,6.0,213.0,0.2308118830006551,2.0,1.0,0.2510391741641778
3448.0,18.0,140.0,2.028985507246377,5.459821537176695,69.0,1455.0,21.08695652173913,0.0,0.0,13.0,256.0,0.0,2.3763194898652285,11.636363636363637,11.636363636363637,22.0,2.0,10.0,0.2897006717098708,11.0,246.0,0.0937761744639221,0.0,0.0,0.6298043025612711
3456.0,17.0,81.0,1.1911764705882353,6.09593402953082,68.0,1472.0,21.647058823529413,17.0,0.25,2.0,315.0,59.0,4.220735000166282,19.6875,19.6875,16.0,2.0,26.0,0.3052091862974997,0.0,289.0,0.2462591574160485,0.0,0.0,0.9395063939875148
3464.0,18.0,170.0,2.4285714285714284,7.842938191123018,70.0,1512.0,21.6,40.0,0.5714285714285714,5.0,134.0,0.0,5.4562534991166,12.181818181818182,12.181818181818182,11.0,3.0,128.0,0.4064134815636688,1.0,0.0,0.0,1.0,6.0,0.4760422595878121
3472.0,18.0,191.0,2.546666666666667,6.973583553205925,75.0,1611.0,21.48,99.0,1.32,3.0,18.0,0.0,7.523015503712386,1.5,1.5,12.0,1.0,4.0,0.6433224298698458,1.0,0.0,0.6602192881254394,1.0,14.0,0.3889947115469139
3480.0,26.0,333.0,4.324675324675325,6.244849289111849,77.0,1519.0,19.727272727272727,0.0,0.0,10.0,134.0,116.0,5.488276064850948,5.583333333333333,5.583333333333333,24.0,4.0,50.0,0.4609450964259554,1.0,39.0,0.6257342682122856,5.0,45.0,0.2549895938000122
3488.0,18.0,391.0,5.213333333333333,6.163408245020322,75.0,1680.0,22.4,161.0,2.1466666666666665,4.0,83.0,0.0,5.547044374836785,4.611111111111111,4.611111111111111,18.0,0.0,14.0,0.506309658489114,4.0,69.0,0.1696840747381251,0.0,0.0,0.763892206916104
3496.0,31.0,559.0,6.901234567901234,6.244117459019377,81.0,1593.0,19.666666666666668,0.0,0.0,17.0,146.0,63.0,3.2049828452560347,5.84,5.84,25.0,8.0,35.0,0.2262042003720824,7.0,111.0,0.270484915266519,2.0,0.0,0.457689301792488
3504.0,15.0,400.0,5.063291139240507,7.099578592942052,79.0,1499.0,18.9746835443038,0.0,0.0,4.0,28.0,0.0,4.95834362589088,1.6470588235294117,1.6470588235294117,17.0,1.0,13.0,0.3363415375751296,2.0,12.0,0.4442777789120036,1.0,3.0,0.4381977856317668
3512.0,13.0,38.0,0.4634146341463415,8.025409059386597,82.0,1456.0,17.75609756097561,0.0,0.0,9.0,178.0,150.0,4.453445913343312,7.416666666666667,7.416666666666667,24.0,5.0,140.0,0.2744229496010894,2.0,26.0,0.4605311216017893,2.0,12.0,0.2786581544876221
3520.0,24.0,152.0,1.9,6.638167958429378,80.0,1432.0,17.9,0.0,0.0,13.0,340.0,162.0,3.4689305675502253,12.142857142857142,12.142857142857142,28.0,6.0,65.0,0.1242170115923008,6.0,265.0,0.2854773391572937,1.0,10.0,0.4683395951941298
3528.0,12.0,118.0,1.4567901234567902,7.305512717771775,81.0,1503.0,18.55555555555556,71.0,0.8765432098765432,4.0,77.0,0.0,6.768109957209676,3.85,3.85,20.0,2.0,22.0,0.5292483527970421,2.0,52.0,0.3903612391075261,0.0,3.0,0.7122752996963091
3536.0,23.0,122.0,1.564102564102564,6.414418572327726,78.0,1523.0,19.525641025641026,20.0,0.2564102564102564,15.0,229.0,152.0,3.228363278498301,7.896551724137931,7.896551724137931,29.0,7.0,60.0,0.1892424000468714,5.0,150.0,0.2954616425764529,3.0,19.0,0.4108784677886133
3544.0,33.0,305.0,4.0131578947368425,5.617807810793543,76.0,1593.0,20.960526315789476,70.0,0.9210526315789472,20.0,542.0,313.0,3.088956503686497,18.066666666666663,18.066666666666663,30.0,5.0,66.0,0.1629972178296411,10.0,424.0,0.1877792996942095,5.0,52.0,0.3798064903279475
3552.0,10.0,114.0,1.3902439024390243,6.796943237644523,82.0,1748.0,21.317073170731707,155.0,1.8902439024390243,6.0,377.0,0.0,4.742287760168653,13.0,13.0,29.0,0.0,19.0,0.5403305960747814,1.0,271.0,0.3424194367662865,5.0,87.0,0.232240244935364
3560.0,9.0,50.0,0.625,7.573018160568727,80.0,1733.0,21.6625,0.0,0.0,6.0,354.0,0.0,5.615161330804534,16.857142857142858,16.857142857142858,21.0,4.0,295.0,0.3998520319283136,2.0,57.0,0.4214001965953685,0.0,2.0,0.3380779613612419
3568.0,21.0,149.0,1.8860759493670889,7.263406237440444,79.0,1656.0,20.962025316455694,0.0,0.0,11.0,437.0,83.0,4.41262594438926,20.80952380952381,20.80952380952381,21.0,7.0,384.0,0.1772641825720727,3.0,44.0,0.3796528653006769,1.0,9.0,0.6980346064841738
3576.0,19.0,227.0,2.8375,6.879699960295215,80.0,1492.0,18.65,0.0,0.0,11.0,482.0,45.0,2.525787399126404,24.1,24.1,20.0,8.0,441.0,0.1103896768812651,2.0,41.0,0.4613275209147559,1.0,0.0,0.1306913637153693
3584.0,29.0,365.0,4.5625,5.988190230632965,80.0,1368.0,17.1,0.0,0.0,14.0,551.0,69.0,3.4669872980993737,19.0,19.0,29.0,13.0,530.0,0.0862833166724155,1.0,21.0,0.3626439024617511,0.0,0.0,0.7557787768509081
3592.0,28.0,358.0,4.365853658536586,5.466578267296296,82.0,1473.0,17.963414634146343,105.0,1.2804878048780488,16.0,416.0,0.0,3.6674549924755295,12.606060606060606,12.606060606060606,33.0,8.0,349.0,0.2135703362281974,6.0,62.0,0.3159588229187506,2.0,5.0,0.5205997589189117
3600.0,16.0,69.0,0.7840909090909091,5.951854988698062,88.0,1468.0,16.681818181818183,0.0,0.0,13.0,473.0,57.0,4.689183157267539,13.514285714285714,13.514285714285714,35.0,6.0,375.0,0.2919932544614214,1.0,57.0,0.5590305911961256,6.0,41.0,0.2427027096061096
3592.0,27.0,349.0,3.8351648351648353,5.008945459808955,91.0,1734.0,19.05494505494505,0.0,0.0,22.0,598.0,0.0,2.9555668430908297,14.585365853658535,14.585365853658535,41.0,12.0,455.0,0.1526281743614364,7.0,139.0,0.2428373751608662,3.0,4.0,0.5381666132229237
3600.0,30.0,480.0,5.161290322580645,5.2461648688946205,93.0,1599.0,17.193548387096776,0.0,0.0,21.0,652.0,54.0,3.028495661090464,17.157894736842106,17.157894736842106,38.0,14.0,488.0,0.1132495720514847,1.0,120.0,0.594818995736789,6.0,44.0,0.2143267614493262
