step,system_total_stopped,system_total_waiting_time,system_mean_waiting_time,system_mean_speed,system_cars_present,system_accumulated_waiting_time (100),system_accumulated_mean_waiting_time (100),system_accumulated_waiting_time (delta),system_accumulated_mean_waiting_time (delta),agents_total_stopped,agents_total_accumulated_waiting_time (100),agents_total_accumulated_waiting_time (delta),agents_mean_speed,agents_mean_waiting_time (100),agents_mean_waiting_time (delta),agents_cars_present,Col3_1_stopped,Col3_1_accumulated_waiting_time,Col3_1_average_speed,Col3_2_stopped,Col3_2_accumulated_waiting_time,Col3_2_average_speed,Col3_3_stopped,Col3_3_accumulated_waiting_time,Col3_3_average_speed
8.0,1,0.0,0.0,5.116047790343873,4,0.0,0.0,0.0,0.0,1,0.0,0.0,4.505369043862447,0.0,0.0,2,0,0.0,1.0,0,0.0,1.0,1,0.0,0.3268124463580948
16.0,0,0.0,0.0,6.987318956965487,11,0.0,0.0,0.0,0.0,0,0.0,0.0,5.534552172771068,0.0,0.0,4,0,0.0,1.0,0,0.0,0.5441184040775258,0,0.0,0.525499812690749
24.0,1,0.0,0.0,8.272791463697715,17,2.0,0.1176470588235294,2.0,0.1176470588235294,0,0.0,0.0,5.967873678803671,0.0,0.0,3,0,0.0,0.093798116336793,0,0.0,0.9368411773922416,0,0.0,1.0
32.0,5,9.0,0.375,7.928350421715101,24,11.0,0.4583333333333333,9.0,0.375,2,8.0,8.0,4.036561323052327,1.6,1.6,5,1,5.0,0.4336933415381495,1,3.0,0.2722803810732592,0,0.0,1.0
40.0,5,19.0,0.6551724137931034,7.450529182650323,29,36.0,1.2413793103448276,25.0,0.8620689655172413,5,19.0,11.0,3.8116378169929206,1.9,1.9,10,2,1.0,0.3457505767710805,3,18.0,0.2169156721496944,0,0.0,0.7573355720538923
48.0,6,36.0,0.972972972972973,8.131900548763264,37,61.0,1.648648648648649,25.0,0.6756756756756757,5,39.0,20.0,5.313081021526039,2.7857142857142856,2.7857142857142856,14,1,5.0,0.4265559220692904,3,34.0,0.4112443411468821,1,0.0,0.0037574057701184
56.0,5,15.0,0.375,8.624529182924258,40,101.0,2.525,40.0,1.0,4,18.0,0.0,4.8956865682364565,1.8,1.8,10,2,7.0,0.0001683167024081,2,11.0,0.4919665836521972,0,0.0,0.9416661425721804
64.0,6,20.0,0.4166666666666667,9.784201077659324,48,137.0,2.8541666666666665,36.0,0.75,4,20.0,2.0,6.824292025161488,1.6666666666666667,1.6666666666666667,12,3,9.0,0.3522335718195769,1,11.0,0.6636615240576811,0,0.0,0.7148776469196844
72.0,10,48.0,0.9056603773584906,8.420339187181469,53,176.0,3.320754716981132,39.0,0.7358490566037735,7,38.0,18.0,5.252479485787053,2.533333333333333,2.533333333333333,15,4,13.0,0.3034342205309043,2,25.0,0.4728443650997961,1,0.0,0.5558602094922027
80.0,8,50.0,0.925925925925926,7.36908720024936,54,229.0,4.2407407407407405,53.0,0.9814814814814816,6,44.0,6.0,4.574079008610717,2.095238095238096,2.095238095238096,21,3,25.0,0.3510171369329824,3,19.0,0.2724431261215546,0,0.0,0.5451667384339152
88.0,4,18.0,0.3214285714285714,8.6283894862753,56,284.0,5.071428571428571,55.0,0.9821428571428572,3,34.0,0.0,6.38379654227735,2.125,2.125,16,3,21.0,0.2596876776362596,0,13.0,0.6339852502580788,0,0.0,0.6571023179358386
96.0,6,31.0,0.5081967213114754,8.743710210756953,61,294.0,4.819672131147541,10.0,0.1639344262295081,3,59.0,25.0,6.455022773043995,3.4705882352941178,3.4705882352941178,17,2,18.0,0.3408599141843326,1,38.0,0.6320880490046817,0,3.0,0.5577763592260571
104.0,11,43.0,0.7288135593220338,8.976026448295674,59,310.0,5.254237288135593,16.0,0.2711864406779661,5,95.0,36.0,6.057637340741388,6.785714285714286,6.785714285714286,14,2,25.0,0.3086766870318771,3,67.0,0.4006834238257258,0,3.0,0.962446861717652
112.0,11,72.0,1.2,8.802527371475318,60,342.0,5.7,32.0,0.5333333333333333,2,34.0,0.0,7.213595611348415,2.4285714285714284,2.4285714285714284,14,1,25.0,0.5358320329804968,1,9.0,0.4383037861525719,0,0.0,0.9577035817850608
120.0,6,76.0,1.2258064516129032,8.76836349220683,62,341.0,5.5,0.0,0.0,1,11.0,0.0,7.662887657075191,0.9166666666666666,0.9166666666666666,12,1,11.0,0.4673518446127879,0,0.0,0.6730355971701957,0,0.0,0.626529291700969
128.0,9,98.0,1.5806451612903225,7.566666583942477,62,323.0,5.209677419354839,0.0,0.0,4,33.0,22.0,5.846464475176767,2.357142857142857,2.357142857142857,14,3,12.0,0.2658561985659179,1,18.0,0.5298191946010009,0,3.0,0.7052499592251671
136.0,12,147.0,2.194029850746269,7.50513559486741,67,379.0,5.656716417910448,56.0,0.835820895522388,2,49.0,16.0,6.884339573604081,2.8823529411764706,2.8823529411764706,17,1,18.0,0.6375525468261903,1,28.0,0.3705102782548147,0,3.0,0.5189303798523035
144.0,11,105.0,1.640625,8.124235132877661,64,441.0,6.890625,62.0,0.96875,5,32.0,0.0,6.287553597809543,2.0,2.0,16,2,7.0,0.4859659273679678,2,17.0,0.4925235417269971,1,8.0,0.4869752100402559
152.0,10,31.0,0.4696969696969697,7.488991662023828,66,426.0,6.454545454545454,0.0,0.0,6,95.0,63.0,4.835397197259613,4.318181818181818,4.318181818181818,22,0,51.0,0.4556531085710675,4,28.0,0.2140810752993066,2,16.0,0.4113080472533285
160.0,9,30.0,0.4285714285714285,8.906621108894019,70,442.0,6.314285714285714,16.0,0.2285714285714285,6,136.0,41.0,6.760566516928247,6.181818181818182,6.181818181818182,22,4,30.0,0.3605175336060398,1,87.0,0.5406801464708471,1,19.0,0.630289560789539
168.0,8,41.0,0.6612903225806451,8.200905924875768,62,423.0,6.82258064516129,0.0,0.0,6,125.0,0.0,5.386408489269131,6.25,6.25,20,1,27.0,0.6526720048591927,5,98.0,0.2887208867866444,0,0.0,0.7677087733889458
176.0,6,24.0,0.3870967741935484,8.395870907993771,62,411.0,6.629032258064516,0.0,0.0,6,75.0,0.0,5.032128915699785,4.6875,4.6875,16,3,35.0,0.1216053174791655,1,36.0,0.5458975985276604,2,4.0,0.6149848222426276
184.0,5,36.0,0.6,8.87917486443822,60,404.0,6.733333333333333,0.0,0.0,5,100.0,25.0,5.9342531685721625,5.0,5.0,20,2,26.0,0.2254952418859001,1,59.0,0.6141520573487992,2,15.0,0.581058938644632
192.0,7,46.0,0.8679245283018868,9.289063988118556,53,318.0,6.0,0.0,0.0,5,67.0,0.0,6.3549498028062334,4.466666666666667,4.466666666666667,15,1,28.0,0.4954550793968517,2,33.0,0.5743410813297737,2,6.0,0.0002030171452332
200.0,2,3.0,0.0576923076923076,8.658982998071835,52,315.0,6.057692307692308,0.0,0.0,2,15.0,0.0,3.65857705193154,1.875,1.875,8,1,2.0,0.3259650791487938,1,13.0,0.2892939323930298,0,0.0,1.0
208.0,3,10.0,0.196078431372549,9.813250107544262,51,268.0,5.254901960784314,0.0,0.0,2,11.0,0.0,8.486632139721548,1.1,1.1,10,1,1.0,0.5683614136579515,1,10.0,0.5460856603510441,0,0.0,0.8376523051949274
216.0,5,10.0,0.2127659574468085,9.271925372621826,47,218.0,4.638297872340425,0.0,0.0,4,28.0,17.0,7.043491475643413,2.0,2.0,14,1,2.0,0.4217215928966523,3,23.0,0.4640690362578413,0,3.0,0.8300508052562486
224.0,6,7.0,0.1320754716981132,8.239009162378338,53,181.0,3.4150943396226414,0.0,0.0,5,14.0,0.0,5.58831103958079,0.8235294117647058,0.8235294117647058,17,1,3.0,0.4863678353652624,3,8.0,0.4628963948894922,1,3.0,0.4642906973570108
232.0,9,29.0,0.5576923076923077,7.7822787268897935,52,178.0,3.423076923076923,0.0,0.0,6,30.0,16.0,4.422420627912985,1.7647058823529411,1.7647058823529411,17,1,5.0,0.3314826525763645,4,20.0,0.418511289225548,1,5.0,0.2105027132275937
240.0,2,10.0,0.196078431372549,9.33140331309126,51,174.0,3.411764705882353,0.0,0.0,1,17.0,0.0,8.257242949780329,1.7,1.7,10,0,3.0,0.9558625587396372,1,14.0,0.6072890989254817,0,0.0,0.6275694059057533
248.0,6,32.0,0.6153846153846154,9.881605094891423,52,172.0,3.3076923076923075,0.0,0.0,3,25.0,8.0,8.175124880275842,1.7857142857142858,1.7857142857142858,14,0,10.0,0.673825610632938,3,15.0,0.5359591001123045,0,0.0,1.0
256.0,3,27.0,0.574468085106383,9.009071640318258,47,161.0,3.425531914893617,0.0,0.0,1,5.0,0.0,6.760853937438352,0.4545454545454545,0.4545454545454545,11,1,4.0,0.4425162518077937,0,1.0,0.5755068854257105,0,0.0,1.0
264.0,6,27.0,0.5625,9.088676345466482,48,173.0,3.6041666666666665,12.0,0.25,4,34.0,29.0,8.350948284202246,2.125,2.125,16,1,6.0,0.5759097896335325,3,25.0,0.4875271603593149,0,3.0,0.9590517787946428
272.0,8,29.0,0.58,7.454360570282642,50,163.0,3.26,0.0,0.0,5,44.0,10.0,4.779951237611307,2.3157894736842106,2.3157894736842106,19,2,17.0,0.3240357470935395,2,22.0,0.3490116976754263,1,5.0,0.4659571024490411
280.0,3,6.0,0.109090909090909,9.249224678244367,55,175.0,3.1818181818181817,12.0,0.2181818181818181,2,29.0,0.0,8.757795690471193,1.5263157894736843,1.5263157894736843,19,1,4.0,0.4586923128251105,1,22.0,0.6831252435955688,0,3.0,0.8134214214379335
288.0,5,24.0,0.4897959183673469,9.60363902499388,49,152.0,3.1020408163265305,0.0,0.0,5,49.0,20.0,6.051218149781082,2.8823529411764706,2.8823529411764706,17,2,21.0,0.4462909737610565,3,25.0,0.4296864205506996,0,3.0,0.7210622014689673
296.0,7,21.0,0.4468085106382978,7.793932155190791,47,176.0,3.74468085106383,24.0,0.5106382978723404,6,33.0,0.0,3.8177017577458208,2.357142857142857,2.357142857142857,14,1,11.0,0.5167415152468184,3,12.0,0.3726592348926758,2,10.0,0.0050498110887426
304.0,4,14.0,0.28,9.59149486864856,50,197.0,3.94,21.0,0.42,2,10.0,0.0,7.007754600449478,1.0,1.0,10,0,0.0,0.5209896555278902,2,9.0,0.4894756372151379,0,1.0,0.9345323989933524
312.0,4,22.0,0.44,9.392857900453986,50,181.0,3.62,0.0,0.0,3,20.0,10.0,7.340059158167363,1.1764705882352942,1.1764705882352942,17,1,0.0,0.4271937733197777,2,14.0,0.5241885762141607,0,6.0,0.6638381030634415
320.0,9,54.0,1.0,7.790314624820377,54,192.0,3.555555555555556,11.0,0.2037037037037037,5,35.0,15.0,5.324070616753554,1.75,1.75,20,1,6.0,0.1680067894725086,4,23.0,0.2639439159923028,0,6.0,0.6903006516027099
328.0,3,41.0,0.7884615384615384,8.92875115347963,52,199.0,3.826923076923077,7.0,0.1346153846153846,0,0.0,0.0,9.160443710405872,0.0,0.0,11,0,0.0,0.758289304274661,0,0.0,0.7265854131912315,0,0.0,0.7515824148812111
336.0,9,77.0,1.5714285714285714,9.1971367238812,49,196.0,4.0,0.0,0.0,4,28.0,28.0,7.41891742181275,2.5454545454545454,2.5454545454545454,11,3,15.0,0.2397409394084633,0,8.0,0.9783959623266676,1,5.0,0.7121094498160588
344.0,4,60.0,1.3043478260869563,8.441628462747653,46,218.0,4.739130434782608,22.0,0.4782608695652174,1,11.0,0.0,7.996031480453204,1.0,1.0,11,0,10.0,0.5855189450527036,1,0.0,0.5043198595558935,0,1.0,0.9764778113942896
352.0,4,58.0,1.183673469387755,8.648446635414054,49,224.0,4.571428571428571,6.0,0.1224489795918367,1,5.0,0.0,7.839531035668752,0.3846153846153846,0.3846153846153846,13,0,1.0,0.5237017810678388,0,3.0,0.7152825226241546,1,1.0,0.5744583517967329
360.0,5,7.0,0.1320754716981132,9.121557714874587,53,205.0,3.867924528301887,0.0,0.0,5,80.0,75.0,7.035435518040557,4.2105263157894735,4.2105263157894735,19,0,9.0,0.5170692147462521,4,71.0,0.513609709981413,1,0.0,0.6983340286906977
368.0,4,12.0,0.2181818181818181,8.792596998107067,55,222.0,4.036363636363636,17.0,0.3090909090909091,3,90.0,10.0,6.200317323513954,4.5,4.5,20,0,6.0,0.7820264343895673,2,81.0,0.4336857561141679,1,3.0,0.3307289931282272
376.0,7,18.0,0.3214285714285714,8.511734787861116,56,214.0,3.821428571428572,0.0,0.0,6,97.0,7.0,5.009351391853054,4.619047619047619,4.619047619047619,21,1,8.0,0.4824053214641589,5,86.0,0.285725318740194,0,3.0,0.569846030791981
384.0,5,16.0,0.2758620689655172,9.12997352772121,58,231.0,3.9827586206896552,17.0,0.293103448275862,0,10.0,0.0,9.450485564094574,0.8333333333333334,0.8333333333333334,12,0,3.0,0.5217719594056324,0,4.0,0.814396708490388,0,3.0,0.8037082742431766
392.0,12,45.0,0.7258064516129032,7.922826695048015,62,264.0,4.258064516129032,33.0,0.532258064516129,6,36.0,26.0,7.061483268790412,1.894736842105263,1.894736842105263,19,2,21.0,0.4765728662518731,2,10.0,0.5648644127416388,2,5.0,0.375048735697146
400.0,7,21.0,0.328125,9.106923594464105,64,275.0,4.296875,11.0,0.171875,6,33.0,0.0,6.204204090597896,2.2,2.2,15,2,13.0,0.4840896318333816,4,20.0,0.4577349626095512,0,0.0,0.9089406937401384
408.0,4,18.0,0.2608695652173913,9.407670020744844,69,287.0,4.159420289855072,12.0,0.1739130434782608,2,41.0,8.0,8.259047165030173,2.7333333333333334,2.7333333333333334,15,2,34.0,0.4079520856848745,0,3.0,0.7019002685874666,0,4.0,0.8708579458542582
416.0,4,12.0,0.1791044776119403,9.118658658533237,67,268.0,4.0,0.0,0.0,2,26.0,0.0,7.271522534317408,1.7333333333333334,1.7333333333333334,15,0,20.0,0.625828675784761,2,3.0,0.4416754970994612,0,3.0,0.9630344290014164
424.0,15,34.0,0.5230769230769231,7.647911918450275,65,278.0,4.276923076923077,10.0,0.1538461538461538,7,58.0,32.0,4.862926312494392,3.411764705882353,3.411764705882353,17,4,32.0,0.27052302658036,3,26.0,0.3713606325724156,0,0.0,0.937699620527744
432.0,5,21.0,0.3387096774193548,8.176290518756192,62,292.0,4.709677419354839,14.0,0.2258064516129032,2,37.0,0.0,7.988299865058791,2.3125,2.3125,16,1,12.0,0.5440632501954438,1,25.0,0.5743881494996328,0,0.0,0.9335659848926088
440.0,11,63.0,0.9545454545454546,8.231785824659125,66,324.0,4.909090909090909,32.0,0.4848484848484848,7,37.0,0.0,4.55604106508201,2.176470588235294,2.176470588235294,17,6,26.0,0.1792926368157683,1,11.0,0.7132496854911049,0,0.0,1.0
448.0,8,61.0,1.0,7.13023358872432,61,265.0,4.344262295081967,0.0,0.0,4,45.0,8.0,5.809993489149131,2.25,2.25,20,2,30.0,0.3144078791809952,2,8.0,0.4624284780216752,0,7.0,0.6708964283577293
456.0,11,74.0,1.2982456140350878,7.026529491607522,57,271.0,4.754385964912281,6.0,0.1052631578947368,6,69.0,24.0,4.731432406801254,3.631578947368421,3.631578947368421,19,3,34.0,0.2686759643503905,1,27.0,0.5034271948999629,2,8.0,0.3901667001807392
464.0,8,95.0,1.6964285714285714,8.116740967016307,56,292.0,5.214285714285714,21.0,0.375,3,32.0,0.0,5.862625094686817,2.6666666666666665,2.6666666666666665,12,2,21.0,0.5098922575477728,1,10.0,0.0526123292447058,0,1.0,0.7221821684883375
472.0,11,71.0,1.290909090909091,8.06674934710194,55,337.0,6.127272727272727,45.0,0.8181818181818182,6,50.0,18.0,4.200543073739524,4.545454545454546,4.545454545454546,11,4,37.0,0.2120082999565847,2,13.0,0.1882119305932881,0,0.0,0.9157669359599294
480.0,4,46.0,0.8846153846153846,8.91626956895896,52,293.0,5.634615384615385,0.0,0.0,2,38.0,0.0,9.302140951355812,2.923076923076923,2.923076923076923,13,2,19.0,0.5521776492657172,0,19.0,0.9344349037096418,0,0.0,0.1061762777558196
488.0,6,65.0,1.1607142857142858,8.933156488223657,56,307.0,5.482142857142857,14.0,0.25,2,22.0,0.0,6.005064239440461,2.0,2.0,11,2,18.0,0.1538444286853841,0,4.0,0.95481763709715,0,0.0,0.610470152814749
496.0,4,26.0,0.4727272727272727,9.752550757342195,55,257.0,4.672727272727273,0.0,0.0,2,72.0,50.0,9.89195609588617,5.538461538461538,5.538461538461538,13,1,59.0,0.5660079702082857,1,11.0,0.7695285228398886,0,2.0,0.9703982440032504
504.0,6,30.0,0.5882352941176471,9.612439635544186,51,260.0,5.098039215686274,3.0,0.0588235294117647,3,79.0,7.0,7.233265156501453,6.583333333333333,6.583333333333333,12,1,54.0,0.5246675269843849,2,23.0,0.4717260370588326,0,2.0,0.9450855581974072
512.0,7,56.0,1.1914893617021276,9.365138400721012,47,259.0,5.51063829787234,0.0,0.0,5,67.0,0.0,7.732337063227549,4.1875,4.1875,16,2,8.0,0.4790706249487417,2,53.0,0.6378943479094445,1,6.0,0.7048943872712307
520.0,3,50.0,1.162790697674419,9.416380677504089,43,243.0,5.651162790697675,0.0,0.0,3,64.0,0.0,7.278856501714727,5.818181818181818,5.818181818181818,11,1,4.0,0.5204086626461322,2,60.0,0.553490452417199,0,0.0,1.0
528.0,9,34.0,0.7727272727272727,8.553262064939686,44,213.0,4.840909090909091,0.0,0.0,8,62.0,0.0,4.652023229486543,3.647058823529412,3.647058823529412,17,4,23.0,0.2607962722626304,3,39.0,0.3019053421187637,1,0.0,0.624761924141413
536.0,6,14.0,0.2978723404255319,8.21600134769679,47,213.0,4.531914893617022,0.0,0.0,3,13.0,0.0,6.126375937758092,0.8666666666666667,0.8666666666666667,15,1,1.0,0.4721060726787299,0,5.0,0.3603690634929031,2,7.0,0.3377014862869121
544.0,5,28.0,0.5384615384615384,8.444606134778706,52,252.0,4.846153846153846,39.0,0.75,4,32.0,19.0,5.418688586274175,2.2857142857142856,2.2857142857142856,14,3,18.0,0.2844142842139843,1,11.0,0.6672252371355482,0,3.0,0.2372397708540348
552.0,11,40.0,0.6896551724137931,7.8115797618323075,58,278.0,4.793103448275862,26.0,0.4482758620689655,4,44.0,12.0,6.409049773924621,3.142857142857143,3.142857142857143,14,2,9.0,0.3849343861199482,2,32.0,0.3676046621443024,0,3.0,0.9226986879973575
560.0,8,59.0,1.0,8.44058334384057,59,320.0,5.423728813559322,42.0,0.711864406779661,2,20.0,0.0,6.759617172701542,1.818181818181818,1.818181818181818,11,2,6.0,0.3075763488484834,0,14.0,0.7123411456678516,0,0.0,1.0
568.0,9,70.0,1.2280701754385963,8.155549373919323,57,289.0,5.0701754385964914,0.0,0.0,5,31.0,11.0,5.170889290289659,2.2142857142857144,2.2142857142857144,14,2,21.0,0.3047967702988848,3,10.0,0.4508010423781006,0,0.0,0.667817999606641
576.0,10,81.0,1.396551724137931,7.713664205887309,58,288.0,4.965517241379311,0.0,0.0,5,42.0,11.0,6.990390044483133,2.4705882352941178,2.4705882352941178,17,3,8.0,0.1710238730476318,2,31.0,0.6186712868929289,0,3.0,0.9068101792558412
584.0,9,44.0,0.8148148148148148,8.028668815536983,54,311.0,5.75925925925926,23.0,0.4259259259259259,6,32.0,0.0,4.700775186846328,2.4615384615384617,2.4615384615384617,13,2,11.0,0.264743255152306,2,13.0,0.4338929249359148,2,8.0,0.0001465464297298
592.0,10,26.0,0.4262295081967213,8.460714382867781,61,291.0,4.770491803278689,0.0,0.0,7,62.0,30.0,6.044134087997646,3.4444444444444446,3.4444444444444446,18,3,41.0,0.504491742487426,4,21.0,0.3410329857002356,0,0.0,0.83711061419912
600.0,10,55.0,0.859375,7.888497673531988,64,322.0,5.03125,31.0,0.484375,3,22.0,0.0,6.87390795667452,1.375,1.375,16,2,16.0,0.4536140603648303,1,3.0,0.3917104027764179,0,3.0,0.8478823716970585
608.0,13,100.0,1.4285714285714286,8.468050124230816,70,383.0,5.471428571428572,61.0,0.8714285714285714,4,51.0,29.0,7.599007654536675,3.4,3.4,15,3,38.0,0.3546826679811464,1,11.0,0.712883233130268,0,2.0,0.9602127843558964
616.0,11,134.0,2.0,8.682918697868473,67,412.0,6.149253731343284,29.0,0.4328358208955223,4,62.0,11.0,6.436764702472144,3.647058823529412,3.647058823529412,17,0,36.0,0.5523482076576265,3,10.0,0.2792957120638303,1,16.0,0.6723131517017569
624.0,5,114.0,1.7538461538461538,8.48733859222688,65,406.0,6.246153846153846,0.0,0.0,1,71.0,9.0,5.787402400716294,4.4375,4.4375,16,0,36.0,0.2805906243079141,1,28.0,0.5100586510487538,0,7.0,0.5743966027932594
632.0,7,157.0,2.5737704918032787,8.734163536617142,61,424.0,6.950819672131147,18.0,0.2950819672131147,2,44.0,0.0,7.508338277358669,3.142857142857143,3.142857142857143,14,1,26.0,0.4153549869474156,1,15.0,0.6704429533002746,0,3.0,0.944769701430152
640.0,9,24.0,0.4137931034482758,7.245697375384251,58,446.0,7.689655172413793,22.0,0.3793103448275862,4,61.0,17.0,6.557710788652177,4.066666666666666,4.066666666666666,15,1,25.0,0.5133915066303363,3,32.0,0.2853334227349392,0,4.0,0.7543223986942463
648.0,9,28.0,0.4827586206896552,7.545398682484327,58,443.0,7.637931034482759,0.0,0.0,2,89.0,28.0,8.233173050674408,6.357142857142857,6.357142857142857,14,2,88.0,0.4420162882975698,0,0.0,0.6084045221596802,0,1.0,0.7982180219917301
656.0,8,36.0,0.5714285714285714,8.637630588689003,63,527.0,8.365079365079366,84.0,1.3333333333333333,4,117.0,28.0,7.149551529074651,9.0,9.0,13,2,41.0,0.3180778910231119,1,75.0,0.6960061981568705,1,1.0,0.5285426722574216
664.0,11,41.0,0.6949152542372882,8.042647657717367,59,479.0,8.11864406779661,0.0,0.0,6,79.0,0.0,5.606636743524389,5.642857142857143,5.642857142857143,14,2,56.0,0.2510611426108323,3,13.0,0.4385779598196451,1,10.0,0.6000927233369936
672.0,8,59.0,1.0,7.828286639383429,59,553.0,9.372881355932204,74.0,1.2542372881355932,3,130.0,51.0,6.043616233411212,8.125,8.125,16,1,32.0,0.4662692693660119,1,81.0,0.4650060516145321,1,17.0,0.4130864173435005
680.0,9,51.0,0.8947368421052632,8.322314095910475,57,485.0,8.508771929824562,0.0,0.0,6,97.0,0.0,6.773079617444405,5.105263157894737,5.105263157894737,19,3,58.0,0.4287371815857506,3,39.0,0.4250926998641011,0,0.0,0.8261377613774711
688.0,4,16.0,0.2857142857142857,7.518589431069368,56,523.0,9.339285714285714,38.0,0.6785714285714286,2,75.0,0.0,4.4130338726858485,5.769230769230769,5.769230769230769,13,0,32.0,0.146138613834362,2,43.0,0.3367290007118592,0,0.0,0.5992948850657572
696.0,8,50.0,0.8620689655172413,8.305190182797457,58,570.0,9.827586206896552,47.0,0.8103448275862069,6,61.0,0.0,4.9348503710937,4.066666666666666,4.066666666666666,15,2,8.0,0.2166572150620505,2,44.0,0.4506268013317796,2,9.0,0.5507502893471546
704.0,12,93.0,1.55,8.285807392945749,60,531.0,8.85,0.0,0.0,8,91.0,30.0,5.297394906222406,5.055555555555555,5.055555555555555,18,2,23.0,0.3107372784866291,4,43.0,0.4434076785532705,2,25.0,0.4962740382575191
712.0,8,66.0,1.1785714285714286,7.82945582244429,56,481.0,8.589285714285714,0.0,0.0,3,45.0,0.0,6.312653611924821,3.0,3.0,15,1,8.0,0.5236828916635917,0,15.0,0.7516417838483707,2,22.0,0.4022759035337973
720.0,14,140.0,2.456140350877193,7.50927847717228,57,531.0,9.31578947368421,50.0,0.8771929824561403,8,63.0,18.0,3.7373182059411945,3.9375,3.9375,16,2,11.0,0.3168464693995231,3,23.0,0.375229132549808,3,29.0,0.2167429253154765
728.0,6,98.0,1.7818181818181815,8.715103889824722,55,503.0,9.145454545454545,0.0,0.0,2,47.0,0.0,8.579434728776032,3.9166666666666665,3.9166666666666665,12,1,10.0,0.3794931019237129,1,34.0,0.7176383932439271,0,3.0,0.9469010684311708
736.0,8,50.0,0.925925925925926,9.086305288346509,54,486.0,9.0,0.0,0.0,4,29.0,0.0,7.002653789189508,2.071428571428572,2.071428571428572,14,0,0.0,0.5004843488927888,3,28.0,0.5639371091752718,1,1.0,0.4847523071602318
744.0,8,12.0,0.2264150943396226,8.06272899517732,53,414.0,7.811320754716981,0.0,0.0,7,22.0,0.0,3.0671969494894458,1.8333333333333333,1.8333333333333333,12,1,2.0,0.204641692053528,5,19.0,0.2825810521193927,1,1.0,0.001795401091976
752.0,6,19.0,0.3958333333333333,8.477970492277574,48,392.0,8.166666666666666,0.0,0.0,3,176.0,154.0,8.106608360954086,9.77777777777778,9.77777777777778,18,1,6.0,0.6071575244384144,2,167.0,0.5470170742043511,0,3.0,0.9365219213589522
760.0,7,47.0,0.9591836734693876,9.12013206602444,49,403.0,8.224489795918368,11.0,0.2244897959183673,3,151.0,0.0,7.785727861446758,11.615384615384617,11.615384615384617,13,0,6.0,0.8423559985941192,3,145.0,0.3903576087986307,0,0.0,0.9366198448405962
768.0,6,36.0,0.72,8.710643844977184,50,349.0,6.98,0.0,0.0,5,92.0,0.0,3.6735469902334583,9.2,9.2,10,3,14.0,0.2472890778714986,2,78.0,0.0525003014008679,0,0.0,0.8490483168732501
776.0,4,2.0,0.0363636363636363,8.895096344710488,55,306.0,5.563636363636364,0.0,0.0,2,25.0,0.0,6.884310042015532,1.3888888888888888,1.3888888888888888,18,0,3.0,0.6548841558151648,0,20.0,0.5527427974818172,2,2.0,0.4721459226623942
784.0,4,8.0,0.1454545454545454,9.2837480625026,55,275.0,5.0,0.0,0.0,2,45.0,20.0,8.376347639137375,2.25,2.25,20,2,9.0,0.3542465080022517,0,24.0,0.9505670509522725,0,12.0,0.8813274713378674
792.0,7,26.0,0.4814814814814814,7.825280625570681,54,269.0,4.981481481481482,0.0,0.0,4,16.0,0.0,4.269041018536384,1.0,1.0,16,2,14.0,0.2323977662148874,1,2.0,0.2698111676705024,1,0.0,0.6618765639864074
800.0,6,37.0,0.7115384615384616,8.778595099042516,52,263.0,5.057692307692308,0.0,0.0,5,50.0,34.0,5.791535431410014,2.7777777777777777,2.7777777777777777,18,3,30.0,0.2889901738865174,2,20.0,0.5373355788663231,0,0.0,0.6333597222124768
808.0,3,11.0,0.2,9.398200885104222,55,205.0,3.727272727272727,0.0,0.0,2,11.0,0.0,6.2099873648576445,1.0,1.0,11,1,3.0,0.001267686499502,0,0.0,0.8785680985817477,1,8.0,0.543875780944885
816.0,5,24.0,0.4285714285714285,9.05808173685412,56,160.0,2.857142857142857,0.0,0.0,3,32.0,21.0,6.7939680599228005,1.8823529411764703,1.8823529411764703,17,1,4.0,0.6292953967784415,0,7.0,0.6232496055081572,2,21.0,0.4500345315029285
824.0,5,29.0,0.5471698113207547,9.365396302602022,53,132.0,2.490566037735849,0.0,0.0,3,23.0,0.0,7.473292275110807,1.7692307692307692,1.7692307692307692,13,1,6.0,0.5735795898164319,2,17.0,0.4736249861755326,0,0.0,0.8079516880760916
832.0,4,26.0,0.5,8.833464600742504,52,136.0,2.6153846153846154,4.0,0.0769230769230769,3,14.0,0.0,6.493652345261314,1.1666666666666667,1.1666666666666667,12,2,8.0,0.44286299714123,0,3.0,0.8039214832349265,1,3.0,0.5095921536253865
840.0,7,34.0,0.6181818181818182,8.966824477593923,55,168.0,3.0545454545454547,32.0,0.5818181818181818,3,26.0,12.0,7.397382049627523,2.0,2.0,13,3,20.0,0.233862440091619,0,6.0,0.7851309942842695,0,0.0,0.6857376118398498
848.0,5,20.0,0.3225806451612903,8.869267905249506,62,183.0,2.9516129032258065,15.0,0.2419354838709677,2,17.0,0.0,7.3083338351870415,1.1333333333333333,1.1333333333333333,15,1,6.0,0.5061056252142637,0,7.0,0.6987120341025929,1,4.0,0.5470631136549178
856.0,2,3.0,0.0508474576271186,10.235205835551946,59,144.0,2.440677966101695,0.0,0.0,1,31.0,14.0,10.282946860894905,2.583333333333333,2.583333333333333,12,1,8.0,0.6955303985331235,0,23.0,0.943938933021724,0,0.0,0.8561365835647115
864.0,5,14.0,0.25,9.088519594535738,56,158.0,2.821428571428572,14.0,0.25,3,37.0,6.0,4.588259068165736,2.8461538461538463,2.8461538461538463,13,0,0.0,0.3081891974688152,3,37.0,0.4129269255577575,0,0.0,0.1462868916374027
872.0,7,29.0,0.5272727272727272,7.786335486662243,55,179.0,3.2545454545454544,21.0,0.3818181818181818,4,13.0,0.0,6.010814420362512,0.8666666666666667,0.8666666666666667,15,3,8.0,0.1473372733456914,1,5.0,0.707944097299114,0,0.0,0.2739785232745589
880.0,6,45.0,0.8490566037735849,8.627194600097342,53,222.0,4.188679245283019,43.0,0.8113207547169812,3,36.0,23.0,8.190465058897002,2.25,2.25,16,1,11.0,0.6501778184277813,2,4.0,0.4818070591354332,0,21.0,0.916752616311904
888.0,9,31.0,0.5535714285714286,8.447501219420264,56,244.0,4.357142857142857,22.0,0.3928571428571428,6,67.0,31.0,5.18369479388478,3.941176470588236,3.941176470588236,17,3,40.0,0.2109471715928686,3,18.0,0.3303556626674617,0,9.0,0.7479204378006945
896.0,4,21.0,0.3684210526315789,9.000762823620304,57,239.0,4.192982456140351,0.0,0.0,3,49.0,0.0,7.619741678412871,3.2666666666666666,3.2666666666666666,15,0,33.0,0.6935099238198836,2,16.0,0.429871752260011,1,0.0,0.4912992217793994
904.0,7,39.0,0.6964285714285714,9.100423126507854,56,259.0,4.625,20.0,0.3571428571428571,3,48.0,0.0,6.316553959624756,3.0,3.0,16,2,29.0,0.2070284748385731,1,18.0,0.5809965445582597,0,1.0,0.8352049524009774
912.0,7,46.0,0.8214285714285714,8.644232465567487,56,281.0,5.017857142857143,22.0,0.3928571428571428,3,25.0,0.0,6.00205508475929,2.5,2.5,10,1,13.0,0.1446133724197768,2,12.0,0.5597595622065554,0,0.0,0.5703164678572116
920.0,8,64.0,1.0,9.65336091128242,64,298.0,4.65625,17.0,0.265625,3,43.0,18.0,8.633960062421744,2.5294117647058822,2.5294117647058822,17,1,12.0,0.5662157432770776,2,27.0,0.5621713105184978,0,4.0,0.9367251101029596
928.0,8,63.0,0.8513513513513513,8.934295418791427,74,281.0,3.797297297297298,0.0,0.0,2,66.0,23.0,6.797952574470083,3.0,3.0,22,2,7.0,0.4066603340566732,0,58.0,0.497344943874616,0,1.0,0.921394760923874
936.0,2,7.0,0.1,9.435722339331615,70,265.0,3.7857142857142856,0.0,0.0,1,72.0,6.0,6.821464103265271,3.272727272727273,3.272727272727273,22,0,0.0,0.5571438645038929,1,72.0,0.4769018988795129,0,0.0,0.4676637892649703
944.0,9,41.0,0.5942028985507246,9.45233982128132,69,283.0,4.101449275362318,18.0,0.2608695652173913,6,62.0,0.0,5.151244544956817,3.647058823529412,3.647058823529412,17,3,12.0,0.1586049342073993,2,49.0,0.6387470460236861,1,1.0,0.5892900160026305
952.0,6,24.0,0.3333333333333333,8.628128817584843,72,323.0,4.486111111111111,40.0,0.5555555555555556,5,73.0,11.0,5.260213072844656,4.055555555555555,4.055555555555555,18,1,25.0,0.4330875027127395,3,39.0,0.4476695403097148,1,9.0,0.566596103876809
960.0,10,42.0,0.6363636363636364,8.339889873178143,66,328.0,4.96969696969697,5.0,0.0757575757575757,7,87.0,14.0,5.374464975968007,5.4375,5.4375,16,4,66.0,0.3168393642800696,1,3.0,0.4633131250057856,2,18.0,0.6014584187095574
968.0,4,11.0,0.1833333333333333,8.489549016114394,60,324.0,5.4,0.0,0.0,2,71.0,0.0,5.787874269758809,4.733333333333333,4.733333333333333,15,1,48.0,0.171760324555221,0,16.0,0.6769883074926544,1,7.0,0.5324424749735549
976.0,8,38.0,0.6229508196721312,8.866064737959759,61,289.0,4.737704918032787,0.0,0.0,4,64.0,0.0,6.782537777901483,4.923076923076923,4.923076923076923,13,2,32.0,0.3933225726048548,0,10.0,0.8016250056498307,2,22.0,0.2519959900633337
984.0,8,21.0,0.3333333333333333,9.1273324628012,63,307.0,4.873015873015873,18.0,0.2857142857142857,4,42.0,0.0,7.971179083724367,3.0,3.0,14,3,28.0,0.4256902301734091,1,14.0,0.7646275893010972,0,0.0,1.0
992.0,8,33.0,0.532258064516129,8.422963235802095,62,301.0,4.854838709677419,0.0,0.0,5,57.0,15.0,6.602901007787561,2.7142857142857144,2.7142857142857144,21,2,25.0,0.4627254749741202,3,32.0,0.499616428118082,0,0.0,0.7564849774330881
1000.0,4,13.0,0.2166666666666666,8.238558092107665,60,335.0,5.583333333333333,34.0,0.5666666666666667,3,35.0,0.0,5.242542555301121,2.0588235294117645,2.0588235294117645,17,3,22.0,0.3556482846839275,0,13.0,0.4261146878965728,0,0.0,0.627353489841898
1008.0,6,32.0,0.5161290322580645,8.441181462204998,62,317.0,5.112903225806452,0.0,0.0,5,40.0,5.0,4.464261690406751,2.857142857142857,2.857142857142857,14,2,18.0,0.3079057457249708,2,18.0,0.3164747970653418,1,4.0,0.4031345350424109
1016.0,11,45.0,0.7142857142857143,7.303323359539775,63,351.0,5.571428571428571,34.0,0.5396825396825397,7,58.0,18.0,5.276160337647024,3.0526315789473686,3.0526315789473686,19,4,18.0,0.1591785023506925,2,28.0,0.5189977578537904,1,12.0,0.6665954809893656
1024.0,5,31.0,0.4696969696969697,8.361468831517898,66,357.0,5.409090909090909,6.0,0.0909090909090909,3,37.0,0.0,7.737963516016983,2.642857142857143,2.642857142857143,14,2,17.0,0.4857927754922112,0,3.0,0.860623674342052,1,17.0,0.6287260398279828
1032.0,12,66.0,0.9565217391304348,7.804321862776188,69,377.0,5.463768115942029,20.0,0.2898550724637681,6,51.0,14.0,3.060936063359485,3.642857142857143,3.642857142857143,14,3,22.0,0.1611342795985504,2,4.0,0.4119248058223607,1,25.0,0.0
1040.0,11,68.0,1.0149253731343284,7.87433767519711,67,341.0,5.08955223880597,0.0,0.0,3,51.0,0.0,6.160221994990941,3.1875,3.1875,16,3,44.0,0.2887344300669663,0,7.0,0.6732304006945753,0,0.0,0.5881327173727514
1048.0,10,119.0,1.7,7.832193018555715,70,411.0,5.871428571428571,70.0,1.0,2,39.0,0.0,6.121450166522933,2.4375,2.4375,16,2,25.0,0.2888371600007867,0,14.0,0.4642425608183443,0,0.0,0.7701954402112708
1056.0,17,218.0,3.1594202898550723,7.629869906407253,69,485.0,7.028985507246377,74.0,1.072463768115942,6,67.0,28.0,5.678873778190827,3.941176470588236,3.941176470588236,17,3,45.0,0.3663031135180919,3,22.0,0.2953060589608217,0,0.0,0.832341964999166
1064.0,14,235.0,3.4558823529411766,6.690553472916687,68,564.0,8.294117647058824,79.0,1.161764705882353,5,61.0,0.0,5.8823772743437175,2.652173913043478,2.652173913043478,23,1,6.0,0.3599480699985307,4,55.0,0.3593380822156183,0,0.0,0.8864830981037233
1072.0,18,278.0,4.212121212121212,6.557446752033885,66,650.0,9.848484848484848,86.0,1.303030303030303,8,125.0,64.0,3.683488183409213,7.352941176470588,7.352941176470588,17,2,15.0,0.1203986022465511,4,109.0,0.4068654271844893,2,1.0,0.1008866683474139
1080.0,12,353.0,5.603174603174603,7.51708080979174,63,733.0,11.634920634920634,83.0,1.3174603174603174,4,106.0,0.0,5.028048668941799,8.153846153846153,8.153846153846153,13,0,5.0,0.5734113030997523,4,101.0,0.2581101845485349,0,0.0,0.6809348243855019
1088.0,11,317.0,4.876923076923077,7.930020158839076,65,784.0,12.06153846153846,51.0,0.7846153846153846,0,34.0,0.0,9.356457282635096,2.125,2.125,16,0,18.0,0.7129881198237897,0,16.0,0.6297143653881271,0,0.0,0.9482295362975798
1096.0,17,413.0,5.985507246376812,7.155145338826617,69,847.0,12.27536231884058,63.0,0.9130434782608696,5,41.0,7.0,5.899563545735547,1.7826086956521738,1.7826086956521738,23,3,24.0,0.256580781399741,1,14.0,0.4056182916163497,1,3.0,0.6980841127066717
1104.0,9,46.0,0.6388888888888888,7.362968818730366,72,835.0,11.59722222222222,0.0,0.0,6,51.0,10.0,5.923700256075546,2.125,2.125,24,1,12.0,0.4126623143921036,3,17.0,0.4347023389033314,2,22.0,0.611167755258812
1112.0,6,27.0,0.4029850746268656,7.748718310035865,67,788.0,11.761194029850746,0.0,0.0,5,114.0,63.0,4.953440052030135,6.0,6.0,19,5,42.0,0.1923608095368381,0,72.0,0.5673802237712715,0,0.0,0.8812732673746131
1120.0,14,47.0,0.734375,7.80952413804385,64,775.0,12.109375,0.0,0.0,11,220.0,106.0,4.3786998813972895,10.0,10.0,22,4,95.0,0.2674660099801081,6,115.0,0.2670840507123551,1,10.0,0.5282795574032467
1128.0,5,19.0,0.3166666666666666,7.874834265274024,60,763.0,12.716666666666669,0.0,0.0,3,293.0,73.0,4.605198737656009,15.421052631578949,15.421052631578949,19,2,92.0,0.2239660925051458,0,187.0,0.3261945669834236,1,14.0,0.5609524656754336
1136.0,6,37.0,0.6065573770491803,8.952935660756893,61,717.0,11.754098360655735,0.0,0.0,2,247.0,0.0,7.82869154392152,19.0,19.0,13,1,154.0,0.5513078684279236,0,70.0,0.7145720598434672,1,23.0,0.5219698194889735
1144.0,4,27.0,0.4655172413793103,8.506018616917983,58,671.0,11.56896551724138,0.0,0.0,1,64.0,0.0,6.956188554570838,5.818181818181818,5.818181818181818,11,1,64.0,0.5366950195315143,0,0.0,0.5729187132119716,0,0.0,0.4180348984951131
1152.0,11,80.0,1.509433962264151,7.869157825061619,53,552.0,10.41509433962264,0.0,0.0,4,76.0,12.0,3.748252983393423,6.909090909090909,6.909090909090909,11,3,74.0,0.0143912306329497,1,2.0,0.4458333360586317,0,0.0,0.919001773391138
1160.0,6,80.0,1.6326530612244898,8.244266600116038,49,520.0,10.612244897959185,0.0,0.0,2,9.0,0.0,7.574600082670447,0.6,0.6,15,1,4.0,0.0994145058341939,1,5.0,0.6644716831294549,0,0.0,0.8123985661530768
1168.0,11,111.0,1.947368421052632,7.745205617491303,57,575.0,10.087719298245617,55.0,0.9649122807017544,3,12.0,3.0,6.607329460679245,0.8571428571428571,0.8571428571428571,14,2,4.0,0.3818618814963614,1,8.0,0.6601707433059427,0,0.0,0.4064042552170844
1176.0,10,161.0,2.7758620689655173,8.081557849973198,58,566.0,9.758620689655173,0.0,0.0,3,13.0,1.0,5.536942518172645,1.625,1.625,8,1,5.0,0.2793143763168847,2,5.0,0.1568116145168994,0,3.0,0.8326448875773633
1184.0,10,196.0,3.161290322580645,8.272426363535532,62,609.0,9.82258064516129,43.0,0.6935483870967742,2,7.0,0.0,8.988544428306469,0.7,0.7,10,1,4.0,0.6195138376614903,0,3.0,0.9608105777014738,1,0.0,0.5245873297024435
1192.0,13,281.0,4.9298245614035086,8.570184656179098,57,472.0,8.280701754385966,0.0,0.0,0,16.0,9.0,7.835957375267682,1.6,1.6,10,0,13.0,0.6342418851319377,0,3.0,0.768614793279197,0,0.0,0.7139281592578588
1200.0,11,332.0,5.627118644067797,7.936765262537443,59,550.0,9.322033898305085,78.0,1.3220338983050848,1,19.0,3.0,7.721933672552849,1.1875,1.1875,16,1,13.0,0.3285209019958729,0,3.0,0.8317664700580493,0,3.0,0.7094341511070678
1208.0,19,397.0,6.107692307692307,6.748804673151868,65,633.0,9.738461538461538,83.0,1.2769230769230768,5,16.0,0.0,6.374161829249527,0.8888888888888888,0.8888888888888888,18,3,8.0,0.3584665963383947,1,7.0,0.5053093933950764,1,1.0,0.6393521908385411
1216.0,9,197.0,2.897058823529412,8.20122178052512,68,647.0,9.514705882352942,14.0,0.2058823529411764,2,24.0,8.0,7.433584829011912,1.5,1.5,16,1,1.0,0.3803464731850167,1,19.0,0.6694648740085066,0,4.0,0.8380032862349627
1224.0,9,41.0,0.6212121212121212,8.930513102964905,66,649.0,9.833333333333334,2.0,0.0303030303030303,3,76.0,52.0,6.768076778981413,5.066666666666666,5.066666666666666,15,2,73.0,0.4670999023387299,1,3.0,0.4542196898175176,0,0.0,0.9079314250645336
1232.0,11,71.0,1.0289855072463767,8.051565218311744,69,703.0,10.18840579710145,54.0,0.782608695652174,5,141.0,65.0,5.301416989238582,8.294117647058824,8.294117647058824,17,2,79.0,0.2129034335678944,1,37.0,0.6448705147413542,2,25.0,0.4663758411329377
1240.0,12,36.0,0.5538461538461539,7.161013489359813,65,669.0,10.292307692307691,0.0,0.0,7,178.0,37.0,4.324476707236704,9.88888888888889,9.88888888888889,18,3,102.0,0.2110783779087011,2,54.0,0.4959116285342478,2,22.0,0.3341378594020047
1248.0,7,24.0,0.3582089552238806,7.208450263349529,67,575.0,8.582089552238806,0.0,0.0,3,117.0,0.0,6.737118571827711,6.157894736842105,6.157894736842105,19,1,93.0,0.4009912112372092,2,21.0,0.4377314372708462,0,3.0,0.7697251476942321
1256.0,11,52.0,0.7761194029850746,7.901135531919842,67,585.0,8.73134328358209,10.0,0.1492537313432835,9,72.0,0.0,1.914232032356867,4.5,4.5,16,3,25.0,0.1023289962821864,5,40.0,0.0492758760993055,1,7.0,0.2952167258037753
1264.0,5,53.0,0.828125,9.539409051858549,64,576.0,9.0,0.0,0.0,3,236.0,164.0,8.42215003110152,13.882352941176473,13.882352941176473,17,1,61.0,0.5452990650863493,2,173.0,0.5966771080137432,0,2.0,0.9574360998500056
1272.0,14,47.0,0.7230769230769231,7.199811307193926,65,589.0,9.06153846153846,13.0,0.2,10,226.0,0.0,4.355552413882627,11.894736842105264,11.894736842105264,19,4,73.0,0.3765030373295134,6,153.0,0.2712184348822654,0,0.0,0.2087712515456909
1280.0,8,54.0,0.7714285714285715,8.086416588157126,70,653.0,9.32857142857143,64.0,0.9142857142857144,3,26.0,0.0,6.904787319227782,1.625,1.625,16,2,10.0,0.4739149532062949,1,16.0,0.501032318550863,0,0.0,0.8562836405660625
1288.0,8,46.0,0.6388888888888888,8.685391886891864,72,609.0,8.458333333333334,0.0,0.0,6,79.0,53.0,6.349218999905757,3.761904761904762,3.761904761904762,21,2,23.0,0.2860379379685228,4,52.0,0.5464313846065844,0,4.0,0.9473270911806642
1296.0,9,63.0,0.9402985074626866,7.391362787896313,67,568.0,8.477611940298507,0.0,0.0,2,52.0,0.0,4.214006694467269,3.0588235294117645,3.0588235294117645,17,1,12.0,0.4169122554050939,0,39.0,0.3691991534358335,1,1.0,0.0084766892985193
1304.0,19,139.0,2.106060606060606,6.622417771997791,66,525.0,7.954545454545454,0.0,0.0,10,121.0,69.0,4.161400205993239,4.84,4.84,25,2,26.0,0.4434118687324269,7,86.0,0.2730734592027574,1,9.0,0.1832142907738558
1312.0,14,113.0,1.6865671641791045,6.702299473743812,67,628.0,9.373134328358208,103.0,1.537313432835821,8,116.0,0.0,3.6781493547395554,5.2727272727272725,5.2727272727272725,22,4,39.0,0.3547590735810592,4,77.0,0.234067048519148,0,0.0,0.5064030732975473
1320.0,15,133.0,1.9558823529411764,7.387873091468528,68,621.0,9.132352941176473,0.0,0.0,6,116.0,0.0,4.709065303378676,6.444444444444445,6.444444444444445,18,2,26.0,0.3791633207089696,4,90.0,0.3103816568301287,0,0.0,1.0
1328.0,16,181.0,2.661764705882353,7.595776281964641,68,674.0,9.911764705882351,53.0,0.7794117647058824,7,112.0,0.0,7.042947669757875,5.333333333333333,5.333333333333333,21,3,31.0,0.5004063339938682,3,77.0,0.5292206571928738,1,4.0,0.5064707724282586
1336.0,12,39.0,0.582089552238806,7.142246787227888,67,690.0,10.298507462686567,16.0,0.2388059701492537,8,167.0,55.0,4.829031404641934,6.958333333333333,6.958333333333333,24,4,73.0,0.1755446158409446,4,94.0,0.3352602511541315,0,0.0,0.8854102973224554
1344.0,9,49.0,0.7313432835820896,7.685985394024914,67,715.0,10.671641791044776,25.0,0.373134328358209,6,157.0,0.0,4.046139195327088,9.8125,9.8125,16,3,81.0,0.2347967128889474,3,75.0,0.3166830520552203,0,1.0,0.5540864824715305
1352.0,7,32.0,0.4923076923076923,7.8932136642105295,65,679.0,10.446153846153846,0.0,0.0,3,114.0,0.0,6.542596234251558,7.6,7.6,15,1,84.0,0.5203405660996362,2,27.0,0.3971985360840891,0,3.0,0.9875164549446483
1360.0,12,63.0,0.984375,8.400367277418628,64,589.0,9.203125,0.0,0.0,3,161.0,47.0,7.635263333551361,8.944444444444445,8.944444444444445,18,2,95.0,0.3249931663744804,1,66.0,0.675941980437289,0,0.0,0.7720995220888422
1368.0,11,89.0,1.3692307692307693,8.646998082940117,65,517.0,7.953846153846154,0.0,0.0,2,33.0,0.0,7.52290326305798,4.125,4.125,8,0,0.0,0.5359253029790195,2,25.0,0.3100670497886238,0,8.0,0.863739699260289
1376.0,14,130.0,2.096774193548387,7.857485574067028,62,589.0,9.5,72.0,1.1612903225806452,5,36.0,3.0,6.731326240546218,2.571428571428572,2.571428571428572,14,1,12.0,0.7613478206881055,2,9.0,0.3875455767909474,2,15.0,0.324616020151154
1384.0,4,24.0,0.375,8.903924384850118,64,550.0,8.59375,0.0,0.0,3,55.0,19.0,7.346884210002885,3.4375,3.4375,16,3,28.0,0.1908920980685399,0,20.0,0.7020881517307073,0,7.0,0.8563440745740252
1392.0,10,34.0,0.5151515151515151,8.904532080487598,66,521.0,7.893939393939394,0.0,0.0,2,53.0,0.0,8.817582685124075,3.533333333333333,3.533333333333333,15,1,31.0,0.5531404434993851,1,13.0,0.6947205221250077,0,9.0,0.7692815090613488
1400.0,12,77.0,1.1492537313432836,8.157075260447646,67,533.0,7.955223880597015,12.0,0.1791044776119403,5,76.0,23.0,6.636303977783019,4.222222222222222,4.222222222222222,18,1,38.0,0.5446150764093964,2,25.0,0.4915819704620809,2,13.0,0.396843834181395
1408.0,8,110.0,1.8644067796610169,8.530795048312207,59,468.0,7.932203389830509,0.0,0.0,1,12.0,0.0,7.281957127823812,1.0,1.0,12,0,4.0,0.4681666634543354,1,6.0,0.6180362468170555,0,2.0,0.9260429764666258
1416.0,9,20.0,0.3448275862068966,7.774747480107994,58,463.0,7.982758620689655,0.0,0.0,5,30.0,18.0,5.181204650474486,2.3076923076923075,2.3076923076923075,13,2,12.0,0.3256095919273651,3,15.0,0.3156512242221512,0,3.0,0.626387750827835
1424.0,12,41.0,0.7068965517241379,7.531165058765103,58,493.0,8.5,30.0,0.5172413793103449,3,66.0,36.0,5.223848330880137,6.0,6.0,11,2,7.0,0.1171681929217116,1,59.0,0.278760608041141,0,0.0,0.8013501819032172
1432.0,13,109.0,2.0961538461538463,7.8414305389704975,52,485.0,9.326923076923077,0.0,0.0,5,83.0,17.0,3.4014436302901903,6.916666666666667,6.916666666666667,12,1,8.0,0.240792536614315,4,75.0,0.1665651526781824,0,0.0,0.9350827409376736
1440.0,13,161.0,3.0961538461538463,7.069390784951419,52,529.0,10.173076923076923,44.0,0.8461538461538461,2,12.0,0.0,7.327688846320119,1.2,1.2,10,2,4.0,0.2482181165862713,0,6.0,0.719571906571911,0,2.0,0.8645784372123168
1448.0,7,45.0,0.8181818181818182,7.971387388723187,55,591.0,10.745454545454546,62.0,1.1272727272727272,2,13.0,1.0,6.986419878411564,1.0,1.0,13,1,6.0,0.4124351218332752,0,0.0,0.8712797003983207,1,7.0,0.3574803977142669
1456.0,10,75.0,1.4150943396226414,7.268282333675787,53,605.0,11.41509433962264,14.0,0.2641509433962264,4,27.0,14.0,5.6640971769557895,2.4545454545454546,2.4545454545454546,11,3,22.0,0.2799238559218117,1,5.0,0.6376206806362373,0,0.0,0.6787865812795394
1464.0,9,110.0,2.0754716981132075,8.140072294398125,53,672.0,12.679245283018869,67.0,1.2641509433962264,2,13.0,0.0,6.706404238075724,1.4444444444444444,1.4444444444444444,9,1,4.0,0.3134679309766707,1,9.0,0.4827168937243138,0,0.0,0.9230423226987676
1472.0,5,73.0,1.553191489361702,8.988029705655949,47,601.0,12.787234042553193,0.0,0.0,2,43.0,30.0,9.41723148419896,4.3,4.3,10,2,10.0,0.4554116470557479,0,33.0,0.9475209526921644,0,0.0,0.7390169150034912
1480.0,6,54.0,1.2,8.7959114924954,45,629.0,13.977777777777778,28.0,0.6222222222222222,1,96.0,53.0,7.111436046099148,19.2,19.2,5,1,1.0,0.0009468027196235,0,95.0,0.8271592281284047,0,0.0,0.3047693118881199
1488.0,7,68.0,1.619047619047619,8.413728676543585,42,565.0,13.452380952380953,0.0,0.0,1,108.0,12.0,9.469409502126693,10.8,10.8,10,0,0.0,1.0,1,105.0,0.6293580333188912,0,3.0,0.8251484032119618
1496.0,8,82.0,1.673469387755102,7.75664096875704,49,570.0,11.63265306122449,5.0,0.1020408163265306,1,99.0,0.0,6.397563347631122,12.375,12.375,8,0,0.0,1.0,0,99.0,0.5724841453981228,1,0.0,0.5540333729078456
1504.0,4,10.0,0.2,9.067785661228788,50,489.0,9.78,0.0,0.0,1,58.0,0.0,5.0930355805407,7.25,7.25,8,1,58.0,0.3313942243685031,0,0.0,1.0,0,0.0,0.6983188373723814
1512.0,7,36.0,0.6792452830188679,8.448151625727956,53,508.0,9.58490566037736,19.0,0.3584905660377358,1,94.0,36.0,7.95460358835583,5.529411764705882,5.529411764705882,17,1,5.0,0.4038298326804583,0,86.0,0.5739809189345949,0,3.0,0.8808223088672488
1520.0,4,7.0,0.1186440677966101,8.494648077422719,59,534.0,9.05084745762712,26.0,0.4406779661016949,4,24.0,0.0,6.580778950359413,1.3333333333333333,1.3333333333333333,18,0,0.0,0.7689223225693883,2,14.0,0.409166911186093,2,10.0,0.6024121446113522
1528.0,6,25.0,0.4464285714285714,8.981343493493844,56,389.0,6.946428571428571,0.0,0.0,3,43.0,19.0,6.326107793217899,3.071428571428572,3.071428571428572,14,3,6.0,0.2088482856043093,0,37.0,0.8818033775221471,0,0.0,0.6142001901738275
1536.0,6,48.0,0.8275862068965517,8.353279674205401,58,335.0,5.775862068965517,0.0,0.0,1,9.0,0.0,7.654156511714746,0.5,0.5,18,0,0.0,0.5190868965986277,1,7.0,0.6361077930556573,0,2.0,0.7808444606338877
1544.0,9,69.0,1.1129032258064515,7.942387675553381,62,394.0,6.354838709677419,59.0,0.9516129032258064,5,23.0,14.0,6.376160431288375,1.3529411764705883,1.3529411764705883,17,1,6.0,0.5551291432541506,3,15.0,0.5171829116612174,1,2.0,0.3215839386463395
1552.0,14,101.0,1.6290322580645162,7.289878257542676,62,393.0,6.338709677419355,0.0,0.0,5,54.0,31.0,4.877774244523327,4.153846153846154,4.153846153846154,13,3,9.0,0.0714593052964311,2,45.0,0.4360410829579825,0,0.0,0.581085415683932
1560.0,10,53.0,0.828125,7.684076702698242,64,388.0,6.0625,0.0,0.0,8,86.0,32.0,3.124924047648435,5.733333333333333,5.733333333333333,15,2,24.0,0.0,4,58.0,0.1654276428621426,2,4.0,0.451231271043345
1568.0,7,22.0,0.3188405797101449,8.192476673109306,69,387.0,5.608695652173913,0.0,0.0,1,7.0,0.0,8.813395541420473,0.4375,0.4375,16,0,6.0,0.7427957400471142,1,1.0,0.4873643020987192,0,0.0,0.8207360311991131
1576.0,10,79.0,1.253968253968254,8.919176472341533,63,418.0,6.634920634920635,31.0,0.492063492063492,2,54.0,47.0,7.781696790280478,2.8421052631578947,2.8421052631578947,19,1,8.0,0.507079054197004,0,44.0,0.8303104940469247,1,2.0,0.3314959474273721
1584.0,13,154.0,2.75,7.390551127923217,56,463.0,8.267857142857142,45.0,0.8035714285714286,4,17.0,0.0,2.5366728754473438,2.4285714285714284,2.4285714285714284,7,1,5.0,0.1095851016468125,2,8.0,0.0116354544727692,1,4.0,0.4834617917504443
1592.0,11,194.0,3.3448275862068964,7.961761216752259,58,540.0,9.310344827586206,77.0,1.3275862068965518,3,41.0,24.0,6.9422977339523255,2.9285714285714284,2.9285714285714284,14,0,21.0,0.6729389630830195,2,11.0,0.3227006375113296,1,9.0,0.6027977977553858
1600.0,7,90.0,1.5,8.007033149709,60,537.0,8.95,0.0,0.0,4,79.0,38.0,7.008381039236959,5.266666666666667,5.266666666666667,15,1,9.0,0.5179162857881333,1,53.0,0.5892854501998087,2,17.0,0.5632212207873065
1608.0,9,36.0,0.5714285714285714,9.234687503587228,63,545.0,8.65079365079365,8.0,0.1269841269841269,6,136.0,57.0,6.315469663068364,9.066666666666666,9.066666666666666,15,1,109.0,0.5304374747787035,3,23.0,0.3708536449633558,2,4.0,0.5680779692131696
1616.0,5,12.0,0.2033898305084746,8.540493425220411,59,528.0,8.94915254237288,0.0,0.0,1,173.0,37.0,7.53957696247434,15.727272727272728,15.727272727272728,11,0,95.0,0.5092358961754492,1,78.0,0.6169277214406784,0,0.0,1.0
1624.0,7,49.0,0.8909090909090909,9.540135243919206,55,549.0,9.981818181818182,21.0,0.3818181818181818,2,73.0,0.0,7.93263673898279,5.615384615384615,5.615384615384615,13,2,13.0,0.6084736444279244,0,60.0,0.5963068914245422,0,0.0,1.0
1632.0,3,12.0,0.2264150943396226,9.102495429769464,53,465.0,8.773584905660377,0.0,0.0,3,57.0,0.0,7.992618281660396,4.071428571428571,4.071428571428571,14,0,22.0,0.6780526087823014,3,32.0,0.4793453725613096,0,3.0,0.9360757234547464
1640.0,5,19.0,0.3958333333333333,8.822782756913348,48,402.0,8.375,0.0,0.0,2,60.0,3.0,6.404822976058766,4.285714285714286,4.285714285714286,14,2,55.0,0.3952817955384033,0,5.0,0.6894283497015103,0,0.0,0.791107990415706
1648.0,4,17.0,0.3269230769230769,9.024297340620494,52,300.0,5.769230769230769,0.0,0.0,3,102.0,42.0,6.920540610305919,6.0,6.0,17,3,52.0,0.394700582846696,0,50.0,0.7363649194713332,0,0.0,0.7875831957664989
1656.0,10,65.0,1.2264150943396226,7.846329128206066,53,253.0,4.773584905660377,0.0,0.0,6,114.0,12.0,5.36471447215179,6.705882352941177,6.705882352941177,17,4,56.0,0.3398938599091292,1,58.0,0.5864119802945942,1,0.0,0.7195569432003917
1664.0,3,8.0,0.1481481481481481,9.215449692826056,54,242.0,4.481481481481482,0.0,0.0,2,15.0,0.0,7.633865430453735,1.0,1.0,15,2,6.0,0.3705906456007703,0,9.0,0.792344578879788,0,0.0,0.8948465887061061
1672.0,8,28.0,0.5,8.871118636173055,56,225.0,4.017857142857143,0.0,0.0,7,24.0,9.0,5.043835250631086,1.411764705882353,1.411764705882353,17,2,6.0,0.5596617743701596,2,14.0,0.3122867449606421,3,4.0,0.1575870964779555
1680.0,2,4.0,0.0727272727272727,10.03433156418926,55,213.0,3.872727272727273,0.0,0.0,1,10.0,0.0,9.6564226265519,0.8333333333333334,0.8333333333333334,12,1,4.0,0.4584715784823476,0,0.0,0.635555436862315,0,6.0,0.7744765689383409
1688.0,3,9.0,0.173076923076923,11.09795288411842,52,171.0,3.2884615384615383,0.0,0.0,1,23.0,13.0,9.746324252220552,2.555555555555556,2.555555555555556,9,1,3.0,1.42767496767613e-05,0,20.0,0.9266720588758304,0,0.0,0.8667877806114821
1696.0,5,29.0,0.5686274509803921,9.157360148453373,51,132.0,2.588235294117647,0.0,0.0,1,6.0,0.0,10.04907561286755,0.6,0.6,10,0,0.0,0.7012955891912818,1,3.0,0.6732340542958098,0,3.0,0.8832874837829712
1704.0,5,19.0,0.3725490196078431,8.525404813427027,51,154.0,3.019607843137255,22.0,0.4313725490196078,3,26.0,20.0,6.1150864209487645,2.6,2.6,10,0,12.0,0.7572815200559367,2,10.0,0.3043463657650467,1,4.0,0.1304096630159061
1712.0,8,31.0,0.5535714285714286,9.362243045143344,56,182.0,3.25,28.0,0.5,4,23.0,0.0,7.366448675158423,1.7692307692307692,1.7692307692307692,13,3,10.0,0.3891522814903927,1,13.0,0.6177541942663589,0,0.0,0.9176086945609412
1720.0,3,9.0,0.1666666666666666,10.117338918190844,54,146.0,2.703703703703704,0.0,0.0,3,24.0,1.0,7.322305386991524,1.6,1.6,15,0,3.0,0.6145306687215265,3,21.0,0.3696690734760703,0,0.0,0.9760045071987884
1728.0,5,8.0,0.1777777777777777,8.959155654962274,45,119.0,2.6444444444444444,0.0,0.0,1,13.0,0.0,5.516994534113768,2.1666666666666665,2.1666666666666665,6,1,3.0,0.1279643036589806,0,10.0,0.577720130516842,0,0.0,1.0
1736.0,7,43.0,1.0,7.826674874535813,43,151.0,3.511627906976744,32.0,0.7441860465116279,2,14.0,1.0,2.283847124763783,2.333333333333333,2.333333333333333,6,1,11.0,0.2242882744434362,1,3.0,6.733693268851777e-05,0,0.0,0.3187201255428616
1744.0,0,0.0,0.0,8.705098821492971,45,157.0,3.488888888888889,6.0,0.1333333333333333,0,5.0,0.0,8.984033047953584,0.7142857142857143,0.7142857142857143,7,0,2.0,0.7152348448223472,0,3.0,0.9491076573850316,0,0.0,0.5540646526940778
1752.0,4,8.0,0.1666666666666666,9.803718713914297,48,144.0,3.0,0.0,0.0,3,35.0,30.0,8.686692887135239,2.6923076923076925,2.6923076923076925,13,3,35.0,0.4505210502110409,0,0.0,0.6458485304553505,0,0.0,0.8462925260603837
1760.0,2,6.0,0.125,8.250620984205355,48,119.0,2.4791666666666665,0.0,0.0,2,34.0,0.0,6.246690166118214,2.833333333333333,2.833333333333333,12,1,25.0,0.3957034401582828,0,7.0,0.9503098017155648,1,2.0,0.1837127299276698
1768.0,4,8.0,0.1818181818181818,8.584692139949126,44,116.0,2.636363636363636,0.0,0.0,2,24.0,0.0,6.566327059954077,1.8461538461538465,1.8461538461538465,13,1,22.0,0.2986409167454931,1,2.0,0.4582917586128412,0,0.0,0.8084830765018344
1776.0,4,15.0,0.3125,7.9456586011262225,48,110.0,2.2916666666666665,0.0,0.0,2,12.0,0.0,6.3532422277049765,0.6666666666666666,0.6666666666666666,18,1,7.0,0.5267633136785673,1,5.0,0.4200009484761572,0,0.0,0.840195987178734
1784.0,5,17.0,0.3541666666666667,9.325467442330735,48,130.0,2.708333333333333,20.0,0.4166666666666667,3,11.0,0.0,7.666525781383362,0.6875,0.6875,16,2,8.0,0.4465134336800918,0,1.0,0.7575264952844571,1,2.0,0.6981371249153974
1792.0,5,11.0,0.2156862745098039,8.883695105343305,51,126.0,2.4705882352941178,0.0,0.0,4,20.0,9.0,4.874149492155903,1.3333333333333333,1.3333333333333333,15,1,4.0,9.824118804779576e-05,2,16.0,0.5642469312294627,1,0.0,0.4092652644424131
1800.0,3,17.0,0.2982456140350877,8.53970789307056,57,144.0,2.526315789473684,18.0,0.3157894736842105,3,41.0,21.0,6.524975820430814,1.8636363636363635,1.8636363636363635,22,0,3.0,0.9999075816216392,1,19.0,0.5052053269421505,2,19.0,0.5289034600228035
1808.0,6,13.0,0.2166666666666666,8.352473018474418,60,143.0,2.3833333333333333,0.0,0.0,2,19.0,0.0,5.016740182326461,1.2666666666666666,1.2666666666666666,15,0,0.0,0.9200426736072947,2,16.0,0.1875948894522129,0,3.0,0.6500301835021048
1816.0,8,23.0,0.3538461538461538,8.203779750162946,65,170.0,2.6153846153846154,27.0,0.4153846153846154,7,43.0,24.0,5.713818892054542,2.0476190476190474,2.0476190476190474,21,2,6.0,0.3043715734527443,4,31.0,0.36715261992289,1,6.0,0.6319823124468439
1824.0,7,28.0,0.4242424242424242,8.533723797708632,66,219.0,3.3181818181818183,49.0,0.7424242424242424,3,23.0,0.0,5.506314926000703,2.3,2.3,10,0,0.0,0.937256350086063,0,8.0,0.4309363335598808,3,15.0,0.2008747207548885
1832.0,10,55.0,0.8333333333333334,8.085881388834967,66,257.0,3.893939393939394,38.0,0.5757575757575758,1,7.0,0.0,8.53346731547191,0.875,0.875,8,1,3.0,0.0005325643817503,0,2.0,0.8484155390804011,0,2.0,0.7154597977638648
1840.0,8,34.0,0.5483870967741935,9.238823391825358,62,246.0,3.967741935483871,0.0,0.0,3,30.0,23.0,8.197403889946777,3.75,3.75,8,1,23.0,0.6223206553805493,2,7.0,0.5695581404229669,0,0.0,1.0
1848.0,9,61.0,0.9682539682539684,8.873257266286023,63,296.0,4.698412698412699,50.0,0.7936507936507936,1,48.0,18.0,9.57689240986002,4.363636363636363,4.363636363636363,11,0,11.0,0.7925240968008882,1,37.0,0.5612689985908589,0,0.0,0.9977180092619886
1856.0,12,106.0,1.6825396825396826,7.5904243531312465,63,333.0,5.285714285714286,37.0,0.5873015873015873,5,60.0,12.0,6.169084085963029,3.333333333333333,3.333333333333333,18,2,9.0,0.4239321566893959,2,51.0,0.5294041777487888,1,0.0,0.4677226160384748
1864.0,6,61.0,0.9384615384615383,7.949515682482876,65,407.0,6.2615384615384615,74.0,1.1384615384615384,3,93.0,33.0,5.766205358757834,4.043478260869565,4.043478260869565,23,2,16.0,0.2824354451712642,1,38.0,0.4014138754540648,0,39.0,0.619716255423214
1872.0,10,22.0,0.3492063492063492,8.354478885171249,63,405.0,6.428571428571429,0.0,0.0,4,27.0,0.0,7.3381509493502834,1.8,1.8,15,2,18.0,0.3004554074793103,2,9.0,0.5025079721142478,0,0.0,0.8678358508624694
1880.0,9,71.0,1.109375,8.618895701614925,64,445.0,6.953125,40.0,0.625,3,58.0,31.0,6.09738472005756,3.8666666666666663,3.8666666666666663,15,2,23.0,0.2986058352263059,0,24.0,0.667163378680274,1,11.0,0.4894280177691391
1888.0,13,134.0,2.19672131147541,8.62508207328129,61,485.0,7.950819672131147,40.0,0.6557377049180327,1,28.0,0.0,10.412954564005858,1.75,1.75,16,0,6.0,0.834086182509538,0,3.0,0.7730747021075939,1,19.0,0.6944943889981661
1896.0,6,37.0,0.6166666666666667,8.299182615392624,60,478.0,7.966666666666667,0.0,0.0,2,23.0,0.0,4.749770874566588,1.5333333333333334,1.5333333333333334,15,1,11.0,0.3669807569751585,1,9.0,0.3609081367215719,0,3.0,0.5073186930081003
1904.0,9,43.0,0.7288135593220338,7.962849805818864,59,466.0,7.898305084745763,0.0,0.0,1,73.0,50.0,7.495724110245405,6.083333333333333,6.083333333333333,12,0,3.0,0.5354013879694983,1,67.0,0.6944696957239553,0,3.0,0.4636297875583691
1912.0,5,27.0,0.4909090909090909,8.554835760725028,55,440.0,8.0,0.0,0.0,3,27.0,0.0,5.600036890539696,1.6875,1.6875,16,2,12.0,0.3067717873786081,1,14.0,0.3899015837334554,0,1.0,0.7158022638088797
1920.0,5,19.0,0.3392857142857143,8.365670166778624,56,406.0,7.25,0.0,0.0,1,60.0,33.0,6.282898020347662,3.1578947368421053,3.1578947368421053,19,0,54.0,0.4800233297276036,0,3.0,0.605271313029296,1,3.0,0.3263689063461653
1928.0,9,69.0,1.30188679245283,8.966255327429796,53,394.0,7.433962264150943,0.0,0.0,5,67.0,7.0,5.359040178635791,5.583333333333333,5.583333333333333,12,5,26.0,0.176512255834999,0,41.0,0.8982301698135261,0,0.0,0.981241855197494
1936.0,4,11.0,0.2291666666666666,8.7834321435878,48,380.0,7.916666666666667,0.0,0.0,3,81.0,14.0,6.212429956754035,6.230769230769231,6.230769230769231,13,2,32.0,0.224126071881948,1,43.0,0.6595234153412809,0,6.0,0.9398272231976228
1944.0,10,46.0,0.8846153846153846,8.02964837186053,52,361.0,6.9423076923076925,0.0,0.0,4,61.0,0.0,8.024298604825113,3.588235294117647,3.588235294117647,17,3,29.0,0.3637376384154162,1,32.0,0.7246437278960229,0,0.0,0.9645058273834414
1952.0,8,73.0,1.3035714285714286,8.426292753268491,56,386.0,6.892857142857143,25.0,0.4464285714285714,3,24.0,0.0,5.223875696638016,1.7142857142857142,1.7142857142857142,14,2,20.0,0.2324612658338164,0,0.0,0.9129360737046108,1,4.0,0.3683181663454447
1960.0,7,57.0,1.0,8.36569246014732,57,371.0,6.508771929824562,0.0,0.0,5,38.0,14.0,7.137272702494895,2.533333333333333,2.533333333333333,15,3,27.0,0.4200445091534434,2,11.0,0.659760767868488,0,0.0,0.9834899637778518
1968.0,7,14.0,0.2456140350877192,8.647559622790057,57,333.0,5.842105263157895,0.0,0.0,5,54.0,16.0,6.518436954385343,3.0,3.0,18,2,15.0,0.3948876349427176,3,39.0,0.4838898007268229,0,0.0,0.979976153429347
1976.0,8,27.0,0.4655172413793103,7.522414795228685,58,317.0,5.465517241379311,0.0,0.0,6,125.0,71.0,3.483544937513876,7.8125,7.8125,16,3,45.0,0.2991023095921057,3,80.0,0.1548499478886513,0,0.0,0.9716122374031196
1984.0,5,21.0,0.3962264150943396,9.427876588959036,53,325.0,6.132075471698113,8.0,0.1509433962264151,3,59.0,0.0,6.678098821486232,4.214285714285714,4.214285714285714,14,2,44.0,0.3685846317616107,1,12.0,0.6893894977335757,0,3.0,0.8105264458550697
1992.0,8,53.0,0.9636363636363636,8.851185701616615,55,339.0,6.163636363636364,14.0,0.2545454545454545,4,104.0,45.0,6.476715666798533,7.428571428571429,7.428571428571429,14,2,24.0,0.3355879995349162,2,74.0,0.4660632859091997,0,6.0,0.8389701955924292
2000.0,0,0.0,0.0,8.839588789069458,52,337.0,6.480769230769231,0.0,0.0,0,16.0,0.0,6.064271425147639,1.3333333333333333,1.3333333333333333,12,0,6.0,0.3079918964682125,0,3.0,0.3483978796634933,0,7.0,0.6313260749492936
2008.0,7,27.0,0.4909090909090909,8.859297093076913,55,371.0,6.745454545454545,34.0,0.6181818181818182,3,17.0,1.0,5.304482542445694,1.8888888888888888,1.8888888888888888,9,3,17.0,0.1987299858068411,0,0.0,0.7430822656542434,0,0.0,0.9443436301352476
2016.0,4,25.0,0.4807692307692308,9.54738775989753,52,309.0,5.9423076923076925,0.0,0.0,2,25.0,8.0,6.909130664311819,3.125,3.125,8,1,8.0,0.4020469908804851,0,14.0,0.8187138260469196,1,3.0,0.3616439559680647
2024.0,7,52.0,1.1063829787234043,8.907276639283708,47,258.0,5.48936170212766,0.0,0.0,5,43.0,18.0,7.421638993434041,2.6875,2.6875,16,3,13.0,0.2301188202683609,1,27.0,0.6257686585905208,1,3.0,0.6508863381510099
2032.0,10,75.0,1.5625,8.26081735243546,48,265.0,5.520833333333333,7.0,0.1458333333333333,5,46.0,3.0,5.454734701837921,2.7058823529411766,2.7058823529411766,17,1,6.0,0.2795458168801796,1,25.0,0.6511329502552071,3,15.0,0.2479253990905864
2040.0,7,24.0,0.5454545454545454,9.149924440108045,44,276.0,6.2727272727272725,11.0,0.25,4,53.0,7.0,5.546049309069173,4.818181818181818,4.818181818181818,11,3,49.0,0.1545952833042799,1,4.0,0.7375003763430747,0,0.0,0.9515524454120362
2048.0,3,3.0,0.0666666666666666,9.486541563611016,45,248.0,5.511111111111111,0.0,0.0,2,37.0,0.0,5.881385343527802,4.625,4.625,8,0,29.0,0.5611415211137969,2,8.0,0.4554366271111821,0,0.0,0.5690628875033845
2056.0,3,11.0,0.2391304347826087,9.793185898976455,46,251.0,5.456521739130435,3.0,0.0652173913043478,2,40.0,3.0,6.252256994715815,6.666666666666667,6.666666666666667,6,1,31.0,0.4810363878876062,1,9.0,0.3856094466133871,0,0.0,1.0
2064.0,3,24.0,0.5217391304347826,8.705860523470436,46,216.0,4.695652173913044,0.0,0.0,1,13.0,0.0,5.86526610900505,1.4444444444444444,1.4444444444444444,9,0,0.0,0.274792239093974,1,13.0,0.4856073511186745,0,0.0,0.923935141904952
2072.0,4,43.0,0.9772727272727272,8.655390758395505,44,189.0,4.295454545454546,0.0,0.0,2,29.0,16.0,6.796132716630987,3.625,3.625,8,0,0.0,0.6385261150299433,2,29.0,0.3044158666192011,0,0.0,1.0
2080.0,6,26.0,0.7222222222222222,8.428641213446891,36,140.0,3.888888888888889,0.0,0.0,4,15.0,0.0,6.6144449674321,1.1538461538461535,1.1538461538461535,13,4,8.0,0.4880887746876462,0,7.0,0.5635539241725116,0,0.0,1.0
2088.0,4,3.0,0.075,8.394589952068046,40,155.0,3.875,15.0,0.375,3,5.0,0.0,6.511393352316434,0.3846153846153846,0.3846153846153846,13,2,3.0,0.2921387159977145,1,2.0,0.7214225027223357,0,0.0,0.7467652546456377
2096.0,5,17.0,0.3695652173913043,8.299247812341543,46,179.0,3.891304347826087,24.0,0.5217391304347826,3,28.0,23.0,5.301172961177785,2.0,2.0,14,1,23.0,0.4868572734296066,2,5.0,0.4144861124558699,0,0.0,0.7505006671048461
2104.0,6,38.0,0.76,8.33283611337225,50,192.0,3.84,13.0,0.26,3,29.0,1.0,4.9069658323008,2.230769230769231,2.230769230769231,13,3,29.0,0.0286907504655218,0,0.0,0.9210716822369818,0,0.0,0.5535125190391609
2112.0,6,27.0,0.5,8.74791921909193,54,212.0,3.925925925925926,20.0,0.3703703703703703,3,46.0,17.0,6.999770249835585,2.7058823529411766,2.7058823529411766,17,1,39.0,0.5756490933425005,1,7.0,0.6373989428243754,1,0.0,0.5387560567913622
2120.0,8,26.0,0.490566037735849,9.342027849998088,53,192.0,3.6226415094339615,0.0,0.0,5,64.0,18.0,7.676743894195086,4.571428571428571,4.571428571428571,14,3,52.0,0.1376289194828623,1,5.0,0.6983727339077173,1,7.0,0.7691010063050009
2128.0,4,32.0,0.6037735849056604,9.13254209539156,53,182.0,3.4339622641509435,0.0,0.0,2,39.0,0.0,5.673855873884755,3.5454545454545454,3.5454545454545454,11,0,0.0,0.7941527083534892,1,27.0,0.3743347151369531,1,12.0,0.2961703687043718
2136.0,6,33.0,0.6226415094339622,9.336059132214531,53,164.0,3.0943396226415096,0.0,0.0,1,28.0,0.0,9.217373434470284,1.8666666666666667,1.8666666666666667,15,1,22.0,0.6217806492855356,0,6.0,0.5919775865835681,0,0.0,0.9305666705741982
2144.0,8,36.0,0.7058823529411765,8.736927181523559,51,202.0,3.9607843137254894,38.0,0.7450980392156863,3,14.0,0.0,6.085649528514846,1.5555555555555556,1.5555555555555556,9,2,2.0,0.0046992945419978,1,12.0,0.5881198224031483,0,0.0,0.8194719761039977
2152.0,11,92.0,1.7692307692307692,8.27570396555533,52,233.0,4.480769230769231,31.0,0.5961538461538461,3,33.0,19.0,7.332585936383879,3.0,3.0,11,1,9.0,0.5835878498958242,2,24.0,0.5850861263407175,0,0.0,0.3730519719814068
2160.0,9,102.0,1.9615384615384612,8.061492066237438,52,299.0,5.75,66.0,1.2692307692307692,4,67.0,34.0,5.234381233743007,6.090909090909091,6.090909090909091,11,2,14.0,0.5089095875599743,2,53.0,0.3559988080616896,0,0.0,0.17555867652896
2168.0,12,36.0,0.6923076923076923,7.46300489104262,52,334.0,6.423076923076923,35.0,0.6730769230769231,6,53.0,0.0,4.596817762626973,3.3125,3.3125,16,3,7.0,0.3301573220032818,3,46.0,0.2771564849497607,0,0.0,0.9136739384929594
2176.0,4,11.0,0.1929824561403508,8.51372464923924,57,325.0,5.701754385964913,0.0,0.0,2,108.0,55.0,8.747731044135712,6.352941176470588,6.352941176470588,17,2,10.0,0.5437445205625957,0,75.0,0.6817148503808358,0,23.0,0.9557711845684422
2184.0,10,35.0,0.625,8.20560688544399,56,349.0,6.232142857142857,24.0,0.4285714285714285,7,67.0,0.0,2.3432980180206333,5.583333333333333,5.583333333333333,12,3,10.0,0.2211963431127846,4,57.0,0.0846968895574237,0,0.0,1.0
2192.0,14,64.0,1.2307692307692308,7.268808406530554,52,404.0,7.769230769230769,55.0,1.0576923076923077,7,73.0,6.0,3.961912354660565,6.636363636363637,6.636363636363637,11,3,22.0,0.2943962365653574,4,51.0,0.2969508318909168,0,0.0,1.0
2200.0,4,48.0,0.9056603773584906,8.138333318493714,53,360.0,6.79245283018868,0.0,0.0,0,8.0,0.0,7.9684677989661585,1.1428571428571428,1.1428571428571428,7,0,8.0,0.4203504905193014,0,0.0,0.7152466347447367,0,0.0,0.7565984388292419
2208.0,8,92.0,1.84,8.97549334611102,50,264.0,5.28,0.0,0.0,3,32.0,24.0,8.262391174872661,4.0,4.0,8,2,25.0,0.5779106355784027,1,7.0,0.6386000912390365,0,0.0,1.0
2216.0,5,11.0,0.22,8.451311249266855,50,262.0,5.24,0.0,0.0,4,18.0,0.0,2.9725035486600038,2.0,2.0,9,3,10.0,0.034495346947187,1,8.0,0.3563908480814311,0,0.0,0.2904098724954343
2224.0,6,27.0,0.5,9.101072162290135,54,274.0,5.074074074074074,12.0,0.2222222222222222,1,63.0,45.0,9.705659030780428,4.846153846153846,4.846153846153846,13,1,18.0,0.569023917042122,0,45.0,0.8260635522300682,0,0.0,0.874207633537489
2232.0,8,66.0,1.2,8.406386296308922,55,300.0,5.454545454545454,26.0,0.4727272727272727,3,25.0,0.0,6.187650167462864,1.7857142857142858,1.7857142857142858,14,3,25.0,0.3649733039166324,0,0.0,0.6382417480529291,0,0.0,0.6241607002125367
2240.0,6,40.0,0.6557377049180327,8.573155393163413,61,323.0,5.295081967213115,23.0,0.3770491803278688,4,60.0,35.0,7.243662761030267,3.5294117647058822,3.5294117647058822,17,4,50.0,0.1974657258890603,0,6.0,0.5429380749324975,0,4.0,0.8212849037221974
2248.0,4,10.0,0.1666666666666666,10.102231072235352,60,348.0,5.8,25.0,0.4166666666666667,2,54.0,0.0,7.946508344211266,4.909090909090909,4.909090909090909,11,1,1.0,0.5061259152687548,0,52.0,0.8358610260201816,1,1.0,0.690739418089043
2256.0,7,31.0,0.5636363636363636,9.60036084507102,55,283.0,5.1454545454545455,0.0,0.0,4,115.0,61.0,7.634446508267757,8.214285714285714,8.214285714285714,14,1,82.0,0.7179029223779548,1,21.0,0.4384246388994722,2,12.0,0.5730297845486979
2264.0,6,20.0,0.3846153846153846,7.081367691100073,52,296.0,5.6923076923076925,13.0,0.25,4,68.0,0.0,4.71331126537137,4.533333333333333,4.533333333333333,15,3,47.0,0.2806928992282141,0,13.0,0.4711930607410972,1,8.0,0.3944885397052896
2272.0,8,41.0,0.82,7.941989141658618,50,289.0,5.78,0.0,0.0,1,23.0,0.0,7.370745200418825,3.2857142857142856,3.2857142857142856,7,0,3.0,0.4631010179684773,0,15.0,0.8544768192484598,1,5.0,0.4660800643844401
2280.0,12,84.0,1.6153846153846154,7.984040406793237,52,345.0,6.634615384615385,56.0,1.0769230769230769,4,14.0,0.0,4.269306291870554,1.5555555555555556,1.5555555555555556,9,2,1.0,0.0004713811575753,0,0.0,0.510861285136029,2,13.0,0.4380824569370484
2288.0,3,9.0,0.1875,8.517273207917592,48,320.0,6.666666666666667,0.0,0.0,2,12.0,0.0,7.590378713459258,1.0909090909090908,1.0909090909090908,11,0,0.0,0.9149626484193008,2,12.0,0.2959362828789746,0,0.0,0.3288953726030439
2296.0,3,8.0,0.1818181818181818,8.59981497841326,44,258.0,5.863636363636363,0.0,0.0,2,67.0,55.0,6.618099978627912,6.7,6.7,10,2,64.0,0.5035216281805557,0,3.0,0.5592862141742772,0,0.0,0.5369623570919392
2304.0,3,5.0,0.108695652173913,9.11112875835822,46,259.0,5.630434782608695,1.0,0.0217391304347826,1,96.0,29.0,7.178188725180149,8.727272727272727,8.727272727272727,11,1,59.0,0.1090585798680585,0,37.0,0.825872076891779,0,0.0,0.5961887009637837
2312.0,2,12.0,0.3157894736842105,9.98227322565967,38,230.0,6.052631578947368,0.0,0.0,0,26.0,0.0,10.038800424298868,2.888888888888889,2.888888888888889,9,0,17.0,0.9555913114816889,0,6.0,0.7962332503140144,0,3.0,0.9555604952199754
2320.0,2,5.0,0.1428571428571428,9.293259962272831,35,177.0,5.057142857142857,0.0,0.0,2,51.0,25.0,7.127791901176743,3.642857142857143,3.642857142857143,14,1,19.0,0.5277499485398456,1,32.0,0.6570978782899258,0,0.0,0.7422982759045049
2328.0,5,17.0,0.4146341463414634,8.892630582589659,41,178.0,4.341463414634147,1.0,0.024390243902439,3,18.0,0.0,6.131237084114407,1.2,1.2,15,1,6.0,0.2774173274452125,2,12.0,0.4074478076091523,0,0.0,0.9587736442738224
2336.0,6,15.0,0.3260869565217391,8.045672497482675,46,162.0,3.5217391304347827,0.0,0.0,4,15.0,0.0,4.482964147187121,1.0714285714285714,1.0714285714285714,14,2,6.0,0.4822157125938142,2,9.0,0.3750828699631625,0,0.0,0.4413758878819601
2344.0,3,4.0,0.0833333333333333,9.403466339463618,48,149.0,3.1041666666666665,0.0,0.0,3,4.0,0.0,3.983390392441729,0.4444444444444444,0.4444444444444444,9,2,2.0,0.1733463259248636,0,0.0,0.7071800107523116,1,2.0,0.4696010676433041
2352.0,6,27.0,0.574468085106383,9.772655418025456,47,137.0,2.9148936170212765,0.0,0.0,3,30.0,26.0,8.056621351407452,3.0,3.0,10,0,0.0,0.8044680386566443,2,16.0,0.3150376928913547,1,14.0,0.6055960513800064
2360.0,9,76.0,1.5833333333333333,8.622498718094704,48,191.0,3.9791666666666665,54.0,1.125,6,52.0,22.0,1.4832535108401446,6.5,6.5,8,3,7.0,0.1587299982961655,2,27.0,0.0,1,18.0,0.0
2368.0,9,62.0,1.2156862745098038,7.556799661757775,51,201.0,3.941176470588236,10.0,0.196078431372549,3,20.0,0.0,6.124462204510603,1.6666666666666667,1.6666666666666667,12,3,9.0,0.3042794208146905,0,3.0,0.5064684913749755,0,8.0,0.8371701519050909
2376.0,10,110.0,2.0,8.113367317917783,55,250.0,4.545454545454546,49.0,0.8909090909090909,2,8.0,0.0,7.073649055167497,0.7272727272727273,0.7272727272727273,11,2,5.0,0.3019675724185764,0,3.0,0.7809513156968657,0,0.0,0.9069743512555948
2384.0,9,124.0,2.3846153846153846,8.311120240718127,52,276.0,5.307692307692308,26.0,0.5,2,17.0,9.0,5.744805816298644,1.4166666666666667,1.4166666666666667,12,2,14.0,0.3450038519663543,0,0.0,0.7278982559413846,0,3.0,0.927987640803974
2392.0,6,64.0,1.1428571428571428,7.948714634901015,56,323.0,5.767857142857143,47.0,0.8392857142857143,2,44.0,27.0,6.534630107750776,2.933333333333333,2.933333333333333,15,2,24.0,0.1776313497977178,0,17.0,0.8564660220336637,0,3.0,0.907550326215458
2400.0,9,17.0,0.3269230769230769,8.342784458196856,52,280.0,5.384615384615385,0.0,0.0,7,71.0,27.0,5.010286698764645,4.4375,4.4375,16,4,58.0,0.4100022084215432,2,7.0,0.3730853280888681,1,6.0,0.4700145722279674
2408.0,10,42.0,0.84,7.232240757104964,50,323.0,6.46,43.0,0.86,5,104.0,33.0,4.018736594841891,6.933333333333334,6.933333333333334,15,4,51.0,0.1380554187024661,1,53.0,0.4728965866715005,0,0.0,0.5259763369121437
2416.0,9,78.0,1.5,7.933454341047398,52,383.0,7.365384615384615,60.0,1.1538461538461535,5,66.0,0.0,5.298335416462868,5.5,5.5,12,2,4.0,0.4811086582741821,2,58.0,0.329299648190662,1,4.0,0.0
2424.0,5,32.0,0.6037735849056604,9.165081874885894,53,389.0,7.339622641509434,6.0,0.1132075471698113,4,40.0,0.0,5.308134426031482,4.0,4.0,10,2,6.0,0.3169946856109646,2,34.0,0.0408436792080468,0,0.0,0.8680958395873629
2432.0,4,9.0,0.173076923076923,9.510228999182992,52,357.0,6.865384615384615,0.0,0.0,1,35.0,0.0,8.0104144372337,2.9166666666666665,2.9166666666666665,12,1,10.0,0.5597602402092375,0,22.0,0.5924339285527344,0,3.0,0.915110969975396
2440.0,3,9.0,0.1698113207547169,8.848979376157594,53,319.0,6.018867924528302,0.0,0.0,2,138.0,103.0,7.240018826304048,11.5,11.5,12,1,56.0,0.3516337480487864,1,82.0,0.7201925525973355,0,0.0,0.5879040151844938
2448.0,8,20.0,0.3448275862068966,8.420792742494513,58,297.0,5.120689655172414,0.0,0.0,4,72.0,0.0,7.129832965088594,4.235294117647059,4.235294117647059,17,0,1.0,0.3734934576494148,4,70.0,0.4529660266585036,0,1.0,0.830341288050572
2456.0,8,50.0,0.8771929824561403,8.508617759690178,57,333.0,5.842105263157895,36.0,0.631578947368421,2,43.0,0.0,5.837719326427642,3.583333333333333,3.583333333333333,12,1,3.0,0.3711103429721638,1,40.0,0.4194678995548102,0,0.0,0.8895028041851296
2464.0,11,119.0,2.125,8.506895752054433,56,363.0,6.482142857142857,30.0,0.5357142857142857,4,26.0,0.0,3.6712185797161143,3.7142857142857135,3.7142857142857135,7,2,4.0,0.405887244057284,2,22.0,0.0,0,0.0,1.0
2472.0,6,80.0,1.568627450980392,7.971391504922491,51,379.0,7.431372549019608,16.0,0.3137254901960784,1,20.0,0.0,8.669683658433208,2.2222222222222223,2.2222222222222223,9,1,14.0,0.5444161131345129,0,0.0,1.0,0,6.0,0.95335628095532
2480.0,9,47.0,0.7966101694915254,7.25986806948681,59,412.0,6.983050847457627,33.0,0.559322033898305,2,50.0,30.0,6.733850973273069,2.7777777777777777,2.7777777777777777,18,2,15.0,0.1031774265437234,0,29.0,0.8455206849238894,0,6.0,0.6489459472561536
2488.0,5,45.0,0.8035714285714286,8.750381383529444,56,442.0,7.892857142857143,30.0,0.5357142857142857,2,98.0,48.0,8.490545384530513,5.764705882352941,5.764705882352941,17,2,82.0,0.6408421891187769,0,13.0,0.8187962085869263,0,3.0,0.6409884489989995
2496.0,4,11.0,0.2391304347826087,8.60345352720019,46,414.0,9.0,0.0,0.0,3,96.0,0.0,6.556685938934415,9.6,9.6,10,1,48.0,0.4383351437900509,1,29.0,0.6220629811596977,1,19.0,0.4695293001206772
2504.0,8,29.0,0.6444444444444445,8.722838251057267,45,396.0,8.8,0.0,0.0,5,106.0,10.0,6.220460432684658,9.636363636363637,9.636363636363637,11,2,54.0,0.2643232764481492,0,45.0,0.8717345036365591,3,7.0,0.0001144617278184
2512.0,5,32.0,0.6666666666666666,9.460959943767415,48,359.0,7.479166666666667,0.0,0.0,1,8.0,0.0,7.671291396674465,1.1428571428571428,1.1428571428571428,7,1,2.0,7.473646237028118e-05,0,6.0,0.7842805458148374,0,0.0,0.7050008995920649
2520.0,5,51.0,0.9272727272727272,8.694211306659605,55,326.0,5.927272727272728,0.0,0.0,2,11.0,3.0,8.186668143290452,1.0,1.0,11,1,4.0,0.6416182931190991,1,7.0,0.6411512916829971,0,0.0,0.7130489939594266
2528.0,3,14.0,0.2592592592592592,9.4792250474571,54,283.0,5.2407407407407405,0.0,0.0,2,17.0,6.0,8.226648070028524,1.5454545454545454,1.5454545454545454,11,1,3.0,0.4936845855025779,0,7.0,0.811879401190063,1,7.0,0.7144284935897367
2536.0,7,17.0,0.3090909090909091,8.255708842140603,55,277.0,5.036363636363636,0.0,0.0,4,17.0,0.0,5.634956539573106,1.1333333333333333,1.1333333333333333,15,2,5.0,0.2551988973973544,2,7.0,0.2447735469593632,0,5.0,0.7678526712842669
2544.0,7,21.0,0.3387096774193548,7.980846711638426,62,285.0,4.596774193548387,8.0,0.1290322580645161,3,15.0,0.0,5.858587537510456,1.25,1.25,12,2,8.0,0.222000963371661,0,0.0,0.933929959252523,1,7.0,0.5690977839758811
2552.0,7,18.0,0.2769230769230769,8.511100418419563,65,242.0,3.723076923076923,0.0,0.0,1,72.0,57.0,8.663518339398193,5.538461538461538,5.538461538461538,13,1,13.0,0.462873814822262,0,59.0,0.9497098326619512,0,0.0,0.8242038780298241
2560.0,11,56.0,0.8888888888888888,7.861119073299535,63,254.0,4.031746031746032,12.0,0.1904761904761904,2,8.0,0.0,6.016979799746276,0.8,0.8,10,1,4.0,0.0069262146923839,1,4.0,0.705758461948493,0,0.0,0.4568479130161137
2568.0,8,76.0,1.2258064516129032,8.959493156256471,62,290.0,4.67741935483871,36.0,0.5806451612903226,2,23.0,15.0,8.728340859910515,1.5333333333333334,1.5333333333333334,15,0,6.0,0.8942216471203345,1,13.0,0.5989272639391796,1,4.0,0.714261667831204
2576.0,11,116.0,1.9661016949152543,8.463209585348611,59,263.0,4.457627118644068,0.0,0.0,4,34.0,11.0,6.604311423678735,2.4285714285714284,2.4285714285714284,14,2,8.0,0.5033619424949308,1,16.0,0.4652844771525877,1,10.0,0.0
2584.0,12,97.0,1.7017543859649122,6.915101642709668,57,325.0,5.701754385964913,62.0,1.087719298245614,6,55.0,21.0,3.7729501760422903,3.6666666666666665,3.6666666666666665,15,1,6.0,0.2502280810612449,4,31.0,0.3027130272752541,1,18.0,0.0
2592.0,11,75.0,1.2295081967213115,7.68651912331809,61,401.0,6.573770491803279,76.0,1.2459016393442623,5,90.0,35.0,6.503227310326192,5.0,5.0,18,4,18.0,0.3849594853678689,0,69.0,0.5692333344700898,1,3.0,0.5551204228779971
2600.0,4,71.0,1.2678571428571428,9.855611561504784,56,431.0,7.696428571428571,30.0,0.5357142857142857,1,52.0,0.0,8.933105758119838,4.333333333333333,4.333333333333333,12,1,21.0,0.506078851639513,0,28.0,0.937614709193566,0,3.0,0.9341400685254876
2608.0,10,113.0,2.173076923076923,9.244033829378596,52,425.0,8.173076923076923,0.0,0.0,3,56.0,4.0,9.473554619121671,5.6,5.6,10,3,47.0,0.4729252324176458,0,6.0,0.9699234027421026,0,3.0,0.9494365370991992
2616.0,3,10.0,0.1923076923076923,9.412193814687017,52,418.0,8.038461538461538,0.0,0.0,2,148.0,92.0,7.020165921141555,12.333333333333334,12.333333333333334,12,2,42.0,0.2926661428309776,0,106.0,0.6974708978582445,0,0.0,0.6144366184705776
2624.0,5,11.0,0.2075471698113207,8.816012723987987,53,355.0,6.69811320754717,0.0,0.0,2,50.0,0.0,7.062096635440765,3.8461538461538463,3.8461538461538463,13,2,18.0,0.3682862120924247,0,32.0,0.6491741793930078,0,0.0,0.7879515626774433
2632.0,3,6.0,0.12,9.717788776430822,50,334.0,6.68,0.0,0.0,2,16.0,0.0,7.078442487300488,1.2307692307692308,1.2307692307692308,13,2,9.0,0.2525524083536212,0,7.0,0.8480936501720823,0,0.0,0.925811618256244
2640.0,7,21.0,0.4375,8.768318081913906,48,278.0,5.791666666666667,0.0,0.0,4,27.0,11.0,6.312660789223628,1.9285714285714288,1.9285714285714288,14,2,15.0,0.3419848766359185,2,10.0,0.4613597886770675,0,2.0,0.7546999667424105
2648.0,5,29.0,0.58,8.966489878707831,50,288.0,5.76,10.0,0.2,3,19.0,0.0,7.915905187518771,1.2666666666666666,1.2666666666666666,15,1,4.0,0.5299473131037217,2,13.0,0.5676470445903256,0,2.0,0.776283686533804
2656.0,8,32.0,0.6274509803921569,8.791183218474163,51,272.0,5.333333333333333,0.0,0.0,6,31.0,12.0,5.879309355151055,2.2142857142857144,2.2142857142857144,14,4,11.0,0.3217144110154588,1,20.0,0.4565506676113363,1,0.0,0.6150467160454398
2664.0,4,43.0,0.8775510204081632,9.959703989192706,49,285.0,5.816326530612245,13.0,0.2653061224489796,4,49.0,18.0,4.881888987226909,6.125,6.125,8,3,35.0,0.0253006982141963,1,14.0,0.6337841475735838,0,0.0,0.976949566886002
2672.0,3,18.0,0.391304347826087,9.938867862548,46,265.0,5.760869565217392,0.0,0.0,3,40.0,0.0,8.414167404592364,4.444444444444445,4.444444444444445,9,1,17.0,0.5609202250545059,1,20.0,0.535513856776036,1,3.0,0.639270692072695
2680.0,3,8.0,0.2,9.372943355900151,40,199.0,4.975,0.0,0.0,2,14.0,0.0,6.55779420501063,1.4,1.4,10,0,2.0,0.6774757344699297,1,8.0,0.3940090193402262,1,4.0,0.4893463446510673
2688.0,4,18.0,0.3829787234042553,8.482795014046966,47,193.0,4.1063829787234045,0.0,0.0,2,13.0,0.0,7.519402870371513,1.625,1.625,8,2,10.0,0.3223738003564248,0,0.0,0.9944499037781456,0,3.0,0.9291705569448364
2696.0,6,24.0,0.5333333333333333,9.168738559524192,45,143.0,3.1777777777777776,0.0,0.0,2,6.0,0.0,6.737455582469752,1.0,1.0,6,1,1.0,0.5166027724657128,0,0.0,0.9314783237005604,1,5.0,0.1519698874347202
2704.0,5,14.0,0.2641509433962264,9.36471788642277,53,151.0,2.849056603773585,8.0,0.1509433962264151,0,3.0,0.0,8.837848661828312,0.375,0.375,8,0,3.0,0.4285965384825927,0,0.0,0.8230114859842502,0,0.0,0.9384990321524836
2712.0,5,37.0,0.7115384615384616,9.444090434763998,52,124.0,2.3846153846153846,0.0,0.0,2,5.0,2.0,8.145557900413852,0.3333333333333333,0.3333333333333333,15,0,0.0,0.7941504191154295,2,5.0,0.6067792698828633,0,0.0,0.5747391112139575
2720.0,3,11.0,0.2037037037037037,9.227278111092655,54,125.0,2.314814814814815,1.0,0.0185185185185185,2,49.0,44.0,7.392600821330163,2.7222222222222223,2.7222222222222223,18,0,15.0,0.433862918862015,1,25.0,0.6074454320535008,1,9.0,0.5629675188033808
2728.0,7,29.0,0.5471698113207547,9.504211020249445,53,137.0,2.5849056603773586,12.0,0.2264150943396226,5,30.0,0.0,7.099658612069277,2.0,2.0,15,4,17.0,0.2800363339114048,1,13.0,0.7636452043553902,0,0.0,0.8056282184195106
2736.0,8,65.0,1.3829787234042554,7.956171712386645,47,168.0,3.574468085106383,31.0,0.6595744680851063,5,46.0,16.0,3.936392208250577,4.181818181818182,4.181818181818182,11,3,22.0,0.3192491357728014,2,24.0,0.0046445198327238,0,0.0,0.8827893715892934
2744.0,8,67.0,1.2407407407407407,7.561889400256644,54,227.0,4.203703703703703,59.0,1.0925925925925926,4,24.0,0.0,6.251057880012295,1.411764705882353,1.411764705882353,17,4,23.0,0.2421457640992893,0,1.0,0.6999093169373832,0,0.0,0.8130870985333868
2752.0,7,19.0,0.3518518518518518,8.574537854206747,54,254.0,4.703703703703703,27.0,0.5,4,25.0,1.0,5.773612076976862,1.9230769230769231,1.9230769230769231,13,4,24.0,0.1719011366393043,0,1.0,0.9038130637962816,0,0.0,0.6146409648666866
2760.0,6,28.0,0.509090909090909,8.699579474018362,55,281.0,5.109090909090909,27.0,0.4909090909090909,4,65.0,40.0,6.7219132999679845,4.333333333333333,4.333333333333333,15,3,56.0,0.4077560143914434,1,6.0,0.5196094993299707,0,3.0,0.7638218132949599
2768.0,9,24.0,0.4705882352941176,8.243147810295518,51,291.0,5.705882352941177,10.0,0.196078431372549,5,69.0,4.0,4.614114418587905,4.928571428571429,4.928571428571429,14,3,47.0,0.1336675885585778,2,18.0,0.4629368701171745,0,4.0,0.9230736196961128
2776.0,6,46.0,1.0,8.848303112709694,46,316.0,6.869565217391305,25.0,0.5434782608695652,4,47.0,0.0,7.14597464695282,4.7,4.7,10,3,38.0,0.2041907686767426,1,6.0,0.7119644364751442,0,3.0,0.986162538750576
2784.0,4,5.0,0.1020408163265306,8.984535535449577,49,303.0,6.183673469387755,0.0,0.0,3,24.0,0.0,6.7635206034408455,2.0,2.0,12,0,9.0,0.7240083068520907,3,11.0,0.3345428300215208,0,4.0,0.9443205885824442
2792.0,6,11.0,0.2291666666666666,7.954352597723485,48,274.0,5.708333333333333,0.0,0.0,3,65.0,41.0,6.091380235719466,3.611111111111111,3.611111111111111,18,3,18.0,0.2443551158430509,0,29.0,0.6035883081941864,0,18.0,0.487647931584566
2800.0,5,34.0,0.68,8.5907450303174,50,268.0,5.36,0.0,0.0,3,34.0,0.0,5.9638089649580985,2.125,2.125,16,0,6.0,0.2496927981740195,2,26.0,0.4697733613607787,1,2.0,0.7417874875130481
2808.0,6,20.0,0.4081632653061224,8.865922837185165,49,283.0,5.775510204081633,15.0,0.3061224489795918,3,47.0,13.0,7.056715319356943,3.1333333333333333,3.1333333333333333,15,0,0.0,0.9559175119364492,3,47.0,0.3940077853579146,0,0.0,0.9001662602912853
2816.0,5,19.0,0.475,8.540147596767847,40,253.0,6.325,0.0,0.0,4,55.0,8.0,5.601466127502041,3.235294117647059,3.235294117647059,17,1,9.0,0.4755969811320884,3,46.0,0.1734301153753443,0,0.0,0.748801357047983
2824.0,6,11.0,0.2682926829268293,7.937734222092788,41,218.0,5.317073170731708,0.0,0.0,4,51.0,0.0,3.403273136804639,5.1,5.1,10,1,0.0,0.4651353937823937,3,45.0,0.0832089562263376,0,6.0,0.4807605615312698
2832.0,2,4.0,0.0952380952380952,8.595290050224403,42,219.0,5.214285714285714,1.0,0.0238095238095238,2,35.0,0.0,5.716040219624152,3.888888888888889,3.888888888888889,9,2,9.0,0.4714131607286428,0,26.0,0.1779523893140507,0,0.0,0.9055539765364586
2840.0,5,9.0,0.2,9.231088993040236,45,216.0,4.8,0.0,0.0,4,40.0,5.0,7.137478449219142,3.076923076923077,3.076923076923077,13,1,25.0,0.5378687684813841,1,9.0,0.7488755968512544,2,6.0,0.3299868869351972
2848.0,2,6.0,0.1363636363636363,9.914320690675774,44,177.0,4.0227272727272725,0.0,0.0,2,17.0,0.0,8.725004887087863,1.0625,1.0625,16,0,6.0,0.6602580350084711,2,9.0,0.6466202886696825,0,2.0,0.8789503252415852
2856.0,3,8.0,0.2,9.16414395755308,40,95.0,2.375,0.0,0.0,3,21.0,4.0,4.067293883892264,1.9090909090909087,1.9090909090909087,11,2,12.0,0.2552601105231303,1,9.0,0.4369956878783805,0,0.0,0.2297286882523339
2864.0,3,7.0,0.1666666666666666,9.236754699541624,42,85.0,2.023809523809524,0.0,0.0,3,7.0,0.0,6.267587519722435,0.6363636363636364,0.6363636363636364,11,1,1.0,0.2730383115149211,2,6.0,0.4675534008840882,0,0.0,0.9731666226246842
2872.0,3,8.0,0.1818181818181818,9.400974630244816,44,108.0,2.4545454545454546,23.0,0.5227272727272727,2,14.0,7.0,8.853463403701472,1.0769230769230769,1.0769230769230769,13,1,5.0,0.0811777442915285,1,6.0,0.7271623270854514,0,3.0,0.9383611346699274
2880.0,5,12.0,0.2666666666666666,8.75591571022553,45,81.0,1.8,0.0,0.0,3,11.0,0.0,5.72999412407932,1.375,1.375,8,1,3.0,0.0,2,5.0,0.3361340259922932,0,3.0,0.6549231729072572
2888.0,6,21.0,0.4468085106382978,9.934865834784826,47,90.0,1.9148936170212767,9.0,0.1914893617021276,3,9.0,0.0,8.772627461141887,0.8181818181818182,0.8181818181818182,11,1,5.0,0.6406972327161627,2,4.0,0.6176197365506445,0,0.0,0.9124811205963717
2896.0,5,39.0,0.8863636363636364,9.438678222208829,44,119.0,2.7045454545454546,29.0,0.6590909090909091,2,20.0,11.0,7.69760109242498,1.818181818181818,1.818181818181818,11,1,15.0,0.5343008914570373,1,5.0,0.4926091486726502,0,0.0,0.9795706089390304
2904.0,6,18.0,0.4,9.292727829712195,45,144.0,3.2,25.0,0.5555555555555556,3,63.0,43.0,8.272465860600027,4.2,4.2,15,2,30.0,0.471986761308939,1,33.0,0.7012635869402071,0,0.0,0.6793560734241288
2912.0,6,16.0,0.3333333333333333,8.189574176749144,48,165.0,3.4375,21.0,0.4375,4,20.0,0.0,4.541123780130295,2.2222222222222223,2.2222222222222223,9,2,11.0,0.1217676640495992,1,6.0,0.4186246944404467,1,3.0,0.4898233070793106
2920.0,7,27.0,0.5192307692307693,8.608400363207439,52,211.0,4.057692307692308,46.0,0.8846153846153846,5,42.0,22.0,7.403640758943408,2.8,2.8,15,4,34.0,0.4811321965419323,0,4.0,0.651486248921686,1,4.0,0.63667363742642
2928.0,7,33.0,0.6,7.570177839536079,55,243.0,4.418181818181818,32.0,0.5818181818181818,2,40.0,0.0,7.32090523352382,2.0,2.0,20,1,12.0,0.4095717395495689,1,25.0,0.6274597448115521,0,3.0,0.7375007734711677
2936.0,10,37.0,0.6727272727272727,7.2108873636061475,55,265.0,4.818181818181818,22.0,0.4,6,36.0,0.0,4.3780032466119225,2.117647058823529,2.117647058823529,17,4,31.0,0.1505714699786096,2,5.0,0.3415964738583322,0,0.0,0.8397069536282933
2944.0,10,41.0,0.7454545454545455,7.827836737393733,55,297.0,5.4,32.0,0.5818181818181818,3,38.0,2.0,6.480810784371886,2.7142857142857144,2.7142857142857144,14,2,21.0,0.2977819364918697,0,17.0,0.7180667114505151,1,0.0,0.2748590338397735
2952.0,9,30.0,0.5084745762711864,8.15584086621351,59,306.0,5.186440677966102,9.0,0.1525423728813559,5,69.0,31.0,4.760997170233429,5.307692307692308,5.307692307692308,13,4,33.0,0.1990140744731136,1,36.0,0.3961401061652523,0,0.0,0.9918265804966928
2960.0,4,16.0,0.2807017543859649,9.07692366850628,57,312.0,5.473684210526316,6.0,0.1052631578947368,1,6.0,0.0,9.374836784501529,0.6,0.6,10,1,3.0,0.641879000250606,0,3.0,0.6556897040834847,0,0.0,0.9284248615334676
2968.0,9,28.0,0.4590163934426229,9.32632459840223,61,350.0,5.737704918032787,38.0,0.6229508196721312,6,53.0,47.0,4.753235196812228,4.076923076923077,4.076923076923077,13,4,41.0,0.2475184013524439,2,12.0,0.4011552490165216,0,0.0,0.9149060141933708
2976.0,9,40.0,0.7017543859649122,7.990943338169839,57,332.0,5.824561403508772,0.0,0.0,2,32.0,0.0,6.971633511844158,2.6666666666666665,2.6666666666666665,12,1,2.0,0.4541903220808642,1,30.0,0.5270421670615549,0,0.0,0.9086074975595322
2984.0,6,59.0,1.0172413793103448,8.43054991755656,58,317.0,5.465517241379311,0.0,0.0,3,31.0,0.0,6.860450756167955,1.8235294117647056,1.8235294117647056,17,2,1.0,0.2733498870908584,1,30.0,0.5696190847874727,0,0.0,0.6721349857207317
2992.0,4,20.0,0.3508771929824561,9.41899721637865,57,338.0,5.9298245614035086,21.0,0.3684210526315789,3,24.0,0.0,7.212922443162663,1.8461538461538465,1.8461538461538465,13,1,7.0,0.6619873369166315,2,17.0,0.4735129130692534,0,0.0,0.7149236167319575
3000.0,7,21.0,0.3818181818181818,8.595890376225231,55,308.0,5.6,0.0,0.0,3,61.0,37.0,7.463924652244244,4.066666666666666,4.066666666666666,15,2,7.0,0.003392358450148,1,30.0,0.6606216193946961,0,24.0,0.9267080315599744
3008.0,7,42.0,0.7,8.66630718503864,60,269.0,4.483333333333333,0.0,0.0,1,6.0,0.0,8.93417052089391,0.4285714285714285,0.4285714285714285,14,0,0.0,0.7227009160864893,1,6.0,0.57563330038268,0,0.0,0.8878647979884216
3016.0,8,39.0,0.65,8.971746424051085,60,222.0,3.7,0.0,0.0,6,29.0,23.0,6.350206302102531,1.7058823529411764,1.7058823529411764,17,1,8.0,0.6954392900874913,3,17.0,0.1599332676790922,2,4.0,0.5548337985780235
3024.0,0,0.0,0.0,9.195881574364474,57,162.0,2.8421052631578947,0.0,0.0,0,30.0,1.0,9.0320381987958,2.3076923076923075,2.3076923076923075,13,0,3.0,0.6531408435533798,0,25.0,0.6521222070725483,0,2.0,0.7476368935401323
3032.0,3,13.0,0.2407407407407407,10.157435373500162,54,152.0,2.814814814814815,0.0,0.0,2,23.0,0.0,6.892546457572252,2.555555555555556,2.555555555555556,9,1,3.0,0.4785171154709959,0,16.0,0.9779575705816344,1,4.0,0.4507599774333183
3040.0,5,28.0,0.5490196078431373,8.910674123697458,51,170.0,3.333333333333333,18.0,0.3529411764705882,0,9.0,0.0,10.554365039558908,1.125,1.125,8,0,3.0,0.6563735758704943,0,3.0,0.9172392604174232,0,3.0,0.9775889885514338
3048.0,7,61.0,1.2708333333333333,8.23813386168824,48,187.0,3.8958333333333335,17.0,0.3541666666666667,4,20.0,11.0,4.007538737236969,2.857142857142857,2.857142857142857,7,4,20.0,0.2060752717812665,0,0.0,0.7317748125264923,0,0.0,1.0
3056.0,5,27.0,0.5294117647058824,7.886516858267747,51,203.0,3.980392156862745,16.0,0.3137254901960784,3,22.0,2.0,6.019339474846984,2.0,2.0,11,3,13.0,0.1761964716945254,0,9.0,0.6177094698949657,0,0.0,0.9116037349473084
3064.0,6,19.0,0.3275862068965517,8.498690460109112,58,207.0,3.5689655172413794,4.0,0.0689655172413793,4,56.0,34.0,6.145344362285376,3.733333333333333,3.733333333333333,15,3,19.0,0.2994020196930175,0,3.0,0.7308466235878427,1,34.0,0.4842529296127731
3072.0,10,63.0,1.0677966101694916,9.10652684079999,59,247.0,4.186440677966102,40.0,0.6779661016949152,2,45.0,0.0,9.60413244449054,3.75,3.75,12,2,22.0,0.4469472990206674,0,23.0,0.9391483070420068,0,0.0,0.935505286679898
3080.0,12,54.0,0.8307692307692308,7.570716088936914,65,311.0,4.7846153846153845,64.0,0.9846153846153848,4,18.0,0.0,5.830276722039834,1.0,1.0,18,0,9.0,0.4694956790239389,4,9.0,0.3740538908422789,0,0.0,0.6488999319325187
3088.0,11,43.0,0.7543859649122807,7.755883392319563,57,316.0,5.543859649122807,5.0,0.087719298245614,4,48.0,30.0,6.076058521342314,3.2,3.2,15,2,21.0,0.2074645827633061,1,25.0,0.6973003698220053,1,2.0,6.608647129175247e-05
3096.0,8,42.0,0.6666666666666666,7.421789312076075,63,368.0,5.841269841269841,52.0,0.8253968253968254,3,65.0,17.0,5.420728746869124,4.0625,4.0625,16,0,40.0,0.581296820558333,3,25.0,0.3958945502636776,0,0.0,0.9553130169237554
3104.0,7,33.0,0.55,8.216622203786756,60,299.0,4.983333333333333,0.0,0.0,3,59.0,0.0,5.852465840613979,3.933333333333333,3.933333333333333,15,1,25.0,0.5382116485439181,2,34.0,0.4032607585861427,0,0.0,0.887954680533404
3112.0,10,77.0,1.2222222222222223,8.799915500233924,63,313.0,4.968253968253968,14.0,0.2222222222222222,6,54.0,0.0,4.082668770609737,3.857142857142857,3.857142857142857,14,3,26.0,0.0719936935318639,3,25.0,0.2286519539133461,0,3.0,0.759578475830285
3120.0,9,52.0,0.8125,8.031867039587194,64,318.0,4.96875,5.0,0.078125,5,26.0,0.0,5.6675530669426655,1.4444444444444444,1.4444444444444444,18,2,4.0,0.365763390370695,2,14.0,0.4146276198116767,1,8.0,0.5528628604149484
3128.0,8,25.0,0.3846153846153846,8.976208029211405,65,371.0,5.707692307692308,53.0,0.8153846153846154,3,10.0,0.0,9.146746058249954,0.5555555555555556,0.5555555555555556,18,2,6.0,0.5722172898161931,0,0.0,0.8558524911304038,1,4.0,0.7320622105589472
3136.0,13,65.0,1.0833333333333333,8.038100364401393,60,392.0,6.533333333333333,21.0,0.35,7,23.0,13.0,4.42759586022311,1.2777777777777777,1.2777777777777777,18,4,17.0,0.1532095105519874,1,1.0,0.5494327837259189,2,5.0,0.3146967125089588
3144.0,5,34.0,0.5862068965517241,7.564152656450622,58,446.0,7.689655172413793,54.0,0.9310344827586208,3,44.0,21.0,5.836593615508743,2.75,2.75,16,2,22.0,0.4161288278097326,1,19.0,0.3598137524863215,0,3.0,0.6669160906446956
3152.0,6,27.0,0.5,8.948433732560183,54,426.0,7.888888888888889,0.0,0.0,3,85.0,41.0,7.570998818646013,7.083333333333333,7.083333333333333,12,2,44.0,0.4828772326208567,1,41.0,0.6202209234161765,0,0.0,0.4879554362804794
3160.0,5,45.0,0.8653846153846154,9.774508130552425,52,452.0,8.692307692307692,26.0,0.5,3,103.0,18.0,6.240434463741525,8.583333333333334,8.583333333333334,12,2,59.0,0.2917990797900708,1,20.0,0.6262933516686032,0,24.0,0.9579653500383218
3168.0,6,31.0,0.6078431372549019,8.586438780192218,51,331.0,6.490196078431373,0.0,0.0,5,71.0,0.0,6.41144026766004,4.733333333333333,4.733333333333333,15,3,39.0,0.2462044247009703,2,29.0,0.5678617237248074,0,3.0,0.8747756472063726
3176.0,10,28.0,0.4827586206896552,7.432344825590503,58,363.0,6.258620689655173,32.0,0.5517241379310345,5,116.0,45.0,5.791078174947987,6.444444444444445,6.444444444444445,18,2,43.0,0.3241873824713047,2,73.0,0.6105806719291317,1,0.0,0.3740469451737374
3184.0,7,24.0,0.4285714285714285,8.099808818899858,56,336.0,6.0,0.0,0.0,6,71.0,0.0,5.462853402188725,3.9444444444444446,3.9444444444444446,18,4,31.0,0.3120617589828479,1,37.0,0.481887104447485,1,3.0,0.6351784082659594
3192.0,8,21.0,0.3620689655172414,8.069315408079374,58,382.0,6.586206896551724,46.0,0.7931034482758621,6,80.0,9.0,3.980351196206169,4.705882352941177,4.705882352941177,17,3,16.0,0.2069474783749987,3,64.0,0.3120756613205492,0,0.0,0.8321789703494342
3200.0,6,15.0,0.25,8.483481786760347,60,375.0,6.25,0.0,0.0,3,45.0,0.0,7.662134827288159,2.8125,2.8125,16,3,18.0,0.2431847860291136,0,24.0,0.7242370281486185,0,3.0,0.5879541221871414
3208.0,8,24.0,0.3870967741935484,9.360795088638332,62,402.0,6.483870967741935,27.0,0.4354838709677419,3,13.0,0.0,6.163218319464642,1.181818181818182,1.181818181818182,11,1,10.0,0.0902798031077762,2,3.0,0.4730601361077178,0,0.0,0.7930663499356498
3216.0,11,25.0,0.4098360655737705,8.22350857046758,61,312.0,5.114754098360656,0.0,0.0,7,56.0,43.0,4.347693015787483,3.5,3.5,16,2,21.0,0.0004211671602793,3,35.0,0.3537424098694331,2,0.0,0.454194773879268
3224.0,5,18.0,0.2857142857142857,8.609499229977168,63,351.0,5.571428571428571,39.0,0.6190476190476191,2,41.0,0.0,7.6290003552850525,2.411764705882353,2.411764705882353,17,1,17.0,0.589090485193603,0,20.0,0.484537946988774,1,4.0,0.7075031118592489
3232.0,8,29.0,0.453125,8.75003004153266,64,325.0,5.078125,0.0,0.0,3,52.0,11.0,7.704335959877373,4.0,4.0,13,2,37.0,0.456244989483809,1,12.0,0.7092062839768726,0,3.0,0.8251386994666006
3240.0,13,78.0,1.21875,7.737701380031048,64,317.0,4.953125,0.0,0.0,7,80.0,28.0,3.9759248486259664,5.714285714285714,5.714285714285714,14,4,54.0,0.0626718078249019,3,23.0,0.2578776435365783,0,3.0,0.7390040021169847
3248.0,5,49.0,0.8305084745762712,8.360048968855606,59,364.0,6.169491525423729,47.0,0.7966101694915254,1,21.0,0.0,7.955113516072355,1.9090909090909087,1.9090909090909087,11,1,11.0,0.5512098540950744,0,10.0,0.3649723492520562,0,0.0,0.92825922946992
3256.0,10,89.0,1.5892857142857142,8.859072594233186,56,346.0,6.178571428571429,0.0,0.0,3,36.0,15.0,7.016796977181565,3.6,3.6,10,3,32.0,0.3918595628599255,0,4.0,0.9686761746628408,0,0.0,0.6381995435374355
3264.0,7,111.0,2.22,7.792559979508341,50,324.0,6.48,0.0,0.0,2,27.0,0.0,3.969043405544111,3.0,3.0,9,2,27.0,0.2223540497751093,0,0.0,0.6304265829079434,0,0.0,0.1557052613962082
3272.0,10,127.0,2.54,7.6881754166445875,50,370.0,7.4,46.0,0.92,3,31.0,4.0,9.323315274105116,2.2142857142857144,2.2142857142857144,14,2,27.0,0.3648390614012347,1,4.0,0.7381162495219123,0,0.0,0.9609230735423812
3280.0,11,161.0,2.9272727272727272,6.821742423434911,55,379.0,6.890909090909091,9.0,0.1636363636363636,6,37.0,6.0,3.560728380935049,2.642857142857143,2.642857142857143,14,1,20.0,0.2962696845210938,5,17.0,0.2350130858198471,0,0.0,0.7496137918220708
3288.0,9,195.0,3.305084745762712,7.635785383327782,59,384.0,6.508474576271187,5.0,0.0847457627118644,3,20.0,0.0,6.27847537973472,1.25,1.25,16,2,20.0,0.489856233366661,0,0.0,0.612757489345094,1,0.0,0.4397527825580407
3296.0,10,172.0,2.819672131147541,8.478954497390113,61,419.0,6.868852459016393,35.0,0.5737704918032787,6,45.0,25.0,6.638471781130599,2.647058823529412,2.647058823529412,17,3,36.0,0.453495798059109,1,6.0,0.7406802093508161,2,3.0,0.3702921497461915
3304.0,9,22.0,0.3492063492063492,8.104867540150234,63,462.0,7.333333333333333,43.0,0.6825396825396826,4,24.0,0.0,5.9958748266195,1.8461538461538465,1.8461538461538465,13,1,7.0,0.2853927837116219,3,14.0,0.2367505855970297,0,3.0,0.9397206096992988
3312.0,8,40.0,0.625,9.026386374290276,64,412.0,6.4375,0.0,0.0,3,52.0,28.0,5.8973169683811895,4.0,4.0,13,1,42.0,0.5682663650012175,1,10.0,0.3845948109281644,1,0.0,0.1947036454844215
3320.0,7,77.0,1.2222222222222223,9.603054381193578,63,392.0,6.222222222222222,0.0,0.0,3,16.0,0.0,8.062537238600546,1.0666666666666669,1.0666666666666669,15,3,16.0,0.3540103968562482,0,0.0,0.8586160696793188,0,0.0,0.72402422917323
3328.0,10,111.0,1.761904761904762,7.770703565486019,63,389.0,6.174603174603175,0.0,0.0,4,12.0,0.0,4.771322393440467,0.8,0.8,15,1,7.0,0.4353826212207258,3,5.0,0.2786315678727735,0,0.0,0.5874679575823599
3336.0,10,30.0,0.4477611940298507,8.324086147047586,67,454.0,6.776119402985074,65.0,0.9701492537313432,5,151.0,139.0,7.175055917954945,7.190476190476191,7.190476190476191,21,3,132.0,0.4668400113489032,1,18.0,0.6312934574588117,1,1.0,0.6908787525438768
3344.0,9,51.0,0.6986301369863014,8.68790118303138,73,500.0,6.849315068493151,46.0,0.6301369863013698,6,169.0,18.0,5.253930973142008,7.681818181818182,7.681818181818182,22,2,130.0,0.3663257351593363,2,30.0,0.6321490292397762,2,9.0,0.375649990382744
3352.0,14,58.0,0.7733333333333333,7.67998228660249,75,549.0,7.32,49.0,0.6533333333333333,5,136.0,0.0,5.690527366808665,6.8,6.8,20,3,26.0,0.2950008032330811,2,107.0,0.4474709023492287,0,3.0,0.8233449324577421
3360.0,16,100.0,1.2345679012345678,7.45895189497773,81,586.0,7.234567901234568,37.0,0.4567901234567901,5,116.0,0.0,5.2394715883284055,6.444444444444445,6.444444444444445,18,2,13.0,0.3010375595276958,2,100.0,0.4366445053768176,1,3.0,0.6770780276491927
3368.0,15,141.0,1.7407407407407407,7.794249485511281,81,605.0,7.469135802469136,19.0,0.2345679012345679,7,147.0,31.0,5.194961960309652,7.35,7.35,20,2,25.0,0.4622289091607415,4,111.0,0.3196152434360617,1,11.0,0.6939618904242879
3376.0,17,207.0,2.875,7.265470372886623,72,670.0,9.305555555555555,65.0,0.9027777777777778,5,44.0,0.0,5.646423697488065,2.3157894736842106,2.3157894736842106,19,4,34.0,0.19004276923472,0,5.0,0.5150803700729992,1,5.0,0.714478324679025
3384.0,20,277.0,3.8472222222222223,6.617816372132168,72,706.0,9.805555555555555,36.0,0.5,9,55.0,11.0,3.395960568265112,3.055555555555556,3.055555555555556,18,4,14.0,0.0954499205882039,4,25.0,0.2419750294178364,1,16.0,0.6942268535133385
3392.0,18,350.0,5.0,6.865808926105315,70,803.0,11.471428571428572,97.0,1.3857142857142857,1,33.0,0.0,7.539986210705622,2.75,2.75,12,1,19.0,0.5481702009248868,0,9.0,0.4193997880976154,0,5.0,0.9574015386800572
3400.0,21,491.0,7.014285714285714,7.428328880656446,70,863.0,12.32857142857143,60.0,0.8571428571428571,3,19.0,0.0,7.553080482043532,1.7272727272727273,1.7272727272727273,11,1,5.0,0.0,2,9.0,0.5661664313985358,0,5.0,0.6959062923523063
3408.0,19,583.0,8.701492537313433,7.034726631809131,67,971.0,14.492537313432836,108.0,1.611940298507463,3,23.0,4.0,6.396516493715716,2.555555555555556,2.555555555555556,9,0,0.0,0.0640718679187287,3,20.0,0.4756304507880213,0,3.0,0.9218645819490544
3416.0,24,719.0,10.893939393939394,6.334729227876477,66,995.0,15.075757575757576,24.0,0.3636363636363636,3,39.0,16.0,6.960460562163984,3.0,3.0,13,1,1.0,0.4247314690057698,2,38.0,0.45937809085336,0,0.0,0.9263617857163706
3424.0,24,774.0,11.907692307692308,5.688460868965841,65,1117.0,17.184615384615384,122.0,1.876923076923077,7,117.0,78.0,3.990494240694798,7.8,7.8,15,3,72.0,0.3379371280854849,2,44.0,0.3608355051655913,2,1.0,0.1070954333187688
3432.0,18,894.0,13.147058823529411,6.575421336098814,68,1266.0,18.61764705882353,149.0,2.1911764705882355,0,30.0,0.0,8.412811365527881,3.75,3.75,8,0,27.0,0.3830202883149368,0,3.0,0.8163826444507583,0,0.0,0.9702447671430608
3440.0,21,851.0,12.157142857142857,7.003945153821586,70,1347.0,19.242857142857144,81.0,1.1571428571428573,4,46.0,16.0,6.525065577826042,4.181818181818182,4.181818181818182,11,3,42.0,0.2654228610863701,0,1.0,0.8950679902412201,1,3.0,0.5568676264703237
3448.0,16,432.0,6.260869565217392,6.889073792759989,69,1394.0,20.20289855072464,47.0,0.6811594202898551,2,17.0,0.0,8.53117355053236,1.2142857142857142,1.2142857142857142,14,2,9.0,0.4688949042135522,0,3.0,0.6817328565688646,0,5.0,0.7979789286772501
3456.0,16,119.0,1.8307692307692307,7.099183082467659,65,1402.0,21.56923076923077,8.0,0.123076923076923,3,283.0,266.0,7.538071634098231,20.214285714285715,20.214285714285715,14,2,120.0,0.4994859685285467,1,163.0,0.6045884250447291,0,0.0,0.9584864472591554
3464.0,23,179.0,2.712121212121212,5.97611835694935,66,1377.0,20.863636363636363,0.0,0.0,10,215.0,0.0,3.356715591001514,12.647058823529411,12.647058823529411,17,5,48.0,0.2080236052249471,4,164.0,0.2488589075275781,1,3.0,0.3334193476550239
3472.0,19,244.0,3.588235294117647,6.743836207847586,68,1527.0,22.455882352941178,150.0,2.2058823529411766,2,19.0,0.0,8.811788257293864,1.9,1.9,10,1,4.0,0.5320442026659199,1,15.0,0.700692824531163,0,0.0,0.988809242229318
3480.0,19,376.0,5.222222222222222,7.591940253877697,72,1582.0,21.97222222222222,55.0,0.7638888888888888,3,26.0,7.0,6.415810689624621,2.0,2.0,13,2,21.0,0.2333046026736873,1,5.0,0.6882291018865739,0,0.0,0.4455971688133919
3488.0,19,501.0,7.828125,6.337366084116772,64,1575.0,24.609375,0.0,0.0,3,11.0,0.0,4.690013252149093,1.2222222222222223,1.2222222222222223,9,0,7.0,0.6338860490971636,3,4.0,0.0852681937375514,0,0.0,0.6547550946249195
3496.0,19,353.0,4.835616438356165,7.110222069798552,73,1693.0,23.19178082191781,118.0,1.6164383561643836,7,29.0,18.0,6.963698446691036,1.5263157894736843,1.5263157894736843,19,4,24.0,0.3950544446283455,1,5.0,0.7845644443700325,2,0.0,0.5402697461529595
3504.0,11,26.0,0.3466666666666667,7.293282134776464,75,1731.0,23.08,38.0,0.5066666666666667,7,147.0,118.0,5.41048858934605,6.391304347826087,6.391304347826087,23,0,116.0,0.8256288054124316,6,30.0,0.2235055841445203,1,1.0,0.5840280062995584
3512.0,23,118.0,1.5733333333333333,6.987010602349393,75,1682.0,22.426666666666662,0.0,0.0,7,217.0,70.0,4.930349348578428,12.055555555555555,12.055555555555555,18,5,131.0,0.2167538957507182,2,86.0,0.4947527245663676,0,0.0,0.9301678149960122
3520.0,22,207.0,2.6538461538461537,6.935829414316509,78,1831.0,23.47435897435897,149.0,1.9102564102564104,6,30.0,0.0,2.5148362464290224,2.3076923076923075,2.3076923076923075,13,1,5.0,0.2951543448553448,4,25.0,0.0314194330704688,1,0.0,0.3305976325897325
3528.0,12,90.0,1.0975609756097562,7.631932887764894,82,1946.0,23.73170731707317,115.0,1.4024390243902438,4,37.0,7.0,7.501222620500754,2.466666666666667,2.466666666666667,15,2,12.0,0.3012396316333861,1,21.0,0.6514494919489809,1,4.0,0.767060010076751
3536.0,12,63.0,0.7974683544303798,7.628758174420255,79,1871.0,23.68354430379747,0.0,0.0,2,111.0,74.0,8.566531951868612,7.928571428571429,7.928571428571429,14,1,4.0,0.548602696378426,1,107.0,0.5929272081437928,0,0.0,0.943737524309198
3544.0,16,70.0,0.9210526315789472,7.170976735634412,76,1905.0,25.06578947368421,34.0,0.4473684210526316,6,280.0,169.0,4.373334984708309,20.0,20.0,14,1,169.0,0.5128653763108896,2,107.0,0.3613376323472965,3,4.0,0.2918073521008403
3552.0,17,116.0,1.5064935064935066,7.27065594883391,77,1774.0,23.03896103896104,0.0,0.0,3,153.0,0.0,7.470695373449331,9.5625,9.5625,16,0,25.0,0.6569852952664601,1,108.0,0.6841001099765815,2,20.0,0.237045316419994
3560.0,20,208.0,2.810810810810811,6.647538752106598,74,1714.0,23.16216216216216,0.0,0.0,5,161.0,8.0,4.7627988091428834,8.944444444444445,8.944444444444445,18,0,17.0,0.3709323662513452,5,140.0,0.2548017018565515,0,4.0,0.5971697238107257
3568.0,20,314.0,4.361111111111111,6.058473104204482,72,1573.0,21.84722222222222,0.0,0.0,0,30.0,0.0,7.620523758406288,1.7647058823529411,1.7647058823529411,17,0,5.0,0.5469516003005249,0,22.0,0.3925659867367289,0,3.0,0.9546007993803878
3576.0,19,436.0,5.7368421052631575,6.679804383686454,76,1621.0,21.32894736842105,48.0,0.631578947368421,2,32.0,2.0,5.696109406083926,2.909090909090909,2.909090909090909,11,1,5.0,0.3731156772277763,0,27.0,0.5287059069952209,1,0.0,0.4041499734193297
3584.0,11,163.0,2.116883116883117,7.905368209113414,77,1586.0,20.5974025974026,0.0,0.0,2,143.0,111.0,7.487595751414276,8.411764705882353,8.411764705882353,17,2,124.0,0.3352645019889004,0,19.0,0.7852475326761713,0,0.0,0.7551682291895228
3592.0,12,58.0,0.7733333333333333,7.333311232496538,75,1593.0,21.24,7.0,0.0933333333333333,2,330.0,187.0,6.94920586586706,18.33333333333333,18.33333333333333,18,0,118.0,0.4687651758435243,2,212.0,0.5264554111478847,0,0.0,0.8848258009543921
3600.0,27,184.0,2.271604938271605,6.218667557905817,81,1679.0,20.7283950617284,86.0,1.0617283950617284,7,44.0,0.0,4.4723006028792565,2.4444444444444446,2.4444444444444446,18,5,14.0,0.2552716339340837,1,25.0,0.5663707772085619,1,5.0,0.4453669145501907
