step,system_total_stopped,system_total_waiting_time,system_mean_waiting_time,system_mean_speed,system_cars_present,system_accumulated_waiting_time (100),system_accumulated_mean_waiting_time (100),system_accumulated_waiting_time (delta),system_accumulated_mean_waiting_time (delta),agents_total_stopped,agents_total_accumulated_waiting_time (100),agents_total_accumulated_waiting_time (delta),agents_mean_speed,agents_mean_waiting_time (100),agents_mean_waiting_time (delta),agents_cars_present,Col8_1_stopped,Col8_1_accumulated_waiting_time,Col8_1_average_speed,Col8_2_stopped,Col8_2_accumulated_waiting_time,Col8_2_average_speed,Col8_3_stopped,Col8_3_accumulated_waiting_time,Col8_3_average_speed,Col8_4_stopped,Col8_4_accumulated_waiting_time,Col8_4_average_speed,Col8_5_stopped,Col8_5_accumulated_waiting_time,Col8_5_average_speed,Col8_6_stopped,Col8_6_accumulated_waiting_time,Col8_6_average_speed,Col8_7_stopped,Col8_7_accumulated_waiting_time,Col8_7_average_speed,Col8_8_stopped,Col8_8_accumulated_waiting_time,Col8_8_average_speed
8.0,1,1.0,0.1428571428571428,6.935427637650408,7.0,1.0,0.1428571428571428,1.0,0.1428571428571428,0.0,0.0,0.0,9.58373626219538,0.0,0.0,4.0,0.0,0.0,1.0,0.0,0.0,0.9747362870124042,0.0,0.0,0.5613217849164936,0.0,0.0,0.9730829268395702,0.0,0.0,1.0,0.0,0.0,1.0,0.0,0.0,1.0,0.0,0.0,1.0
16.0,1,3.0,0.2142857142857142,8.284117628126944,14.0,4.0,0.2857142857142857,3.0,0.2142857142857142,1.0,4.0,4.0,8.714928758677427,0.4,0.4,10.0,0.0,0.0,0.6673908485509094,0.0,0.0,0.8062056269030679,0.0,0.0,0.6975508425041043,1.0,4.0,0.333659754375158,0.0,0.0,1.0,0.0,0.0,1.0,0.0,0.0,1.0,0.0,0.0,1.0
24.0,4,24.0,1.2,7.23112447255094,20.0,25.0,1.25,21.0,1.05,4.0,25.0,21.0,6.989921318973074,1.4705882352941178,1.4705882352941178,17.0,0.0,0.0,0.5829723183660007,0.0,0.0,0.5666594439076266,0.0,0.0,0.7262880127585689,4.0,25.0,0.0540607930259989,0.0,0.0,1.0,0.0,0.0,1.0,0.0,0.0,1.0,0.0,0.0,1.0
32.0,7,69.0,2.76,6.68497843997267,25.0,71.0,2.84,46.0,1.84,7.0,70.0,45.0,6.469435115675053,3.1818181818181817,3.1818181818181817,22.0,1.0,2.0,0.4944427268666257,1.0,5.0,0.4169686540215994,0.0,0.0,0.7625958798918042,5.0,63.0,0.0,0.0,0.0,1.0,0.0,0.0,1.0,0.0,0.0,0.8976478809477064,0.0,0.0,1.0
40.0,12,124.0,3.5428571428571427,6.287662579357857,35.0,134.0,3.8285714285714287,63.0,1.8,12.0,125.0,55.0,5.651181176844758,4.166666666666667,4.166666666666667,30.0,2.0,11.0,0.5562971663086321,2.0,3.0,0.6315185159730345,2.0,6.0,0.5063048513348674,5.0,103.0,0.0,0.0,0.0,1.0,0.0,0.0,1.0,1.0,2.0,0.0001201337203244,0.0,0.0,1.0
48.0,16,203.0,4.951219512195122,4.930580995758632,41.0,238.0,5.804878048780488,104.0,2.5365853658536586,16.0,216.0,91.0,3.790093040908209,6.545454545454546,6.545454545454546,33.0,4.0,30.0,0.195837604700735,5.0,19.0,0.4019029435969397,1.0,14.0,0.4187816658836631,5.0,143.0,0.0,0.0,0.0,1.0,0.0,0.0,1.0,1.0,10.0,0.0,0.0,0.0,1.0
56.0,19,287.0,6.674418604651163,3.967778284864437,43.0,361.0,8.395348837209303,123.0,2.86046511627907,18.0,315.0,99.0,3.336457335660795,8.513513513513514,8.513513513513514,37.0,0.0,6.0,0.4312045861624661,8.0,78.0,0.2770394432485537,4.0,30.0,0.2919766218619856,5.0,183.0,0.1577368729238696,0.0,0.0,1.0,0.0,0.0,1.0,1.0,18.0,0.0,0.0,0.0,1.0
64.0,16,143.0,2.9183673469387754,5.023973681868571,49.0,522.0,10.653061224489797,161.0,3.2857142857142856,16.0,328.0,13.0,3.7326515734451977,9.11111111111111,9.11111111111111,36.0,1.0,12.0,0.3877615644946073,7.0,115.0,0.3931658575603752,8.0,82.0,0.0776612646429745,0.0,119.0,0.4164843647814223,0.0,0.0,1.0,0.0,0.0,1.0,0.0,0.0,1.0,0.0,0.0,1.0
72.0,30,298.0,5.730769230769231,2.954664637490218,52.0,668.0,12.846153846153848,146.0,2.8076923076923075,30.0,504.0,176.0,0.8606715174260098,13.263157894736842,13.263157894736842,38.0,2.0,26.0,0.2922255000044164,13.0,179.0,0.067236036728565,10.0,162.0,0.0784686488815605,5.0,137.0,0.0236118164463636,0.0,0.0,1.0,0.0,0.0,1.0,0.0,0.0,1.0,0.0,0.0,1.0
80.0,34,522.0,9.666666666666666,3.0116943451056994,54.0,905.0,16.75925925925926,237.0,4.388888888888889,34.0,728.0,224.0,1.6670632337221694,16.930232558139537,16.930232558139537,43.0,0.0,1.0,0.2668275563967781,16.0,294.0,0.1350237257606275,10.0,242.0,0.1256286751793947,8.0,191.0,0.0847344807544872,0.0,0.0,1.0,0.0,0.0,0.9803462296537117,0.0,0.0,1.0,0.0,0.0,1.0
88.0,36,645.0,11.944444444444445,2.7698662009910544,54.0,1140.0,21.11111111111111,235.0,4.351851851851852,35.0,934.0,206.0,1.015721591140323,22.23809523809524,22.23809523809524,42.0,1.0,6.0,1.1892799503314788e-05,18.0,429.0,0.0502533525823118,5.0,231.0,0.2506095190185091,10.0,265.0,3.0729638153967085e-06,0.0,0.0,1.0,1.0,3.0,0.0003438818221173,0.0,0.0,1.0,0.0,0.0,1.0
96.0,20,438.0,8.264150943396226,4.297196330882567,53.0,1355.0,25.56603773584905,215.0,4.056603773584905,20.0,900.0,0.0,2.214910870335568,24.324324324324323,24.324324324324323,37.0,0.0,0.0,1.0,12.0,477.0,0.1290822602360129,4.0,253.0,0.2964535277827468,4.0,170.0,0.1872835656424856,0.0,0.0,1.0,0.0,0.0,1.0,0.0,0.0,1.0,0.0,0.0,1.0
104.0,25,490.0,9.074074074074074,4.406290288022792,54.0,1484.0,27.48148148148148,129.0,2.388888888888889,24.0,949.0,49.0,2.2031176839342863,26.36111111111111,26.36111111111111,36.0,0.0,0.0,0.945099038134166,11.0,448.0,0.144767809504683,10.0,306.0,0.0844253285349583,3.0,195.0,0.2482179610318533,0.0,0.0,1.0,0.0,0.0,1.0,0.0,0.0,1.0,0.0,0.0,1.0
112.0,31,726.0,13.69811320754717,3.5959761635090475,53.0,1605.0,30.28301886792453,121.0,2.2830188679245285,31.0,1186.0,237.0,1.5942424157873654,30.41025641025641,30.41025641025641,39.0,0.0,0.0,0.8046963313014031,12.0,542.0,0.1276892746316208,11.0,394.0,0.0764643223639446,8.0,246.0,3.607569678839935e-05,0.0,0.0,1.0,0.0,4.0,0.9199135773397789,0.0,0.0,0.6690944600960884,0.0,0.0,1.0
120.0,21,262.0,4.851851851851852,4.075397808043778,54.0,1763.0,32.648148148148145,158.0,2.925925925925926,20.0,1037.0,0.0,2.6914755246615685,25.925,25.925,40.0,1.0,7.0,0.4636893188622385,2.0,309.0,0.3445461827267783,6.0,393.0,0.0971673271654605,9.0,312.0,0.1293514713234107,0.0,0.0,1.0,1.0,10.0,0.0,1.0,6.0,0.4131966225955338,0.0,0.0,1.0
128.0,23,285.0,4.913793103448276,4.752221058285219,58.0,1930.0,33.27586206896552,167.0,2.8793103448275863,23.0,1072.0,35.0,2.843115266517431,28.21052631578948,28.21052631578948,38.0,0.0,14.0,0.9642268067142472,10.0,352.0,0.1136439088012215,2.0,300.0,0.2438517090975221,10.0,388.0,3.560647043191993e-06,0.0,0.0,1.0,1.0,18.0,0.0,0.0,0.0,1.0,0.0,0.0,1.0
136.0,26,467.0,7.655737704918033,5.206017215972906,61.0,2061.0,33.78688524590164,131.0,2.1475409836065573,26.0,1269.0,197.0,2.732120255481111,28.84090909090909,28.84090909090909,44.0,1.0,13.0,0.3763226744533355,11.0,446.0,0.2509064638671626,3.0,307.0,0.184308368695985,10.0,471.0,0.0888805679475801,0.0,0.0,1.0,1.0,32.0,0.6049027642457281,0.0,0.0,1.0,0.0,0.0,1.0
144.0,24,407.0,6.672131147540983,5.253074475605765,61.0,2231.0,36.57377049180328,170.0,2.78688524590164,23.0,1148.0,0.0,2.684930528061535,29.435897435897434,29.435897435897434,39.0,0.0,0.0,0.9924103890478884,14.0,549.0,0.1618884817198289,3.0,221.0,0.2871492356670767,4.0,335.0,0.1930758931569319,0.0,0.0,1.0,2.0,42.0,0.0239552403930433,0.0,0.0,1.0,0.0,1.0,0.968323409755762
152.0,16,243.0,3.9193548387096775,5.320225366393543,62.0,2303.0,37.14516129032258,72.0,1.1612903225806452,16.0,886.0,0.0,3.0019691600247604,21.60975609756097,21.60975609756097,41.0,1.0,9.0,0.4535718701614492,6.0,338.0,0.3727543374822632,1.0,112.0,0.2001523418835948,5.0,360.0,0.0775125867315088,0.0,0.0,1.0,3.0,66.0,0.0,0.0,0.0,1.0,0.0,1.0,0.6720357484069406
176.0,20,177.0,2.95,5.407542334100412,60.0,2477.0,41.28333333333333,79.0,1.3166666666666669,19.0,705.0,0.0,3.325219385831286,19.054054054054053,19.054054054054053,37.0,4.0,37.0,0.4102771154438402,6.0,143.0,0.3981100714336378,0.0,91.0,0.2133573715759554,6.0,394.0,0.0692538488340543,0.0,0.0,1.0,3.0,40.0,0.000951808272271,0.0,0.0,1.0,0.0,0.0,1.0
184.0,15,152.0,2.533333333333333,5.691266072394442,60.0,2403.0,40.05,0.0,0.0,14.0,717.0,12.0,3.3664217302919406,20.485714285714284,20.485714285714284,35.0,2.0,46.0,0.3351109476321452,6.0,191.0,0.416592114553396,0.0,0.0,1.0,3.0,409.0,0.0996461582697824,0.0,0.0,1.0,3.0,71.0,0.3807944849031602,0.0,0.0,1.0,0.0,0.0,1.0
192.0,24,250.0,3.968253968253968,5.3072450075221385,63.0,2479.0,39.34920634920635,76.0,1.2063492063492065,24.0,817.0,100.0,2.738073561811224,19.92682926829268,19.92682926829268,41.0,6.0,73.0,0.3042433048872345,8.0,250.0,0.397350652902017,0.0,0.0,0.2271615378498294,9.0,459.0,0.0045862170804028,0.0,0.0,1.0,0.0,27.0,0.2823286213249164,1.0,8.0,0.142897412345382,0.0,0.0,1.0
200.0,29,453.0,7.306451612903226,4.994793757265094,62.0,2672.0,43.096774193548384,193.0,3.1129032258064515,29.0,1030.0,213.0,3.5401954051693787,21.91489361702128,21.91489361702128,47.0,6.0,121.0,0.2210569534847769,9.0,316.0,0.2511675881127562,0.0,3.0,0.9682485950411084,10.0,543.0,0.1546165621038916,0.0,0.0,1.0,4.0,41.0,0.3128386797580026,0.0,6.0,0.5667029604625838,0.0,0.0,1.0
208.0,31,611.0,10.183333333333334,4.033386172066373,60.0,2605.0,43.41666666666666,0.0,0.0,31.0,1166.0,136.0,2.244401117613554,27.11627906976744,27.11627906976744,43.0,8.0,184.0,0.1663470139356102,9.0,329.0,0.2774542157098377,1.0,7.0,0.4840071353300796,10.0,616.0,0.1017782035583352,0.0,0.0,1.0,2.0,23.0,0.1934198492452883,1.0,7.0,0.0,0.0,0.0,1.0
216.0,37,857.0,13.184615384615384,4.068472185213023,65.0,2783.0,42.815384615384616,178.0,2.7384615384615385,34.0,1417.0,251.0,3.087384069930552,29.52083333333333,29.52083333333333,48.0,9.0,253.0,0.1660973309846505,11.0,407.0,0.2253698957063573,2.0,18.0,8.786563184664318e-05,10.0,696.0,0.154586969920795,0.0,0.0,0.4479872734103789,2.0,30.0,0.0,0.0,7.0,0.9553466586442844,0.0,6.0,0.9742662677404704
224.0,38,1143.0,16.808823529411764,4.112167862977866,68.0,3042.0,44.73529411764706,259.0,3.808823529411765,36.0,1694.0,277.0,2.558481310600601,34.57142857142857,34.57142857142857,49.0,8.0,315.0,0.0959968137247727,12.0,497.0,0.2262991774730559,2.0,34.0,0.0,11.0,778.0,0.0,0.0,0.0,1.0,2.0,53.0,0.4699413101711535,1.0,11.0,0.3599886728788966,0.0,6.0,0.9594731700517544
232.0,30,1144.0,17.333333333333332,4.794740072644975,66.0,3212.0,48.66666666666666,170.0,2.575757575757576,28.0,1624.0,0.0,2.665369580852728,38.66666666666666,38.66666666666666,42.0,9.0,387.0,0.1730400480792382,12.0,593.0,0.1571050663461382,2.0,50.0,0.3150411088311529,5.0,585.0,0.0477274922061551,0.0,0.0,0.9961823578575998,0.0,9.0,0.3849801104750818,0.0,0.0,0.9123937276576974,0.0,0.0,0.9811384001434492
240.0,20,608.0,10.305084745762713,4.928090099539417,59.0,3238.0,54.88135593220339,26.0,0.4406779661016949,20.0,1539.0,0.0,3.6267248141949233,36.642857142857146,36.642857142857146,42.0,9.0,465.0,0.27721935467416,3.0,377.0,0.3936490829707582,2.0,66.0,0.4857573342483293,3.0,607.0,0.1556848303826899,0.0,0.0,1.0,2.0,16.0,0.0003879895742758,1.0,8.0,0.4800451172220782,0.0,0.0,0.4224527032202523
264.0,24,349.0,6.12280701754386,5.063627558781919,57.0,3199.0,56.12280701754386,0.0,0.0,24.0,1179.0,0.0,2.9204286742796057,31.864864864864863,31.864864864864863,37.0,9.0,227.0,0.288851627449695,7.0,226.0,0.0852276000550864,3.0,139.0,0.5253637561258647,5.0,587.0,0.1658873562411053,0.0,0.0,1.0,0.0,0.0,1.0,0.0,0.0,1.0,0.0,0.0,1.0
272.0,23,401.0,6.573770491803279,5.283655505288213,61.0,3188.0,52.26229508196721,0.0,0.0,23.0,1330.0,151.0,3.475701435236582,31.666666666666668,31.666666666666668,42.0,9.0,270.0,0.2523850009629524,7.0,282.0,0.2592581051028374,3.0,163.0,0.5397387351288371,4.0,612.0,0.0498138214669843,0.0,0.0,1.0,0.0,0.0,0.9659960386385956,0.0,3.0,0.97614986206138,0.0,0.0,1.0
280.0,24,447.0,7.576271186440678,5.143949488214726,59.0,3055.0,51.77966101694916,0.0,0.0,23.0,1331.0,1.0,3.6761641802999137,33.275,33.275,40.0,9.0,342.0,0.3155516180960837,2.0,130.0,0.3635229408871141,3.0,187.0,0.5241344046216918,9.0,672.0,0.0001149924213216,0.0,0.0,0.6262569581775137,0.0,0.0,0.9496123561229424,0.0,0.0,1.0,0.0,0.0,1.0
288.0,28,571.0,10.017543859649123,4.734763677333804,57.0,3023.0,53.03508771929825,0.0,0.0,28.0,1459.0,128.0,2.541276990757793,36.475,36.475,40.0,10.0,417.0,0.2539030595906465,6.0,156.0,0.1038036891581194,2.0,136.0,0.6647349036936364,9.0,744.0,0.0,1.0,6.0,0.0,0.0,0.0,1.0,0.0,0.0,1.0,0.0,0.0,1.0
296.0,28,762.0,13.854545454545455,3.656751209008838,55.0,2989.0,54.345454545454544,0.0,0.0,28.0,1563.0,104.0,2.1549703698984697,37.21428571428572,37.21428571428572,42.0,12.0,502.0,0.0651874377353695,3.0,86.0,0.2380905762772987,3.0,156.0,0.5749857072643233,10.0,819.0,0.088099385657471,0.0,0.0,0.5633929770870421,0.0,0.0,1.0,0.0,0.0,1.0,0.0,0.0,1.0
304.0,26,747.0,12.45,4.706504486794122,60.0,3213.0,53.55,224.0,3.733333333333333,26.0,1444.0,0.0,2.242330260162092,37.02564102564103,37.02564102564103,39.0,14.0,609.0,0.0,3.0,56.0,0.3481836028544502,5.0,192.0,0.4184171763889044,4.0,584.0,0.2609034454973899,0.0,0.0,0.4606982593653467,0.0,3.0,0.9572034719400504,0.0,0.0,1.0,0.0,0.0,1.0
312.0,16,340.0,6.415094339622642,4.899957957552442,53.0,3208.0,60.528301886792455,0.0,0.0,16.0,1161.0,0.0,3.215547471167689,31.37837837837838,31.37837837837838,37.0,9.0,478.0,0.1751170985610163,0.0,14.0,0.6914093717723538,1.0,50.0,0.4817510532277422,5.0,604.0,0.1391150367094664,1.0,4.0,0.0001639658522876,0.0,7.0,0.7048879269641092,0.0,4.0,0.6625157117575958,0.0,0.0,1.0
320.0,15,107.0,1.945454545454545,5.84245750859683,55.0,3327.0,60.49090909090909,119.0,2.163636363636364,15.0,882.0,0.0,2.9178488667479634,27.5625,27.5625,32.0,0.0,118.0,0.2532649409262152,2.0,25.0,0.2882518213993991,2.0,51.0,0.4665783674688757,9.0,670.0,0.2301061742449421,0.0,0.0,1.0,2.0,18.0,0.0002533950971975,0.0,0.0,1.0,0.0,0.0,1.0
328.0,18,140.0,2.456140350877193,6.325914943653047,57.0,3404.0,59.719298245614034,77.0,1.350877192982456,16.0,857.0,0.0,3.143386823238814,29.55172413793104,29.55172413793104,29.0,6.0,143.0,0.2412735191635343,2.0,41.0,0.4694285613261899,3.0,75.0,0.3857647433986404,3.0,564.0,0.2019290464771977,0.0,0.0,1.0,2.0,34.0,0.3248438476565716,0.0,0.0,1.0,0.0,0.0,1.0
336.0,13,163.0,3.326530612244898,5.45764040608266,49.0,2428.0,49.55102040816327,0.0,0.0,13.0,788.0,0.0,2.307978305594016,29.185185185185187,29.185185185185187,27.0,6.0,194.0,0.1977079985475148,1.0,36.0,0.4651880110595632,3.0,99.0,0.3296547607520809,3.0,457.0,0.0826620435987377,0.0,0.0,1.0,0.0,2.0,0.4331992172829124,0.0,0.0,1.0,0.0,0.0,1.0
344.0,16,226.0,5.022222222222222,4.542145656331631,45.0,2162.0,48.04444444444445,0.0,0.0,14.0,856.0,68.0,3.511494246240774,27.61290322580645,27.61290322580645,31.0,7.0,250.0,0.2636738835541697,0.0,3.0,0.9744464341371128,3.0,120.0,0.2484101237757327,3.0,465.0,0.0325753812352667,0.0,0.0,1.0,1.0,15.0,0.6171639182009024,0.0,3.0,0.8187760261844856,0.0,0.0,1.0
352.0,14,110.0,2.2,5.45226339517199,50.0,2279.0,45.58,117.0,2.34,13.0,636.0,0.0,2.7841212262829824,25.44,25.44,25.0,2.0,49.0,0.4180281538313123,0.0,0.0,0.7982440072829903,0.0,43.0,0.6247786099197782,7.0,510.0,0.0040055814472036,0.0,0.0,1.0,3.0,29.0,0.0005744618354479,1.0,5.0,1.083814895713883e-05,0.0,0.0,1.0
360.0,21,252.0,4.5,6.1670901968567575,56.0,2315.0,41.33928571428572,36.0,0.6428571428571429,18.0,696.0,60.0,3.238873236020898,27.84,27.84,25.0,4.0,40.0,0.4790914070679481,0.0,0.0,0.881004277128195,0.0,3.0,0.9548178438458134,10.0,587.0,5.454736717853972e-06,0.0,0.0,1.0,3.0,53.0,0.0,1.0,13.0,0.0,0.0,0.0,1.0
368.0,17,336.0,6.109090909090909,6.5112732810643,55.0,2013.0,36.6,0.0,0.0,13.0,767.0,71.0,4.046878831761149,31.95833333333333,31.95833333333333,24.0,2.0,56.0,0.6774647740514761,0.0,0.0,0.5405679608962807,0.0,3.0,0.8005619797221121,10.0,667.0,0.0,0.0,0.0,1.0,0.0,20.0,0.4761696365380959,1.0,21.0,0.0,0.0,0.0,1.0
376.0,20,447.0,7.982142857142857,6.000597582706591,56.0,1827.0,32.625,0.0,0.0,15.0,848.0,81.0,3.859708214837095,36.869565217391305,36.869565217391305,23.0,2.0,72.0,0.632159989098784,1.0,3.0,0.45964857941199,0.0,0.0,0.930479417392137,10.0,747.0,0.0,1.0,0.0,0.0,1.0,26.0,0.0,0.0,0.0,1.0,0.0,0.0,1.0
384.0,16,499.0,8.910714285714286,6.296677107558226,56.0,1736.0,31.0,0.0,0.0,12.0,868.0,20.0,5.020344820169658,34.72,34.72,25.0,1.0,7.0,0.7866899619272409,0.0,0.0,0.4607849269955278,0.0,0.0,0.7727464224280277,10.0,827.0,0.0,0.0,0.0,0.172726846105601,1.0,34.0,0.0,0.0,0.0,1.0,0.0,0.0,1.0
392.0,21,650.0,11.607142857142858,5.564137785431423,56.0,1726.0,30.821428571428573,0.0,0.0,17.0,987.0,119.0,4.2963763133594615,35.25,35.25,28.0,3.0,23.0,0.4398773886619597,1.0,7.0,0.5028875854217643,2.0,8.0,0.5775120119756425,10.0,907.0,0.0,0.0,0.0,1.0,1.0,42.0,0.0,0.0,0.0,0.9410498542757904,0.0,0.0,1.0
400.0,21,802.0,13.59322033898305,5.64747092378517,59.0,1783.0,30.220338983050848,57.0,0.9661016949152542,17.0,1107.0,120.0,3.712083170112149,36.9,36.9,30.0,2.0,24.0,0.624750587908609,2.0,22.0,0.1653671728074106,2.0,24.0,0.5414262623750069,10.0,987.0,0.0,0.0,0.0,1.0,1.0,50.0,0.0,0.0,0.0,1.0,0.0,0.0,1.0
408.0,28,996.0,16.6,4.5212635297759896,60.0,1977.0,32.95,194.0,3.2333333333333334,24.0,1273.0,166.0,3.257110269392,35.361111111111114,35.361111111111114,36.0,4.0,45.0,0.427515181500174,5.0,53.0,0.2330153270290734,4.0,46.0,0.3277048428353792,10.0,1067.0,0.0,0.0,0.0,0.603079287755258,1.0,58.0,0.4948133230407271,0.0,4.0,0.3176689829437419,0.0,0.0,1.0
416.0,30,1224.0,20.0655737704918,3.8429779830952575,61.0,2197.0,36.01639344262295,220.0,3.60655737704918,26.0,1469.0,196.0,1.777083340578992,43.20588235294117,43.20588235294117,34.0,4.0,73.0,0.1843649456857922,5.0,89.0,0.292788740964358,4.0,78.0,0.2310081504854249,10.0,1147.0,0.0,0.0,0.0,1.0,1.0,66.0,0.0,2.0,16.0,0.0035716857492746,0.0,0.0,1.0
424.0,28,1431.0,24.67241379310345,3.989060550307188,58.0,2411.0,41.56896551724138,214.0,3.689655172413793,24.0,1657.0,188.0,1.8712756636333097,48.73529411764706,48.73529411764706,34.0,4.0,105.0,0.1857749398454504,4.0,129.0,0.2906788998166664,5.0,117.0,0.1548318711870514,10.0,1227.0,0.0,0.0,0.0,1.0,1.0,74.0,0.0,0.0,5.0,0.2488578159260966,0.0,0.0,1.0
432.0,28,1229.0,21.1896551724138,4.007873117280751,58.0,2641.0,45.53448275862069,230.0,3.965517241379312,24.0,1450.0,0.0,2.1627052261816453,41.42857142857143,41.42857142857143,35.0,5.0,139.0,0.0001004034995794,7.0,183.0,0.1539613082033307,5.0,157.0,0.3486462846226271,5.0,885.0,0.0543686051312915,1.0,1.0,0.0717852084081025,1.0,85.0,0.4633417814465412,0.0,0.0,1.0,0.0,0.0,1.0
448.0,23,574.0,8.830769230769231,4.934567710357147,65.0,2922.0,44.95384615384615,106.0,1.6307692307692307,22.0,1215.0,313.0,2.750404246134173,29.634146341463413,29.634146341463413,41.0,5.0,224.0,0.268207478427454,10.0,335.0,0.3010264126534778,3.0,53.0,0.0098874938454061,3.0,597.0,0.2621892719985795,0.0,0.0,0.2938391231691736,1.0,6.0,0.4240271723318728,0.0,0.0,1.0,0.0,0.0,1.0
456.0,24,394.0,5.472222222222222,4.65693673278614,72.0,3114.0,43.25,192.0,2.6666666666666665,21.0,1231.0,16.0,2.722499018066792,28.627906976744185,28.627906976744185,43.0,5.0,270.0,0.3820225165378584,3.0,153.0,0.3565835041666602,4.0,84.0,0.0,7.0,705.0,0.0870705138951865,1.0,5.0,1.7286820191949565e-05,1.0,14.0,0.0563242508546175,0.0,0.0,1.0,0.0,0.0,1.0
464.0,29,232.0,3.2222222222222223,4.707224391519536,72.0,3030.0,42.083333333333336,0.0,0.0,22.0,1098.0,0.0,3.3386551142027323,26.78048780487805,26.78048780487805,41.0,0.0,97.0,0.7055451263359351,10.0,193.0,0.2329939092638248,0.0,19.0,0.6194225200135934,11.0,783.0,6.251344036895757e-05,0.0,0.0,1.0,1.0,6.0,0.467090513755968,0.0,0.0,1.0,0.0,0.0,1.0
472.0,34,436.0,6.140845070422535,4.683256447820068,71.0,3232.0,45.52112676056338,202.0,2.8450704225352115,29.0,1294.0,196.0,2.5538585978845547,31.5609756097561,31.5609756097561,41.0,2.0,100.0,0.4786713112744077,15.0,295.0,0.1761247392601272,1.0,25.0,0.4086010807240652,11.0,874.0,0.0829433866652965,0.0,0.0,1.0,0.0,0.0,1.0,0.0,0.0,1.0,0.0,0.0,1.0
480.0,34,634.0,9.057142857142855,4.743046024885562,70.0,3260.0,46.57142857142857,28.0,0.4,28.0,1473.0,179.0,2.638770340431252,35.07142857142857,35.07142857142857,42.0,2.0,112.0,0.5626993193451912,15.0,373.0,0.1225335541614475,0.0,4.0,0.9926851571322304,11.0,977.0,0.0802283809609092,0.0,0.0,1.0,0.0,4.0,0.8234111842022497,0.0,3.0,0.9840423481576348,0.0,0.0,1.0
488.0,39,919.0,12.58904109589041,4.187962015547233,73.0,3354.0,45.945205479452056,94.0,1.2876712328767124,34.0,1700.0,227.0,1.9186692728968533,36.95652173913044,36.95652173913044,46.0,2.0,128.0,0.5764363840394958,19.0,488.0,0.1045224625977322,0.0,4.0,0.9507113749391624,11.0,1065.0,0.0773732799263727,0.0,0.0,1.0,1.0,7.0,0.0373989311336249,1.0,8.0,0.0,0.0,0.0,1.0
496.0,31,850.0,11.805555555555555,4.161933038068276,72.0,3485.0,48.40277777777778,131.0,1.8194444444444444,26.0,1530.0,0.0,2.545735986504268,34.0,34.0,45.0,0.0,8.0,0.6929076598449917,10.0,333.0,0.2263579771321007,0.0,7.0,0.9483693453987,11.0,1135.0,0.029377830234979,0.0,0.0,1.0,4.0,31.0,0.0011456122337012,1.0,16.0,0.0,0.0,0.0,1.0
504.0,28,837.0,11.788732394366198,3.95349168321276,71.0,3646.0,51.352112676056336,161.0,2.267605633802817,23.0,1677.0,147.0,2.512375996487584,36.45652173913044,36.45652173913044,46.0,2.0,25.0,0.4993820661133054,9.0,379.0,0.1418780001257248,0.0,7.0,0.9444048728786772,11.0,1223.0,0.0794156978474553,0.0,0.0,1.0,0.0,19.0,0.4201475305691916,1.0,24.0,0.0,0.0,0.0,1.0
512.0,38,1087.0,14.493333333333334,4.32610683017371,75.0,3888.0,51.84,242.0,3.2266666666666666,33.0,1874.0,197.0,2.425241611964549,39.87234042553192,39.87234042553192,47.0,3.0,45.0,0.4221223790136162,18.0,476.0,0.1267284105091653,0.0,7.0,0.8992746551877427,11.0,1311.0,0.0,0.0,0.0,1.0,0.0,0.0,1.0,1.0,35.0,0.6091528460442532,0.0,0.0,1.0
520.0,37,947.0,13.528571428571428,3.6124710112894407,70.0,3411.0,48.72857142857143,0.0,0.0,32.0,1730.0,0.0,1.7663434894346473,40.23255813953488,40.23255813953488,43.0,3.0,25.0,0.3074365135819213,21.0,631.0,0.0822075828254556,0.0,7.0,0.9559558003629418,5.0,1018.0,0.0713650065411847,0.0,0.0,1.0,0.0,0.0,0.913686516488073,3.0,49.0,0.0001461860549955,0.0,0.0,1.0
528.0,30,597.0,8.528571428571428,4.2926101555514,70.0,3668.0,52.4,257.0,3.6714285714285713,27.0,1864.0,134.0,1.8423003272234368,46.6,46.6,40.0,0.0,3.0,0.7323881786326966,23.0,811.0,0.0388498326420544,0.0,3.0,0.93416925434061,3.0,1037.0,0.0652369934873581,0.0,0.0,1.0,1.0,4.0,0.4788954317593487,0.0,6.0,0.2946004453217259,0.0,0.0,1.0
536.0,32,663.0,8.95945945945946,4.529923334155369,74.0,3850.0,52.02702702702703,182.0,2.45945945945946,28.0,1904.0,40.0,2.299377699653126,42.31111111111111,42.31111111111111,45.0,0.0,3.0,0.8857833855858447,23.0,995.0,0.099927263653065,0.0,3.0,0.4952164347227423,3.0,885.0,0.1786304534659054,0.0,0.0,1.0,1.0,2.0,0.0043683573803813,1.0,16.0,0.3069207073972972,0.0,0.0,1.0
544.0,37,893.0,12.942028985507246,3.319608180318712,69.0,3772.0,54.66666666666666,0.0,0.0,35.0,2170.0,266.0,2.4258617289863107,41.73076923076923,41.73076923076923,52.0,0.0,9.0,0.7767927623040917,25.0,1182.0,0.064182818130634,1.0,13.0,0.5118211772976742,5.0,906.0,0.1225584005025403,0.0,0.0,1.0,1.0,10.0,0.0,3.0,50.0,0.227257697944568,0.0,0.0,1.0
552.0,46,1181.0,15.95945945945946,3.452766312354882,74.0,4047.0,54.68918918918919,275.0,3.716216216216216,44.0,2554.0,384.0,2.471202054186973,43.28813559322034,43.28813559322034,59.0,1.0,9.0,0.7046775818807756,28.0,1391.0,0.0288781365146497,0.0,7.0,0.948966344461237,10.0,1051.0,0.0832223337355101,0.0,0.0,1.0,1.0,18.0,0.0,4.0,78.0,2.633386209694831e-06,0.0,0.0,1.0
560.0,43,1466.0,18.325,4.377340934743151,80.0,4247.0,53.0875,200.0,2.5,39.0,2788.0,234.0,3.162622630710422,47.25423728813559,47.25423728813559,59.0,0.0,9.0,0.8545706268161717,27.0,1607.0,0.0319958243157052,0.0,4.0,0.0162037943412272,11.0,1138.0,0.0,0.0,0.0,0.2439237822956626,1.0,30.0,0.6291527859320666,0.0,0.0,1.0,0.0,0.0,1.0
568.0,40,1168.0,13.123595505617978,4.5988329564716,89.0,4576.0,51.41573033707865,329.0,3.696629213483146,36.0,2731.0,0.0,3.896084179233482,41.37878787878788,41.37878787878788,66.0,1.0,22.0,0.7314587222457889,20.0,1420.0,0.0921798028988886,1.0,16.0,0.6474521005544462,11.0,1226.0,8.065453932362584e-07,0.0,0.0,1.0,3.0,47.0,0.2382966438581732,0.0,0.0,1.0,0.0,0.0,1.0
576.0,37,634.0,7.287356321839081,4.35733003021908,87.0,4799.0,55.16091954022989,223.0,2.5632183908045976,34.0,2999.0,268.0,3.4442120146236688,44.10294117647059,44.10294117647059,68.0,3.0,44.0,0.6882160351663563,15.0,1539.0,0.0747402083534658,1.0,24.0,0.3377100496407046,11.0,1314.0,0.0,0.0,0.0,1.0,4.0,74.0,0.0,0.0,0.0,1.0,0.0,4.0,0.9136572291359728
584.0,42,788.0,8.853932584269662,3.108781850718172,89.0,5103.0,57.3370786516854,304.0,3.415730337078652,39.0,3261.0,262.0,2.032237436343009,45.29166666666666,45.29166666666666,72.0,5.0,56.0,0.3100074680805783,17.0,1647.0,0.075986026045036,2.0,39.0,0.3123497159798047,11.0,1402.0,0.0,0.0,0.0,1.0,4.0,113.0,0.2409106023408425,0.0,0.0,0.4078995390248385,0.0,4.0,0.9674065922738954
592.0,52,1000.0,11.627906976744184,2.5440867979371857,86.0,5392.0,62.69767441860465,289.0,3.36046511627907,49.0,3488.0,227.0,0.7850915683660487,53.66153846153846,53.66153846153846,65.0,9.0,103.0,0.1071360096326365,28.0,1830.0,0.0276649865541509,0.0,4.0,0.8594207347486007,11.0,1490.0,0.0,0.0,0.0,1.0,1.0,61.0,0.1939713407860649,0.0,0.0,1.0,0.0,0.0,1.0
600.0,61,1434.0,16.674418604651162,2.1638237332106787,86.0,5839.0,67.8953488372093,447.0,5.197674418604652,58.0,3920.0,432.0,1.174389307969174,56.0,56.0,70.0,9.0,160.0,0.1048818513766896,34.0,2091.0,0.0383540844229694,0.0,4.0,0.8542747235422973,11.0,1578.0,0.0436891851687499,0.0,0.0,1.0,4.0,76.0,0.002947216482804,0.0,11.0,0.8121274490978138,0.0,0.0,1.0
608.0,54,1573.0,17.875,2.7565504307192428,88.0,6240.0,70.9090909090909,401.0,4.556818181818182,51.0,3859.0,0.0,1.0957602383619978,57.59701492537314,57.59701492537314,67.0,11.0,232.0,0.1151908565715113,25.0,1849.0,0.0740528095803712,0.0,4.0,0.8834485086937564,11.0,1666.0,0.076109852258963,0.0,0.0,1.0,4.0,108.0,0.0,0.0,0.0,1.0,0.0,0.0,1.0
616.0,45,1133.0,12.588888888888889,2.7660542259824608,90.0,6409.0,71.21111111111111,169.0,1.877777777777777,42.0,3680.0,0.0,1.6626448102325273,52.57142857142857,52.57142857142857,70.0,12.0,305.0,0.2650685793075502,20.0,2025.0,0.0747172101273492,0.0,4.0,0.8911912282052634,6.0,1206.0,0.0812399988059967,0.0,0.0,1.0,4.0,140.0,0.0,0.0,0.0,1.0,0.0,0.0,1.0
624.0,28,200.0,2.127659574468085,3.6004746441576,94.0,6438.0,68.48936170212765,29.0,0.3085106382978723,26.0,3745.0,65.0,2.4272150313764245,53.5,53.5,70.0,3.0,264.0,0.3877291800715288,20.0,2189.0,0.0661298107796296,0.0,4.0,0.8767619474840112,3.0,1224.0,0.0623508787991623,0.0,0.0,1.0,0.0,64.0,0.6558729790682872,0.0,0.0,1.0,0.0,0.0,1.0
632.0,50,428.0,4.412371134020619,3.260410168730281,97.0,6584.0,67.87628865979381,146.0,1.5051546391752575,47.0,4105.0,360.0,2.1110580221517874,54.01315789473684,54.01315789473684,76.0,9.0,290.0,0.333622589737462,28.0,2374.0,0.0438476710981374,0.0,4.0,0.9592519997916776,8.0,1356.0,0.0045213887853444,0.0,0.0,1.0,2.0,74.0,1.0360443832124636e-05,0.0,7.0,0.9799666443622104,0.0,0.0,1.0
640.0,57,648.0,6.545454545454546,3.350053468792501,99.0,6833.0,69.02020202020202,249.0,2.515151515151515,54.0,3985.0,0.0,1.8014358329257791,51.75324675324676,51.75324675324676,77.0,14.0,386.0,0.2767388752235295,28.0,2067.0,0.0746206295424776,0.0,7.0,0.9154599633875848,10.0,1435.0,6.909730781875439e-06,0.0,0.0,1.0,2.0,90.0,0.0,0.0,0.0,1.0,0.0,0.0,1.0
648.0,56,806.0,8.06,3.271692443965015,100.0,7245.0,72.45,412.0,4.12,53.0,4403.0,418.0,2.3791364630490515,52.41666666666666,52.41666666666666,84.0,17.0,510.0,0.3606185659109767,24.0,2265.0,0.0621348904625638,0.0,7.0,0.877341433729041,10.0,1515.0,0.0,0.0,0.0,1.0,2.0,106.0,0.0,0.0,0.0,1.0,0.0,0.0,1.0
656.0,44,676.0,6.693069306930693,2.847945822836849,101.0,7397.0,73.23762376237623,152.0,1.504950495049505,41.0,4255.0,0.0,1.8713978287052613,50.05882352941177,50.05882352941177,85.0,14.0,535.0,0.2541224099877742,20.0,2439.0,0.0615756979707788,0.0,7.0,0.5320544710677572,5.0,1149.0,0.0526574112096712,0.0,0.0,1.0,2.0,125.0,0.2830901513723171,0.0,0.0,1.0,0.0,0.0,1.0
664.0,53,680.0,6.415094339622642,2.78929754078436,106.0,7699.0,72.63207547169812,302.0,2.849056603773585,52.0,3869.0,0.0,1.7064929246403464,44.47126436781609,44.47126436781609,87.0,19.0,668.0,0.1803509679491713,29.0,2626.0,0.0291914731291972,1.0,15.0,0.5465287963676908,0.0,414.0,0.5014777635781889,0.0,0.0,1.0,3.0,146.0,0.236327599779446,0.0,0.0,1.0,0.0,0.0,1.0
672.0,57,855.0,7.844036697247707,2.7808141822464565,109.0,8033.0,73.69724770642202,334.0,3.0642201834862384,57.0,4440.0,571.0,1.8566206092425392,47.74193548387097,47.74193548387097,93.0,10.0,519.0,0.2496760419069697,40.0,2905.0,0.0015846682169833,1.0,23.0,0.5717310550329214,2.0,816.0,0.3057191832418886,0.0,0.0,1.0,4.0,174.0,4.7435791107957134e-05,0.0,3.0,0.3256481028665545,0.0,0.0,1.0
680.0,55,926.0,7.914529914529915,3.3190905069146432,117.0,8485.0,72.52136752136752,452.0,3.8632478632478633,54.0,3763.0,0.0,1.850569139319029,40.90217391304348,40.90217391304348,92.0,9.0,361.0,0.2784786299928881,34.0,2607.0,0.0546823938786706,1.0,31.0,0.5556553210749131,5.0,558.0,0.0576408972171639,1.0,0.0,0.0,4.0,206.0,0.0,0.0,0.0,1.0,0.0,0.0,1.0
688.0,41,691.0,5.80672268907563,4.523660205355717,119.0,8529.0,71.67226890756302,44.0,0.3697478991596639,40.0,2781.0,0.0,3.3379114873448743,30.56043956043956,30.56043956043956,91.0,9.0,270.0,0.3878568641921183,22.0,1655.0,0.1220670657084274,1.0,39.0,0.6418709932660313,4.0,579.0,0.16699548162,0.0,0.0,1.0,4.0,238.0,0.0,0.0,0.0,1.0,0.0,0.0,1.0
696.0,48,661.0,5.462809917355372,3.7727261318839256,121.0,8720.0,72.06611570247934,191.0,1.578512396694215,48.0,3132.0,351.0,2.6427504421357644,32.28865979381443,32.28865979381443,97.0,17.0,374.0,0.2910591700005827,17.0,1796.0,0.1187847268228525,2.0,50.0,0.5435719632659044,8.0,642.0,0.0022609809139323,0.0,0.0,1.0,4.0,270.0,0.0,0.0,0.0,1.0,0.0,0.0,1.0
704.0,47,788.0,6.852173913043479,2.755749024807883,115.0,8014.0,69.68695652173913,0.0,0.0,44.0,3084.0,0.0,1.838328767413297,33.16129032258065,33.16129032258065,93.0,22.0,519.0,0.1384585458648728,5.0,1468.0,0.1560932249930798,3.0,70.0,0.3157753592072284,10.0,722.0,7.648434682602759e-07,0.0,0.0,1.0,4.0,305.0,0.1949028482823405,0.0,0.0,1.0,0.0,0.0,1.0
712.0,60,972.0,8.1,2.48535725865239,120.0,8419.0,70.15833333333333,405.0,3.375,56.0,3385.0,301.0,1.690476295825364,32.86407766990291,32.86407766990291,103.0,28.0,638.0,0.1681993033833116,8.0,1504.0,0.0807305364577242,3.0,97.0,0.3941251464456231,10.0,802.0,0.0,0.0,0.0,1.0,6.0,344.0,0.0949498691288818,1.0,0.0,0.0,0.0,0.0,1.0
720.0,56,1111.0,9.032520325203253,2.525658002550557,123.0,8559.0,69.58536585365853,140.0,1.1382113821138211,53.0,3436.0,51.0,1.303996571471411,34.01980198019802,34.01980198019802,101.0,22.0,814.0,0.1290643782553305,8.0,1210.0,0.0917568487003132,5.0,126.0,8.936516672478788e-06,10.0,882.0,0.0,0.0,0.0,1.0,8.0,404.0,5.487135752398736e-06,0.0,0.0,0.9751427418018244,0.0,0.0,1.0
728.0,59,932.0,7.456,2.275321894385344,125.0,8408.0,67.264,0.0,0.0,54.0,3471.0,35.0,1.3136081468337808,33.375,33.375,104.0,23.0,860.0,0.1283916653731477,11.0,1276.0,0.0543541816926109,6.0,170.0,0.1266257388449032,10.0,962.0,0.0906550001708081,0.0,0.0,1.0,3.0,199.0,0.2043464860339978,1.0,4.0,1.7672783386180398e-05,0.0,0.0,1.0
736.0,56,1010.0,7.709923664122138,2.2795540158926,131.0,8232.0,62.83969465648855,0.0,0.0,52.0,3539.0,68.0,1.3347178345203523,31.88288288288288,31.88288288288288,111.0,26.0,1052.0,0.0644165227073658,7.0,999.0,0.0873071247420658,5.0,210.0,0.3519698779654602,10.0,1042.0,0.0,0.0,0.0,1.0,3.0,217.0,0.0996951499397251,1.0,19.0,0.604105339089353,0.0,0.0,1.0
744.0,37,552.0,4.088888888888889,3.1110388503977684,135.0,8490.0,62.888888888888886,258.0,1.9111111111111112,34.0,3271.0,0.0,2.013831979364652,30.28703703703704,30.28703703703704,108.0,17.0,1156.0,0.167034797933501,8.0,1053.0,0.0757070497347426,1.0,108.0,0.3948351474408416,5.0,846.0,0.0818823792511152,0.0,0.0,1.0,3.0,104.0,0.294401589355114,0.0,4.0,0.2779422362294521,0.0,0.0,1.0
752.0,47,262.0,1.832167832167832,2.8222336242619974,143.0,8802.0,61.55244755244755,312.0,2.1818181818181817,47.0,3458.0,187.0,1.4283268672580414,29.810344827586206,29.810344827586206,116.0,19.0,1176.0,0.0823430950042584,17.0,1160.0,0.0680913024806054,3.0,122.0,0.394006914269158,3.0,868.0,0.0514462399625935,0.0,0.0,1.0,4.0,122.0,0.2080649076976257,1.0,10.0,0.0,0.0,0.0,1.0
760.0,54,385.0,2.636986301369863,3.0783626173709,146.0,7910.0,54.17808219178082,0.0,0.0,53.0,2849.0,0.0,1.7901111645652863,24.77391304347826,24.77391304347826,115.0,23.0,1154.0,0.1363538819911058,19.0,946.0,0.094814686586373,0.0,53.0,0.5449114148434789,4.0,512.0,0.0676363976432449,0.0,0.0,1.0,6.0,166.0,0.1152242855483673,1.0,18.0,0.0,0.0,0.0,1.0
768.0,43,244.0,1.648648648648649,3.388304186398002,148.0,8139.0,54.99324324324324,229.0,1.5472972972972974,42.0,2990.0,141.0,2.054110604351329,26.0,26.0,115.0,13.0,1147.0,0.1817118650257614,20.0,1106.0,0.0914346634494097,3.0,66.0,0.3972218542744215,4.0,535.0,0.0617137659052669,0.0,0.0,1.0,1.0,110.0,0.2363857335550907,1.0,26.0,0.2064184556103301,0.0,0.0,1.0
776.0,52,309.0,2.0738255033557045,3.0505696828754223,149.0,8337.0,55.95302013422819,198.0,1.3288590604026846,49.0,3071.0,81.0,1.7563177634519094,25.80672268907563,25.80672268907563,119.0,19.0,1233.0,0.1078775472609251,9.0,908.0,0.1824982320721067,7.0,105.0,0.1200829387515997,8.0,654.0,0.0023846088606063,0.0,0.0,1.0,4.0,123.0,0.0025444914951293,2.0,48.0,0.442788207950527,0.0,0.0,1.0
784.0,62,577.0,3.9793103448275855,2.243771013543494,145.0,7920.0,54.62068965517241,0.0,0.0,57.0,3276.0,205.0,1.682683231824761,26.208,26.208,125.0,24.0,1286.0,0.1371048871455672,13.0,972.0,0.091730936213326,6.0,160.0,0.2876062307161463,10.0,733.0,0.1524930810851634,0.0,0.0,1.0,0.0,55.0,0.3479894336478429,4.0,70.0,0.0053450776638819,0.0,0.0,1.0
792.0,54,669.0,4.3441558441558445,2.777239884320335,154.0,8389.0,54.47402597402598,469.0,3.0454545454545454,49.0,3174.0,0.0,1.343819294377495,27.6,27.6,115.0,17.0,1287.0,0.1095469077413595,8.0,742.0,0.0953170007184819,9.0,220.0,0.0993523260786186,10.0,813.0,0.0792956583635847,0.0,0.0,0.1869753419108876,0.0,0.0,1.0,5.0,112.0,0.1937886455878067,0.0,0.0,1.0
800.0,55,861.0,5.484076433121019,3.813474146020104,157.0,8132.0,51.796178343949045,0.0,0.0,52.0,3327.0,153.0,1.85327752544686,27.95798319327731,27.95798319327731,119.0,16.0,1236.0,0.1947258663104814,11.0,759.0,0.1243711081131044,8.0,276.0,0.0790631266478784,10.0,895.0,0.2100014942966153,0.0,0.0,1.0,0.0,0.0,1.0,7.0,161.0,0.0002216430524236,0.0,0.0,1.0
808.0,59,1188.0,7.815789473684211,3.3349628699634546,152.0,7786.0,51.22368421052632,0.0,0.0,56.0,3476.0,149.0,1.6827588477306652,28.966666666666665,28.966666666666665,120.0,22.0,1364.0,0.1208592861777935,6.0,566.0,0.1888285093248723,9.0,346.0,0.1251603505768062,11.0,982.0,0.207007162481772,0.0,0.0,1.0,0.0,0.0,1.0,8.0,218.0,0.0007996132318628,0.0,0.0,1.0
816.0,72,1613.0,10.753333333333334,2.683044195003031,150.0,7517.0,50.11333333333334,0.0,0.0,69.0,3999.0,523.0,1.6533059561841408,30.76153846153846,30.76153846153846,130.0,28.0,1570.0,0.1296741108802699,9.0,622.0,0.1703991935326217,9.0,418.0,0.1710430949922455,15.0,1107.0,0.1496165815804196,0.0,0.0,1.0,0.0,0.0,1.0,8.0,282.0,0.0,0.0,0.0,1.0
824.0,87,2177.0,13.86624203821656,2.0046731882371382,157.0,7823.0,49.82802547770701,306.0,1.9490445859872607,83.0,4565.0,566.0,1.3988360981013814,33.81481481481482,33.81481481481482,135.0,29.0,1769.0,0.1173485425698898,19.0,723.0,0.1143942544257828,10.0,492.0,0.1465235715350292,17.0,1235.0,0.0558362209707697,0.0,0.0,0.7709566917756463,0.0,0.0,1.0,8.0,346.0,0.0,0.0,0.0,1.0
832.0,89,2432.0,14.73939393939394,2.6645521406525816,165.0,8533.0,51.71515151515152,710.0,4.303030303030303,85.0,4836.0,271.0,1.1580764636787215,36.91603053435114,36.91603053435114,131.0,32.0,2010.0,0.1151448445197245,20.0,617.0,0.104628033805899,12.0,582.0,0.0744726046324841,18.0,1376.0,0.0,0.0,0.0,1.0,0.0,0.0,1.0,3.0,251.0,0.1085447856338259,0.0,0.0,1.0
840.0,89,2563.0,15.439759036144578,3.5984352115525,166.0,8830.0,53.19277108433735,297.0,1.789156626506024,86.0,4728.0,0.0,2.302503814907348,35.28358208955224,35.28358208955224,134.0,34.0,2016.0,0.2108900776712658,22.0,452.0,0.1625745089897415,12.0,678.0,0.1793406976295553,18.0,1520.0,0.0,0.0,0.0,1.0,0.0,0.0,1.0,0.0,62.0,0.7125076962526764,0.0,0.0,1.0
848.0,84,2799.0,16.562130177514792,4.389040384755912,169.0,9514.0,56.29585798816568,684.0,4.047337278106509,80.0,4663.0,0.0,3.3596418044174543,34.03649635036496,34.03649635036496,137.0,36.0,1876.0,0.302124960819811,10.0,307.0,0.2576877045995607,15.0,787.0,0.135713705766287,18.0,1664.0,0.0,0.0,0.0,1.0,0.0,0.0,0.9681620096050046,1.0,29.0,0.4620054864508421,0.0,0.0,0.994675974441448
856.0,73,2456.0,14.706586826347303,4.643433170992336,167.0,9564.0,57.26946107784431,50.0,0.2994011976047904,70.0,4303.0,0.0,3.5721613136279764,32.847328244274806,32.847328244274806,131.0,38.0,1795.0,0.2785707563505566,9.0,252.0,0.3539162788925344,15.0,907.0,0.1609720395453247,8.0,1349.0,0.081489381026378,0.0,0.0,0.601782089415489,0.0,0.0,1.0,0.0,0.0,1.0,0.0,0.0,0.946981645713228
864.0,76,1851.0,11.28658536585366,3.7111241348688098,164.0,9385.0,57.22560975609756,0.0,0.0,75.0,4383.0,80.0,2.4279319814671654,34.511811023622045,34.511811023622045,127.0,41.0,1703.0,0.2232380221162576,9.0,255.0,0.2232578261348949,18.0,1038.0,0.0550950132878965,7.0,1387.0,0.0590222668945508,0.0,0.0,1.0,0.0,0.0,1.0,0.0,0.0,1.0,0.0,0.0,1.0
872.0,89,1920.0,11.779141104294478,3.1606026415904886,163.0,9589.0,58.828220858895705,204.0,1.2515337423312884,86.0,5105.0,722.0,2.0917779749727554,38.67424242424242,38.67424242424242,132.0,39.0,1913.0,0.2125218242840687,15.0,346.0,0.0782302019300147,18.0,1182.0,0.1289481314912267,14.0,1664.0,0.0028108501598729,0.0,0.0,1.0,0.0,0.0,0.7928819976227822,0.0,0.0,1.0,0.0,0.0,1.0
880.0,71,1859.0,11.916666666666666,3.308837497581858,156.0,9096.0,58.30769230769231,0.0,0.0,68.0,5029.0,0.0,2.416614620210898,38.98449612403101,38.98449612403101,129.0,25.0,1960.0,0.2458077518042442,18.0,419.0,0.08348902771383,19.0,1338.0,0.1566811319455942,6.0,1312.0,0.085754853176412,0.0,0.0,1.0,0.0,0.0,1.0,0.0,0.0,1.0,0.0,0.0,1.0
888.0,60,1915.0,12.435064935064934,3.566166062965538,154.0,9250.0,60.06493506493506,154.0,1.0,59.0,4540.0,0.0,2.2811960955978527,36.91056910569106,36.91056910569106,123.0,18.0,1860.0,0.2255755872871653,19.0,555.0,0.034886537186125,22.0,1507.0,0.107085379211302,0.0,618.0,0.4171992735061026,0.0,0.0,1.0,0.0,0.0,1.0,0.0,0.0,1.0,0.0,0.0,1.0
896.0,64,2217.0,14.211538461538462,3.610912233647449,156.0,9334.0,59.833333333333336,84.0,0.5384615384615384,64.0,4639.0,99.0,2.2199215613968457,37.41129032258065,37.41129032258065,124.0,23.0,1870.0,0.202821966030489,17.0,630.0,0.1779222864834728,24.0,1698.0,0.084560543462475,0.0,441.0,0.2109959091285852,0.0,0.0,1.0,0.0,0.0,1.0,0.0,0.0,1.0,0.0,0.0,1.0
904.0,70,2570.0,15.207100591715976,3.7808307703375608,169.0,9722.0,57.52662721893491,388.0,2.2958579881656807,70.0,5060.0,421.0,2.1764479599732347,37.48148148148148,37.48148148148148,135.0,25.0,2052.0,0.154320890520833,15.0,645.0,0.237867668249353,26.0,1902.0,0.1111193518992822,4.0,454.0,0.106725573214491,0.0,0.0,1.0,0.0,7.0,0.8903902875796608,0.0,0.0,0.9954081151494172,0.0,0.0,1.0
912.0,95,3143.0,18.488235294117647,2.3927897079153744,170.0,9471.0,55.71176470588235,0.0,0.0,94.0,5700.0,640.0,1.2878221950639768,39.310344827586206,39.310344827586206,145.0,38.0,2292.0,0.0939561815251031,19.0,770.0,0.0273291045919062,26.0,2110.0,0.2015014722808792,9.0,512.0,0.002226090566817,0.0,0.0,1.0,2.0,16.0,0.0002362960990611,0.0,0.0,0.3478979987004754,0.0,0.0,1.0
920.0,107,3731.0,20.72777777777777,2.297748203893957,180.0,10270.0,57.05555555555556,799.0,4.438888888888889,102.0,6060.0,360.0,1.464288028058047,40.13245033112583,40.13245033112583,151.0,43.0,2411.0,0.08705578026054,21.0,938.0,0.1293265972701857,30.0,2333.0,0.1734237522273721,5.0,338.0,0.0684508188230613,0.0,0.0,1.0,3.0,40.0,0.2664171874122199,0.0,0.0,0.0160380322167546,0.0,0.0,1.0
928.0,100,4226.0,22.59893048128342,2.994278113280295,187.0,11093.0,59.32085561497326,823.0,4.401069518716578,97.0,6498.0,438.0,1.7329199776159234,42.47058823529412,42.47058823529412,153.0,44.0,2756.0,0.0801825453708944,21.0,1101.0,0.1958205893264509,31.0,2570.0,0.16519829945297,0.0,53.0,0.4135425845659685,0.0,0.0,1.0,1.0,18.0,0.3626181571380802,0.0,0.0,1.0,0.0,0.0,1.0
936.0,82,2514.0,13.372340425531917,3.397823067186246,188.0,11450.0,60.90425531914894,357.0,1.898936170212766,80.0,5928.0,0.0,1.8991107875402349,40.054054054054056,40.054054054054056,148.0,46.0,2922.0,0.113204763983186,8.0,796.0,0.2163603900202419,22.0,2089.0,0.1432938790475142,2.0,113.0,0.1249655729197561,0.0,0.0,1.0,2.0,8.0,0.5151187472587984,0.0,0.0,0.9250258177993468,0.0,0.0,1.0
944.0,77,1611.0,8.261538461538462,4.1972571986365725,195.0,11534.0,59.14871794871795,84.0,0.4307692307692308,73.0,5021.0,0.0,2.199998277859637,35.864285714285714,35.864285714285714,140.0,46.0,2929.0,0.1588705468347055,9.0,829.0,0.1413981645955929,12.0,1134.0,0.2590409943052444,3.0,104.0,0.132743825365915,0.0,0.0,1.0,2.0,23.0,0.0,1.0,2.0,0.3363513090434535,0.0,0.0,1.0
952.0,85,1825.0,9.70744680851064,3.704389844909101,188.0,11098.0,59.03191489361702,0.0,0.0,82.0,5448.0,427.0,2.302998540995667,38.91428571428571,38.91428571428571,140.0,54.0,3283.0,0.138308365604766,18.0,935.0,0.1181043233569186,7.0,1106.0,0.3085620321235985,3.0,124.0,0.078543177827425,0.0,0.0,0.9158911607285956,0.0,0.0,1.0,0.0,0.0,0.9343608062152844,0.0,0.0,1.0
960.0,120,2622.0,14.02139037433155,2.560343756937133,187.0,10935.0,58.475935828877006,0.0,0.0,115.0,6268.0,820.0,1.4537920834234814,41.23684210526316,41.23684210526316,152.0,69.0,3780.0,0.0535065552737578,22.0,1104.0,0.1559486910845408,15.0,1188.0,0.2285947111480136,8.0,185.0,0.0028776505750454,0.0,0.0,0.9953605777093948,0.0,0.0,1.0,1.0,11.0,0.5223006318296207,0.0,0.0,1.0
968.0,131,2979.0,16.102702702702704,1.889676676961024,185.0,10277.0,55.55135135135135,0.0,0.0,126.0,6987.0,719.0,1.2653295597412402,44.221518987341774,44.221518987341774,158.0,61.0,4035.0,0.077125511399468,26.0,1301.0,0.1663761887880052,26.0,1359.0,0.1601010994797863,10.0,264.0,1.282472439043396e-06,0.0,0.0,1.0,0.0,0.0,1.0,3.0,28.0,3.537334627209222e-05,0.0,0.0,1.0
976.0,124,3178.0,17.086021505376344,2.127818337026356,186.0,11205.0,60.24193548387097,928.0,4.989247311827957,121.0,7429.0,442.0,1.2236551584631938,47.62179487179487,47.62179487179487,156.0,55.0,4049.0,0.0717638354756142,31.0,1534.0,0.103842508515925,30.0,1588.0,0.1590947586477536,5.0,246.0,0.068615058083291,0.0,0.0,1.0,0.0,0.0,0.9395270356035064,0.0,12.0,0.3382061048501727,0.0,0.0,1.0
984.0,116,3150.0,16.666666666666668,2.3732377083317253,189.0,12123.0,64.14285714285714,918.0,4.857142857142857,114.0,8055.0,626.0,1.2223890543243987,51.96774193548387,51.96774193548387,155.0,43.0,4133.0,0.0910663936454286,31.0,1769.0,0.0959206144358793,34.0,1845.0,0.0800882604422483,4.0,286.0,0.2321930446965856,0.0,0.0,1.0,1.0,4.0,0.465994607785599,1.0,18.0,0.0,0.0,0.0,1.0
992.0,111,3366.0,17.904255319148938,3.004744980632453,188.0,12063.0,64.16489361702128,0.0,0.0,108.0,8413.0,358.0,1.817780261561256,55.71523178807947,55.71523178807947,151.0,34.0,3992.0,0.1710573503891506,33.0,2027.0,0.1243704809598261,34.0,2108.0,0.0878557524305225,5.0,273.0,0.2621186960569105,0.0,0.0,1.0,2.0,13.0,0.0046498474967173,0.0,0.0,1.0,0.0,0.0,1.0
1000.0,111,3761.0,20.22043010752688,2.821869713162722,186.0,12591.0,67.69354838709677,528.0,2.838709677419355,109.0,9015.0,602.0,1.1195666836177685,62.60416666666666,62.60416666666666,144.0,34.0,4157.0,0.1077097614695067,34.0,2292.0,0.0595045433425732,35.0,2384.0,0.0812854449598414,4.0,153.0,0.1892190199883334,0.0,0.0,1.0,2.0,29.0,0.0,0.0,0.0,1.0,0.0,0.0,1.0
1008.0,108,3956.0,21.26881720430108,2.5495009843414107,186.0,12867.0,69.1774193548387,276.0,1.4838709677419355,105.0,9589.0,574.0,1.0532311719793082,65.67808219178082,65.67808219178082,146.0,26.0,4060.0,0.1272905286903468,38.0,2587.0,0.0,36.0,2670.0,0.0808411880925352,3.0,227.0,0.1576001642343986,0.0,0.0,1.0,2.0,45.0,0.1399340924486635,0.0,0.0,1.0,0.0,0.0,1.0
1016.0,88,3510.0,18.376963350785346,3.375951138683208,191.0,13629.0,71.35602094240838,762.0,3.9895287958115184,87.0,9205.0,0.0,1.3672761080338098,66.70289855072464,66.70289855072464,138.0,15.0,3739.0,0.1656429206328232,35.0,2822.0,0.0262266131102431,27.0,2336.0,0.0701883030970535,8.0,247.0,0.1657859766475622,0.0,0.0,1.0,2.0,61.0,0.3238960821216011,0.0,0.0,1.0,0.0,0.0,1.0
1024.0,88,3204.0,16.86315789473684,3.389051879599239,190.0,13686.0,72.03157894736842,57.0,0.3,82.0,9206.0,1.0,1.7297042946593577,65.29078014184397,65.29078014184397,141.0,16.0,3378.0,0.1628443575992409,35.0,3102.0,0.0737929716220979,21.0,2382.0,0.0970377642468653,10.0,323.0,0.0840677851076662,0.0,0.0,1.0,0.0,4.0,0.7271803237572144,0.0,14.0,0.921046978870673,0.0,3.0,0.9268104906403436
1032.0,92,3258.0,17.422459893048128,3.048322109347022,187.0,13218.0,70.68449197860963,0.0,0.0,86.0,9177.0,0.0,1.5835299855808012,63.72916666666666,63.72916666666666,144.0,17.0,2832.0,0.180777516767206,36.0,3385.0,0.0312365952180564,20.0,2515.0,0.0941992899298769,10.0,403.0,0.0888178956594675,0.0,3.0,0.9560997676749132,1.0,13.0,0.4445609946363344,2.0,26.0,0.2660127916731498,0.0,0.0,1.0
1040.0,105,3840.0,20.869565217391305,2.665676914171121,184.0,13363.0,72.625,145.0,0.7880434782608695,101.0,9653.0,476.0,1.40851095389827,66.11643835616438,66.11643835616438,146.0,23.0,2734.0,0.1590671147438982,37.0,3680.0,0.0240379993792274,26.0,2703.0,0.0690844325250059,11.0,496.0,0.1437828413750132,0.0,4.0,0.8911949701377972,4.0,36.0,0.2801959725968566,0.0,0.0,1.0,0.0,0.0,1.0
1048.0,111,4583.0,25.18131868131868,2.2759519362854,182.0,13193.0,72.48901098901099,0.0,0.0,105.0,10466.0,813.0,1.414759028712509,69.3112582781457,69.3112582781457,151.0,23.0,2923.0,0.1601783158566273,38.0,3976.0,0.0225153243982243,32.0,2940.0,0.0687019285826189,11.0,580.0,0.1281420013853118,0.0,2.0,0.6806767146873337,1.0,34.0,0.4002319890786946,0.0,11.0,0.934516691412182,0.0,0.0,1.0
1056.0,110,5201.0,27.66489361702128,2.580166732527412,188.0,13638.0,72.54255319148936,445.0,2.367021276595745,103.0,10858.0,392.0,1.9019720020752464,70.50649350649351,70.50649350649351,154.0,16.0,2674.0,0.215699001401007,37.0,4272.0,0.0471754426084023,37.0,3218.0,0.0867719383282245,11.0,664.0,0.0720429422594307,0.0,0.0,1.0,1.0,8.0,0.6341506750131236,1.0,22.0,0.6727653596978739,0.0,0.0,1.0
1064.0,113,5937.0,31.083769633507853,2.779272841126583,191.0,14124.0,73.94764397905759,486.0,2.544502617801048,106.0,11397.0,539.0,1.9891709588347093,72.13291139240506,72.13291139240506,158.0,10.0,2472.0,0.2875012824165268,37.0,4572.0,0.1249693808288364,42.0,3536.0,0.072670756595259,12.0,760.0,0.0736532357896023,0.0,1.0,0.4453714288262218,2.0,19.0,0.1751067123829147,3.0,37.0,0.1576279308530499,0.0,0.0,1.0
1072.0,105,4843.0,24.83589743589744,2.5959371784341205,195.0,14774.0,75.76410256410256,650.0,3.333333333333333,100.0,11000.0,0.0,1.502877611272681,70.51282051282051,70.51282051282051,156.0,15.0,2583.0,0.2277605272348538,18.0,3554.0,0.1687073790245926,45.0,3882.0,0.020065720397921,12.0,856.0,0.0,0.0,0.0,1.0,3.0,41.0,0.2429508143526673,7.0,84.0,0.0001217041252809,0.0,0.0,1.0
1080.0,76,2993.0,14.890547263681592,3.947928972890976,201.0,15324.0,76.23880597014926,550.0,2.736318407960199,68.0,9049.0,0.0,2.525463560828219,63.725352112676056,63.725352112676056,142.0,15.0,2366.0,0.2875018685756948,4.0,2166.0,0.2487472546103019,36.0,3516.0,0.0620580649907421,12.0,952.0,0.0760974107727298,0.0,0.0,0.6745380676864021,0.0,0.0,0.0440736240261451,1.0,49.0,0.3040588386038466,0.0,0.0,1.0
1088.0,68,1949.0,9.553921568627452,3.818891177507295,204.0,14923.0,73.15196078431373,0.0,0.0,60.0,8532.0,0.0,2.4538459151200325,58.43835616438356,58.43835616438356,146.0,16.0,2296.0,0.2553679427572406,5.0,1669.0,0.3295073973050866,28.0,3762.0,0.0743975002699168,6.0,729.0,0.0403479871168385,0.0,0.0,1.0,1.0,11.0,0.4575143397090682,4.0,65.0,0.0481130912524801,0.0,0.0,1.0
1096.0,70,1262.0,6.186274509803922,3.25844929389837,204.0,14376.0,70.47058823529412,0.0,0.0,68.0,8612.0,80.0,1.7832370451565172,57.41333333333333,57.41333333333333,150.0,19.0,2286.0,0.1717183983573757,12.0,1616.0,0.2382524523964408,25.0,3835.0,0.0594839460129143,5.0,750.0,0.1538954611153231,0.0,0.0,0.648408570376412,1.0,16.0,0.0,6.0,109.0,3.5011821233749142e-06,0.0,0.0,1.0
1104.0,96,1427.0,7.170854271356784,2.685591286350961,199.0,13580.0,68.24120603015075,0.0,0.0,92.0,9347.0,735.0,1.2833753538002233,60.6948051948052,60.6948051948052,154.0,29.0,2484.0,0.1332450448222052,18.0,1741.0,0.0775193948940013,29.0,4053.0,0.0411619762367049,9.0,885.0,0.156264434178704,0.0,0.0,1.0,1.0,24.0,0.458894277550784,6.0,160.0,0.1341961943189808,0.0,0.0,1.0
1112.0,106,1847.0,9.375634517766498,2.38493502616878,197.0,14203.0,72.09644670050761,623.0,3.1624365482233503,102.0,10044.0,697.0,1.0984435718000418,63.97452229299363,63.97452229299363,157.0,37.0,2739.0,0.1225202062178707,19.0,1893.0,0.0435020736163598,33.0,4299.0,0.0340654309269622,10.0,962.0,0.1531394026018986,0.0,0.0,0.9531799082299728,2.0,35.0,4.209924720934916e-05,1.0,116.0,0.0805997094370837,0.0,0.0,1.0
1120.0,88,1903.0,9.860103626943005,2.5750555310877417,193.0,14971.0,77.56994818652849,768.0,3.979274611398964,83.0,9520.0,0.0,1.436570876202781,64.32432432432432,64.32432432432432,148.0,31.0,2700.0,0.1446205427960927,4.0,1313.0,0.234482779448384,39.0,4588.0,0.0094192037352815,5.0,805.0,0.2494418906110829,1.0,5.0,0.0152516761178909,2.0,51.0,0.3773389901915412,1.0,58.0,0.009529666665768,0.0,0.0,1.0
1128.0,84,1873.0,9.806282722513089,3.4235355605355133,191.0,15526.0,81.28795811518324,555.0,2.905759162303665,79.0,8256.0,0.0,2.1426337431888065,57.73426573426573,57.73426573426573,143.0,36.0,2984.0,0.2090305878363921,0.0,153.0,0.4374813452811339,35.0,4127.0,0.0252980855696319,3.0,914.0,0.3162763092533145,1.0,0.0,0.0,4.0,78.0,0.1768172669883181,0.0,0.0,0.4226044716522953,0.0,0.0,1.0
1136.0,80,1020.0,5.483870967741935,3.3995522555170314,186.0,15121.0,81.29569892473118,0.0,0.0,73.0,7402.0,0.0,2.1478665817063853,52.12676056338028,52.12676056338028,142.0,30.0,2615.0,0.2003170467854905,2.0,125.0,0.4714847577593847,30.0,3776.0,0.1094981173567159,4.0,762.0,0.1804119547857383,0.0,0.0,1.0,6.0,119.0,0.0011378886064355,1.0,5.0,0.0,0.0,0.0,1.0
1144.0,61,698.0,3.793478260869565,4.039401428770861,184.0,15299.0,83.14673913043478,178.0,0.967391304347826,60.0,7296.0,0.0,2.099541009979631,53.64705882352941,53.64705882352941,136.0,29.0,2440.0,0.162048883276529,2.0,154.0,0.6252067466792622,24.0,3861.0,0.1054881314561365,4.0,779.0,0.2111407002869284,0.0,0.0,0.5243174826676791,1.0,62.0,0.1498626260039509,0.0,0.0,1.0,0.0,0.0,1.0
1152.0,71,651.0,3.657303370786517,3.46207419597106,178.0,14443.0,81.14044943820225,0.0,0.0,70.0,7479.0,183.0,1.841000085162916,53.805755395683455,53.805755395683455,139.0,32.0,2353.0,0.1486877100081574,2.0,173.0,0.3962063759521436,26.0,4078.0,0.0589387524048887,9.0,862.0,0.0956952271016428,1.0,6.0,0.2534258842140984,0.0,0.0,1.0,0.0,7.0,0.9512689373995584,0.0,0.0,1.0
1168.0,61,701.0,4.099415204678363,3.0287532514609667,171.0,13222.0,77.32163742690058,0.0,0.0,57.0,6569.0,0.0,1.8374211578867887,49.02238805970149,49.02238805970149,134.0,31.0,2204.0,0.1582969453071565,5.0,258.0,0.3695858181934153,15.0,3363.0,0.0884841338073562,5.0,724.0,0.0542900124378771,0.0,3.0,0.3431909260912346,0.0,4.0,0.8193470007734637,1.0,13.0,0.1375006164427213,0.0,0.0,1.0
1176.0,56,578.0,3.32183908045977,3.7940150511538215,174.0,13358.0,76.77011494252874,136.0,0.7816091954022989,51.0,6263.0,0.0,2.4885336113132044,47.090225563909776,47.090225563909776,133.0,29.0,2346.0,0.1713297901863405,2.0,94.0,0.6564355992182985,16.0,3474.0,0.0791327732894957,0.0,322.0,0.4907710264641482,0.0,0.0,1.0,0.0,0.0,1.0,4.0,27.0,0.4594028125694823,0.0,0.0,1.0
1184.0,67,710.0,4.034090909090909,3.96896606651234,176.0,13628.0,77.43181818181819,270.0,1.5340909090909092,66.0,6586.0,323.0,2.386837410494977,49.149253731343286,49.149253731343286,134.0,34.0,2445.0,0.1853409961951926,3.0,115.0,0.5956954498025896,26.0,3593.0,0.0929021403294807,2.0,404.0,0.3481523551504921,0.0,0.0,0.905537466828018,0.0,4.0,0.8979912655747452,1.0,25.0,0.1180511854595874,0.0,0.0,1.0
1192.0,65,678.0,3.852272727272727,3.723994328143,176.0,13494.0,76.67045454545455,0.0,0.0,61.0,6390.0,0.0,2.2146133854115693,48.77862595419848,48.77862595419848,131.0,27.0,2437.0,0.1853091790686689,4.0,145.0,0.4862014112455655,18.0,3309.0,0.1290833767896567,8.0,452.0,0.0248699430610509,0.0,0.0,1.0,0.0,4.0,0.8261808061156231,4.0,43.0,0.1709868701390865,0.0,0.0,1.0
1200.0,75,935.0,5.165745856353591,3.512895547290373,181.0,13636.0,75.33701657458563,142.0,0.7845303867403315,70.0,6384.0,0.0,2.121457739638403,45.92805755395683,45.92805755395683,139.0,35.0,2675.0,0.1541756740475963,5.0,186.0,0.6304200252637693,12.0,2897.0,0.1256043202670702,12.0,542.0,1.805652599194319e-05,0.0,0.0,1.0,0.0,0.0,0.9102536415519644,6.0,84.0,0.0001030438228089,0.0,0.0,1.0
1216.0,74,1083.0,6.153409090909091,3.3796710438395725,176.0,12815.0,72.8125,352.0,2.0,71.0,6657.0,64.0,2.167946220720664,48.23913043478261,48.23913043478261,138.0,27.0,2666.0,0.1544361662824575,6.0,266.0,0.560843361000391,26.0,3177.0,0.0768252498464804,5.0,359.0,0.149392365645102,0.0,0.0,0.918525991753656,0.0,0.0,0.729543955205643,7.0,189.0,0.0452804245712563,0.0,0.0,1.0
1224.0,69,1045.0,5.9375,3.6466307385996033,176.0,13216.0,75.0909090909091,401.0,2.278409090909091,68.0,6442.0,0.0,2.304212906197112,45.36619718309859,45.36619718309859,142.0,33.0,2747.0,0.1153940325613123,7.0,321.0,0.5455396442169498,16.0,2732.0,0.1139571972469601,3.0,384.0,0.2712819148068133,0.0,0.0,1.0,1.0,6.0,0.4749426615207339,8.0,252.0,0.229203113738454,0.0,0.0,1.0
1232.0,85,922.0,5.209039548022599,3.144737601328557,177.0,12953.0,73.18079096045197,0.0,0.0,83.0,6929.0,487.0,1.6505070245170186,49.49285714285714,49.49285714285714,140.0,40.0,3043.0,0.0946806962499421,8.0,352.0,0.3251384467779368,17.0,2850.0,0.135940453502125,11.0,525.0,0.0782616485423357,0.0,0.0,1.0,3.0,27.0,0.4732942852602124,4.0,132.0,0.1017491873125164,0.0,0.0,1.0
1240.0,71,723.0,4.061797752808989,3.256418460803581,178.0,13273.0,74.56741573033707,320.0,1.797752808988764,65.0,6354.0,0.0,1.5073415240931718,47.77443609022557,47.77443609022557,133.0,30.0,2884.0,0.0683007051229623,0.0,117.0,0.6113199934152507,15.0,2642.0,0.0914272741274808,12.0,620.0,0.0756396279280619,0.0,0.0,1.0,6.0,68.0,0.1485520323098505,2.0,23.0,0.2476847956416856,0.0,0.0,1.0
1248.0,63,764.0,4.390804597701149,3.2497276528203,174.0,13357.0,76.76436781609195,84.0,0.4827586206896552,59.0,6845.0,491.0,1.976809842547458,48.54609929078014,48.54609929078014,141.0,23.0,3099.0,0.1510186069649498,1.0,96.0,0.6544266668600882,10.0,2744.0,0.111882061067337,12.0,719.0,0.173543164617908,0.0,0.0,1.0,11.0,153.0,0.0010413989102108,2.0,34.0,0.0,0.0,0.0,1.0
1256.0,49,674.0,3.918604651162791,3.275639084856192,172.0,13158.0,76.5,0.0,0.0,44.0,6186.0,0.0,2.1203982859729766,45.82222222222222,45.82222222222222,135.0,20.0,2926.0,0.1666733323482327,1.0,15.0,0.6740857405985398,5.0,2291.0,0.1959924649035768,5.0,663.0,0.0775101888827823,0.0,0.0,1.0,11.0,241.0,0.0,2.0,50.0,0.1341842187713575,0.0,0.0,1.0
1264.0,54,677.0,4.053892215568863,3.088177441234251,167.0,12901.0,77.25149700598803,0.0,0.0,48.0,6403.0,217.0,1.586454291251981,49.63565891472868,49.63565891472868,129.0,21.0,2985.0,0.1388635330858849,1.0,23.0,0.6772584029849157,8.0,2324.0,0.1195940240359629,5.0,694.0,0.0174104620993746,0.0,0.0,1.0,10.0,305.0,0.0,3.0,72.0,0.0,0.0,0.0,1.0
1272.0,71,943.0,5.613095238095238,2.9835122808614547,168.0,12723.0,75.73214285714286,0.0,0.0,63.0,6705.0,302.0,1.4209311489267962,52.3828125,52.3828125,128.0,29.0,3192.0,0.1167772217046518,1.0,12.0,0.4508518699811782,18.0,2436.0,0.1074031167152561,4.0,665.0,0.0454973617059974,0.0,0.0,1.0,10.0,385.0,0.0,1.0,15.0,0.2205770331740179,0.0,0.0,1.0
1280.0,59,1015.0,6.189024390243903,3.0877026505308094,164.0,11871.0,72.38414634146342,0.0,0.0,50.0,5829.0,0.0,1.7677357799967155,48.98319327731093,48.98319327731093,119.0,22.0,2865.0,0.1289298572489766,0.0,9.0,0.3798793669068546,17.0,2126.0,0.1332235516036804,0.0,346.0,0.4094888529240344,0.0,0.0,1.0,10.0,465.0,0.0,1.0,18.0,0.0,0.0,0.0,1.0
1288.0,59,732.0,4.409638554216867,3.1463655366389114,166.0,11996.0,72.26506024096386,125.0,0.7530120481927711,51.0,6190.0,361.0,1.700564139648629,49.12698412698413,49.12698412698413,126.0,23.0,3044.0,0.1289717412678727,4.0,24.0,0.0004136751708574,16.0,2251.0,0.12589384333532,2.0,436.0,0.2755703200413929,0.0,0.0,1.0,5.0,409.0,0.1835560154039399,1.0,26.0,0.0,0.0,0.0,1.0
1296.0,69,531.0,3.2378048780487805,2.2982275386050417,164.0,11487.0,70.04268292682927,0.0,0.0,61.0,6500.0,310.0,1.2375335345263665,50.0,50.0,130.0,27.0,3223.0,0.0662378901389672,4.0,56.0,0.0,24.0,2417.0,0.0689033799613745,3.0,330.0,0.2937319336555746,0.0,0.0,1.0,3.0,467.0,0.1737136069391002,0.0,7.0,0.7418864656766708,0.0,0.0,1.0
1304.0,83,826.0,4.975903614457831,1.942688198931847,166.0,11937.0,71.90963855421687,450.0,2.710843373493976,77.0,7085.0,585.0,1.008298072375435,52.87313432835821,52.87313432835821,134.0,30.0,3450.0,0.0465822523456722,4.0,88.0,0.0,29.0,2616.0,0.0593009895312578,4.0,361.0,0.3202334283327019,0.0,0.0,1.0,8.0,553.0,0.0966197275636393,2.0,17.0,0.0002081061814412,0.0,0.0,1.0
1312.0,112,1542.0,9.345454545454546,1.276043752992259,165.0,12044.0,72.9939393939394,107.0,0.6484848484848484,102.0,7811.0,726.0,0.4692753124830148,57.85925925925926,57.85925925925926,135.0,43.0,3752.0,0.0308576906283742,5.0,120.0,0.0,33.0,2862.0,0.0490488558475936,9.0,412.0,0.0170479120613731,0.0,0.0,1.0,10.0,632.0,1.1788496613517736e-05,2.0,33.0,0.3210201811004552,0.0,0.0,1.0
1320.0,117,2195.0,12.988165680473372,1.663160139740638,169.0,12989.0,76.85798816568047,945.0,5.591715976331361,102.0,8309.0,498.0,0.527794971277066,63.42748091603053,63.42748091603053,131.0,47.0,4125.0,0.0201811283780391,0.0,34.0,0.622497759819028,39.0,3156.0,0.0218880185493545,6.0,282.0,0.0651656946709087,0.0,0.0,1.0,10.0,712.0,0.0,0.0,0.0,0.9801129964442886,0.0,0.0,1.0
1328.0,117,2997.0,17.424418604651162,1.886375580810362,172.0,13898.0,80.80232558139535,909.0,5.284883720930233,105.0,9106.0,797.0,0.7632371715137894,68.98484848484848,68.98484848484848,132.0,51.0,4533.0,0.0518459545214913,0.0,0.0,0.9190722591546449,40.0,3466.0,0.0212430660846423,3.0,313.0,0.1860803455634919,0.0,0.0,1.0,10.0,792.0,0.0,1.0,2.0,0.0018553019535421,0.0,0.0,1.0
1336.0,118,3249.0,18.88953488372093,1.804294636044377,172.0,14620.0,85.0,722.0,4.197674418604652,101.0,8923.0,0.0,0.7089555956875906,69.17054263565892,69.17054263565892,129.0,48.0,4242.0,0.0570222875391659,2.0,7.0,0.2079344984610149,41.0,3793.0,5.399419774596505e-07,4.0,200.0,0.184489141631354,0.0,0.0,1.0,5.0,671.0,0.0796177456323492,1.0,10.0,0.0,0.0,0.0,1.0
1344.0,104,3179.0,18.5906432748538,2.476267226943047,171.0,15435.0,90.26315789473684,815.0,4.766081871345029,89.0,8691.0,0.0,1.1248386750168833,72.425,72.425,120.0,41.0,3723.0,0.0934199812354614,2.0,23.0,0.3050083538630121,41.0,4121.0,3.889899319727117e-07,2.0,131.0,0.1937714109246636,0.0,0.0,1.0,3.0,689.0,0.1013899754313444,0.0,4.0,0.9687050273002632,0.0,0.0,1.0
1352.0,91,2994.0,17.10857142857143,3.0033720800885075,175.0,15753.0,90.01714285714286,318.0,1.8171428571428567,82.0,8959.0,268.0,1.469907343934206,74.04132231404958,74.04132231404958,121.0,30.0,3503.0,0.1518305345840427,1.0,4.0,0.4692664886091069,41.0,4449.0,8.164917787075142e-07,2.0,126.0,0.3205600612911197,0.0,0.0,1.0,8.0,877.0,0.0087101124965556,0.0,0.0,1.0,0.0,0.0,1.0
1360.0,86,3219.0,18.71511627906977,3.319613553828234,172.0,15415.0,89.62209302325581,0.0,0.0,69.0,8741.0,0.0,1.997341148762556,77.35398230088495,77.35398230088495,113.0,20.0,3177.0,0.2099940936801903,0.0,1.0,0.9846600799853596,41.0,4777.0,0.0,3.0,59.0,0.3524055278766953,0.0,0.0,1.0,5.0,727.0,0.117444328089954,0.0,0.0,1.0,0.0,0.0,1.0
1368.0,90,3484.0,20.13872832369942,2.822709743185655,173.0,15689.0,90.6878612716763,274.0,1.583815028901734,68.0,9232.0,491.0,1.6518051270156608,80.27826086956522,80.27826086956522,115.0,20.0,3250.0,0.1511753505484282,0.0,1.0,0.7667601101199742,41.0,5105.0,0.0,4.0,25.0,0.1570178522842974,0.0,0.0,1.0,3.0,844.0,0.1175061208190076,0.0,7.0,0.792943378766549,0.0,0.0,1.0
1376.0,99,3841.0,22.07471264367816,2.182627148482428,174.0,15808.0,90.85057471264368,119.0,0.6839080459770115,76.0,9459.0,227.0,1.1260252557817023,81.54310344827586,81.54310344827586,116.0,15.0,2972.0,0.1416099209496514,0.0,0.0,0.9996862056051417,41.0,5433.0,0.0,9.0,72.0,0.0055041824844615,0.0,0.0,0.599386070201163,8.0,968.0,0.0114408904668157,3.0,14.0,0.2310216445830915,0.0,0.0,1.0
1384.0,102,4404.0,25.75438596491228,2.1221910294215105,171.0,15754.0,92.12865497076024,0.0,0.0,72.0,9537.0,78.0,1.1973629692803112,85.91891891891892,85.91891891891892,111.0,10.0,2564.0,0.155796517449838,0.0,0.0,1.0,41.0,5761.0,0.0,11.0,157.0,0.0783022635739282,0.0,0.0,0.9922333735619256,10.0,1047.0,0.0,0.0,8.0,0.3064146369321915,0.0,0.0,1.0
1392.0,99,4032.0,22.90909090909091,2.470885660405626,176.0,16246.0,92.3068181818182,492.0,2.7954545454545454,63.0,9198.0,0.0,1.508801036489704,83.61818181818182,83.61818181818182,110.0,16.0,2670.0,0.1697932285124563,0.0,0.0,0.6357160867972674,31.0,5221.0,0.0293215480340984,5.0,174.0,0.1181961296975272,0.0,0.0,1.0,10.0,1127.0,0.0828789135602149,1.0,6.0,0.0003335357463165,0.0,0.0,1.0
1400.0,85,3110.0,17.771428571428572,2.563534604162512,175.0,16418.0,93.81714285714284,172.0,0.9828571428571428,48.0,9019.0,0.0,1.8476485757375527,82.74311926605505,82.74311926605505,109.0,14.0,2413.0,0.2013429335003667,0.0,3.0,0.7669394052068634,20.0,5189.0,0.0463002129713704,4.0,207.0,0.040202786443518,0.0,0.0,1.0,10.0,1207.0,0.0,0.0,0.0,0.9757607290867556,0.0,0.0,1.0
1408.0,90,2453.0,13.858757062146893,2.121293418408153,177.0,16930.0,95.64971751412428,512.0,2.8926553672316384,51.0,9283.0,264.0,1.4982590123617625,80.72173913043478,80.72173913043478,115.0,10.0,2272.0,0.1466274729687063,1.0,7.0,0.6521459022691913,20.0,5423.0,0.0439261143553208,10.0,294.0,0.0916709673473196,0.0,0.0,0.449624094173129,10.0,1287.0,0.0,0.0,0.0,0.0696404391590818,0.0,0.0,1.0
1416.0,94,2095.0,12.109826589595375,1.958256540014248,173.0,17203.0,99.4393063583815,273.0,1.5780346820809248,62.0,9718.0,435.0,1.1803776141596567,86.0,86.0,113.0,19.0,2389.0,0.1271160853972464,0.0,3.0,0.0366985035406076,27.0,5678.0,0.0253634388792648,6.0,281.0,0.1526667082720446,0.0,0.0,1.0,10.0,1367.0,0.0,0.0,0.0,1.0,0.0,0.0,1.0
1424.0,79,2046.0,12.03529411764706,2.253002664098405,170.0,17205.0,101.20588235294116,2.0,0.0117647058823529,51.0,8966.0,0.0,1.6076528911630898,83.01851851851852,83.01851851851852,108.0,17.0,2262.0,0.1348980795802614,1.0,10.0,0.0,21.0,5049.0,0.0677779672814085,2.0,198.0,0.4418092874739205,0.0,0.0,0.1356818858805168,10.0,1447.0,1.2333762814355771e-06,0.0,0.0,1.0,0.0,0.0,1.0
1432.0,84,2254.0,12.88,2.0430269221380657,175.0,17579.0,100.45142857142856,374.0,2.137142857142857,51.0,9379.0,413.0,1.066062199202109,84.49549549549549,84.49549549549549,111.0,18.0,2383.0,0.0931883556949937,1.0,18.0,0.0,19.0,5205.0,0.0636745419597741,3.0,246.0,0.1638455409218787,0.0,0.0,1.0,10.0,1527.0,0.0,0.0,0.0,1.0,0.0,0.0,1.0
1440.0,89,2633.0,14.70949720670391,2.002961739811226,179.0,17779.0,99.32402234636872,200.0,1.11731843575419,55.0,9574.0,195.0,1.0876548642950576,82.53448275862068,82.53448275862068,116.0,16.0,2188.0,0.0829012770631384,1.0,29.0,0.4102985766813516,20.0,5447.0,0.0547109488105284,8.0,299.0,0.0864140312023505,0.0,0.0,0.4709507044757317,10.0,1607.0,0.0,0.0,4.0,0.905283450865482,0.0,0.0,1.0
1448.0,97,2722.0,15.03867403314917,1.8566226349099224,181.0,18212.0,100.61878453038672,433.0,2.3922651933701657,62.0,9724.0,150.0,1.1973223714358538,85.29824561403508,85.29824561403508,114.0,13.0,1893.0,0.1071655156276319,2.0,34.0,0.3096218430730064,27.0,5729.0,0.0418995300664642,10.0,381.0,0.1566134942692163,0.0,0.0,0.4140510981400478,10.0,1687.0,0.0,0.0,0.0,1.0,0.0,0.0,1.0
1456.0,112,3419.0,18.58152173913044,1.9379214715922424,184.0,18496.0,100.52173913043478,284.0,1.5434782608695652,75.0,10209.0,485.0,0.8489103467388338,91.15178571428572,91.15178571428572,112.0,21.0,2001.0,0.071567658660426,0.0,0.0,0.8583713093742084,34.0,5987.0,0.0251346925403415,10.0,454.0,0.0871171817293069,0.0,0.0,0.2016812076139264,10.0,1767.0,0.0,0.0,0.0,0.912269111728224,0.0,0.0,1.0
1464.0,117,3841.0,21.22099447513812,1.714401012598165,181.0,18625.0,102.90055248618783,129.0,0.712707182320442,77.0,10445.0,236.0,0.7456437640516447,93.25892857142856,93.25892857142856,112.0,26.0,2191.0,0.0492758934684889,0.0,0.0,0.6019963010788509,36.0,6276.0,0.0488855028905114,10.0,534.0,0.0878425863967944,0.0,0.0,1.0,5.0,1444.0,0.125118451729426,0.0,0.0,1.0,0.0,0.0,1.0
1472.0,123,4049.0,22.494444444444444,1.833232672428148,180.0,19302.0,107.23333333333332,677.0,3.761111111111111,79.0,10317.0,0.0,1.2961512680695697,89.71304347826087,89.71304347826087,115.0,32.0,2420.0,0.0597825494067607,1.0,7.0,0.3185081715974703,36.0,6564.0,0.0450284045727681,10.0,614.0,0.0846713114876227,0.0,0.0,1.0,0.0,705.0,0.5394687262656501,0.0,7.0,0.8402588036880506,0.0,0.0,1.0
1480.0,130,4377.0,24.316666666666663,1.2652149634702448,180.0,19712.0,109.5111111111111,410.0,2.2777777777777777,92.0,11730.0,1413.0,0.8902151027979424,94.59677419354838,94.59677419354838,124.0,37.0,2773.0,0.0696546404919503,2.0,19.0,0.0002059921044178,36.0,6852.0,0.0447549893093351,10.0,694.0,0.0,0.0,0.0,1.0,4.0,1374.0,0.2701822609429569,3.0,18.0,0.185420827319856,0.0,0.0,1.0
1488.0,124,4075.0,22.26775956284153,1.3542033669407687,183.0,20631.0,112.7377049180328,919.0,5.021857923497268,91.0,12009.0,279.0,0.6814429222444846,99.24793388429752,99.24793388429752,121.0,33.0,2664.0,0.0643407762616152,2.0,35.0,0.3057239839316324,36.0,7140.0,0.0480287114250113,10.0,774.0,0.0,0.0,0.0,1.0,3.0,1339.0,0.0932754841335785,7.0,57.0,0.0005389447043561,0.0,0.0,1.0
1496.0,108,4089.0,22.102702702702704,2.193307196356715,185.0,21506.0,116.24864864864864,875.0,4.72972972972973,78.0,11760.0,0.0,1.4138732843009052,99.66101694915254,99.66101694915254,118.0,27.0,2048.0,0.078200581487791,0.0,4.0,0.949766963200654,36.0,7428.0,0.0467205032841201,10.0,854.0,0.0,0.0,0.0,1.0,3.0,1360.0,0.1127240179051858,2.0,66.0,0.1823026264751784,0.0,0.0,1.0
1504.0,114,4656.0,25.30434782608696,2.2493658335148017,184.0,22212.0,120.71739130434784,706.0,3.8369565217391295,83.0,12186.0,426.0,1.4587748832278091,105.05172413793105,105.05172413793105,116.0,25.0,1760.0,0.1179403304816734,0.0,0.0,0.7642428225711806,36.0,7716.0,0.0255405896708,10.0,934.0,0.1591932655257283,0.0,0.0,1.0,8.0,1691.0,0.0072787774811535,4.0,85.0,0.1330890104183759,0.0,0.0,1.0
1512.0,117,4941.0,27.91525423728813,2.07769705804044,177.0,22276.0,125.85310734463278,64.0,0.3615819209039548,81.0,12481.0,295.0,1.095115788607106,113.46363636363635,113.46363636363635,110.0,25.0,1851.0,0.1365560077079093,2.0,12.0,0.0289229349408861,36.0,8004.0,0.024858500767836,6.0,772.0,0.1559417143245592,0.0,0.0,1.0,10.0,1770.0,2.533965343096282e-06,2.0,72.0,0.1117756981951995,0.0,0.0,1.0
1520.0,110,4104.0,23.58620689655172,2.1658493875852467,174.0,22577.0,129.7528735632184,301.0,1.7298850574712643,70.0,11889.0,0.0,1.2217886265056033,114.3173076923077,114.3173076923077,104.0,26.0,1999.0,0.1123782539409833,1.0,15.0,0.0,26.0,7151.0,0.0623771968033825,3.0,789.0,0.2446784210775667,0.0,0.0,1.0,10.0,1850.0,0.0691091284096188,4.0,85.0,0.0060772344111277,0.0,0.0,1.0
1528.0,95,3484.0,20.13872832369942,2.958420660514372,173.0,22994.0,132.91329479768785,417.0,2.4104046242774566,54.0,10378.0,0.0,2.152909884982809,103.78,103.78,100.0,23.0,2192.0,0.1606338607027735,1.0,23.0,0.0,12.0,5186.0,0.1838537464546841,8.0,989.0,0.2222005441331484,0.0,0.0,0.5906836132603169,10.0,1930.0,0.0,0.0,58.0,0.1833120332430509,0.0,0.0,1.0
1536.0,90,2600.0,15.028901734104046,3.0404876110945853,173.0,23163.0,133.89017341040463,169.0,0.976878612716763,48.0,10103.0,0.0,1.9382009474220283,108.63440860215054,108.63440860215054,93.0,24.0,2372.0,0.1459902958230401,0.0,0.0,0.9181725759223658,8.0,5121.0,0.166515148877705,11.0,1069.0,0.0853167243746223,0.0,0.0,1.0,5.0,1541.0,0.1190863862334486,0.0,0.0,1.0,0.0,0.0,1.0
1544.0,93,2287.0,13.296511627906977,2.776236448695944,172.0,23016.0,133.8139534883721,0.0,0.0,59.0,10693.0,590.0,1.941830365289718,104.83333333333331,104.83333333333331,102.0,29.0,2590.0,0.1594039224867234,0.0,0.0,0.0554919973261402,14.0,5363.0,0.0768008235361043,12.0,1164.0,6.935070119559665e-07,0.0,3.0,0.8137071606361609,4.0,1566.0,0.1015658461081182,0.0,7.0,0.9289285820151256,0.0,0.0,1.0
1552.0,90,1789.0,10.585798816568047,2.350393862768629,169.0,22807.0,134.9526627218935,0.0,0.0,70.0,11229.0,536.0,1.070804714968529,111.17821782178218,111.17821782178218,101.0,25.0,2358.0,0.1328457520996853,1.0,7.0,0.0,23.0,5675.0,0.0182133260597879,12.0,1260.0,0.0,0.0,0.0,0.3885801834395824,9.0,1929.0,0.0030900456058879,0.0,0.0,1.0,0.0,0.0,1.0
1560.0,82,1288.0,7.532163742690058,3.012417350031114,171.0,23245.0,135.93567251461988,438.0,2.56140350877193,67.0,10948.0,0.0,1.4093233445789564,105.26923076923076,105.26923076923076,104.0,27.0,2563.0,0.1524617287290678,0.0,0.0,0.5606509973803263,18.0,5022.0,0.0462191354634476,12.0,1356.0,0.0,0.0,0.0,1.0,10.0,2007.0,4.531884095372165e-06,0.0,0.0,1.0,0.0,0.0,1.0
1568.0,90,1548.0,8.947976878612717,2.675455335018407,173.0,23306.0,134.71676300578034,61.0,0.3526011560693641,70.0,11749.0,801.0,1.533187923448152,106.80909090909093,106.80909090909093,110.0,35.0,2820.0,0.1318508886544359,0.0,0.0,0.8392628788532787,13.0,5250.0,0.0511741347591063,12.0,1592.0,0.0732944186234816,0.0,0.0,1.0,10.0,2087.0,0.0547692414084245,0.0,0.0,1.0,0.0,0.0,1.0
1576.0,98,1897.0,10.902298850574711,2.396166375915104,174.0,23957.0,137.683908045977,651.0,3.7413793103448274,78.0,11959.0,210.0,1.0740861409297084,110.73148148148148,110.73148148148148,108.0,37.0,2824.0,0.1292282083059057,2.0,6.0,0.1223299471058783,17.0,5414.0,0.0284215075183639,12.0,1548.0,0.0,0.0,0.0,1.0,10.0,2167.0,0.0,0.0,0.0,1.0,0.0,0.0,1.0
1584.0,94,2120.0,12.114285714285714,2.4679104637425247,175.0,24053.0,137.44571428571427,96.0,0.5485714285714286,66.0,11250.0,0.0,1.398642296658681,109.22330097087378,109.22330097087378,103.0,24.0,2470.0,0.1726456740264433,3.0,28.0,0.2311747885497177,17.0,4861.0,0.0362916936335267,12.0,1644.0,0.0,0.0,0.0,1.0,10.0,2247.0,1.3859198473827478e-06,0.0,0.0,1.0,0.0,0.0,1.0
1592.0,68,1747.0,9.870056497175142,2.979583194520889,177.0,24263.0,137.07909604519773,210.0,1.1864406779661016,38.0,10786.0,0.0,1.5294331172607722,110.06122448979592,110.06122448979592,98.0,16.0,2254.0,0.1545710949872921,1.0,17.0,0.4251695260350048,6.0,4947.0,0.0369851856663124,5.0,1241.0,0.0872351059973264,0.0,0.0,1.0,10.0,2327.0,1.4424179951958883e-06,0.0,0.0,1.0,0.0,0.0,1.0
1600.0,53,1045.0,5.9375,3.644276526783073,176.0,23932.0,135.97727272727272,0.0,0.0,33.0,9647.0,0.0,2.34038091127328,96.47,96.47,100.0,14.0,1992.0,0.1788540865415254,2.0,27.0,0.4938173353639674,8.0,4362.0,0.1025802280128132,4.0,1420.0,0.2030635985263409,0.0,0.0,1.0,5.0,1843.0,0.1041198879190302,0.0,3.0,0.5377486255846448,0.0,0.0,1.0
1608.0,53,911.0,5.176136363636363,4.162209971392821,176.0,23440.0,133.1818181818182,0.0,0.0,34.0,8447.0,0.0,3.186063827738156,83.63366336633663,83.63366336633663,101.0,16.0,2390.0,0.2022830998871796,3.0,45.0,0.4704012535223575,6.0,3585.0,0.1534074245061407,9.0,1546.0,0.0920600576639256,0.0,0.0,1.0,0.0,874.0,0.7429639281319955,0.0,7.0,0.9574052411278454,0.0,0.0,1.0
1616.0,62,838.0,4.761363636363637,4.661065271769432,176.0,23297.0,132.3693181818182,0.0,0.0,49.0,8377.0,0.0,3.4974315555226183,84.61616161616162,84.61616161616162,99.0,24.0,2782.0,0.2569338716149688,4.0,70.0,0.2719610295430795,10.0,2855.0,0.2166268467924032,10.0,1615.0,9.244197920283583e-07,0.0,0.0,1.0,1.0,1055.0,0.5777485542204802,0.0,0.0,0.9170926280657804,0.0,0.0,1.0
1624.0,61,842.0,4.757062146892656,4.586195558854011,177.0,23303.0,131.65536723163842,6.0,0.0338983050847457,53.0,9346.0,969.0,3.198497881682857,89.86538461538461,89.86538461538461,104.0,27.0,2983.0,0.2773804537160544,6.0,130.0,0.315957083576293,8.0,2925.0,0.0715477717459763,10.0,1695.0,0.083875476912313,0.0,0.0,1.0,2.0,1613.0,0.2143062248254557,0.0,0.0,0.982857105951484,0.0,0.0,1.0
1632.0,60,945.0,5.4,4.551868557970912,175.0,22188.0,126.78857142857144,0.0,0.0,47.0,8545.0,0.0,3.0453992353419674,85.45,85.45,100.0,33.0,3227.0,0.2365351555919387,1.0,82.0,0.5825196342291377,5.0,2340.0,0.1228931723062654,5.0,1325.0,0.1508603936099681,0.0,0.0,1.0,3.0,1568.0,0.095465131582592,0.0,3.0,0.8638041661479275,0.0,0.0,1.0
1640.0,47,622.0,3.616279069767442,5.019303418755782,172.0,21484.0,124.90697674418604,0.0,0.0,41.0,7788.0,0.0,3.525486128118192,74.17142857142858,74.17142857142858,105.0,31.0,3166.0,0.250412517008587,3.0,95.0,0.5828236746574805,0.0,1580.0,0.3893660765842178,3.0,1355.0,0.1572118234959397,0.0,0.0,1.0,3.0,1582.0,0.1044053504855205,1.0,10.0,0.478587367571653,0.0,0.0,1.0
1648.0,52,428.0,2.488372093023256,5.034803450020541,172.0,21467.0,124.80813953488372,0.0,0.0,48.0,7723.0,0.0,3.1965408173255927,70.85321100917432,70.85321100917432,109.0,30.0,3357.0,0.2518398631328606,4.0,126.0,0.4945490447635448,5.0,1597.0,0.2922413315251757,4.0,1156.0,0.1684206430942735,0.0,0.0,0.978570256595419,3.0,1452.0,0.1136165662077266,2.0,35.0,0.0130210312278491,0.0,0.0,1.0
1656.0,45,477.0,2.7732558139534884,5.561844037536894,172.0,21238.0,123.47674418604652,0.0,0.0,42.0,6825.0,0.0,4.081370819448592,65.625,65.625,104.0,31.0,3784.0,0.2714330403526798,3.0,80.0,0.5494571040656672,7.0,1648.0,0.3460201165336368,1.0,457.0,0.2369367432875776,0.0,0.0,1.0,0.0,838.0,0.5234088963896762,0.0,18.0,0.6373422427232782,0.0,0.0,1.0
1664.0,57,637.0,3.769230769230769,5.427983220599367,169.0,20449.0,121.0,0.0,0.0,52.0,6865.0,40.0,3.752007106307717,64.1588785046729,64.1588785046729,107.0,40.0,4083.0,0.2284465532453743,1.0,62.0,0.5704979704874327,8.0,1705.0,0.2459853685149582,3.0,561.0,0.3097191881423983,0.0,0.0,1.0,0.0,451.0,0.6902232554624621,0.0,3.0,0.9063000538512446,0.0,0.0,1.0
1672.0,77,1005.0,5.911764705882353,4.08006992794214,170.0,19515.0,114.79411764705884,0.0,0.0,67.0,7188.0,323.0,2.470347864640764,65.34545454545454,65.34545454545454,110.0,47.0,4430.0,0.1887746618718575,2.0,77.0,0.6473082710240295,8.0,1766.0,0.1794492612437659,7.0,604.0,0.0106246178077635,0.0,0.0,1.0,2.0,308.0,0.0207859796576909,1.0,3.0,0.4464419962868993,0.0,0.0,1.0
1680.0,80,1307.0,7.779761904761905,3.863318293343288,168.0,19676.0,117.11904761904762,161.0,0.9583333333333334,72.0,7627.0,439.0,2.850945263502984,65.75,65.75,116.0,51.0,4991.0,0.2146975715096459,2.0,93.0,0.56634790211364,8.0,1830.0,0.2573629851511152,5.0,352.0,0.0502518652539111,0.0,0.0,1.0,4.0,347.0,0.1258793300106678,2.0,14.0,0.3706437654299334,0.0,0.0,1.0
1688.0,67,1196.0,7.119047619047619,3.843473034760412,168.0,20010.0,119.10714285714286,334.0,1.988095238095238,64.0,7498.0,0.0,2.6023588608388635,65.2,65.2,115.0,48.0,5122.0,0.1851829333723338,1.0,29.0,0.6166704793784087,9.0,1896.0,0.1800669261929009,3.0,373.0,0.0713445470938202,0.0,0.0,1.0,3.0,78.0,0.3326431284012631,0.0,0.0,1.0,0.0,0.0,1.0
1696.0,73,1226.0,6.965909090909091,4.340647290315187,176.0,20190.0,114.7159090909091,180.0,1.0227272727272727,70.0,7587.0,89.0,2.766021691769064,62.70247933884298,62.70247933884298,121.0,47.0,5051.0,0.2054078297689261,3.0,38.0,0.6179221398317477,9.0,1968.0,0.161756284903516,8.0,450.0,0.0044177937163509,0.0,0.0,1.0,3.0,77.0,0.0909025603320722,0.0,3.0,0.57497701268011,0.0,0.0,1.0
1704.0,71,1317.0,7.747058823529412,4.476852916945454,170.0,19044.0,112.02352941176471,0.0,0.0,68.0,7418.0,0.0,2.82400249197978,62.33613445378151,62.33613445378151,119.0,48.0,4946.0,0.1973539192101024,3.0,56.0,0.46858211234988,9.0,2037.0,0.0919495504976696,5.0,293.0,0.070973720753343,0.0,0.0,1.0,3.0,83.0,0.0,0.0,0.0,0.929297986771538,0.0,3.0,0.9766413230383468
1712.0,69,1385.0,8.293413173652695,4.149454950533386,167.0,18767.0,112.37724550898204,0.0,0.0,67.0,7749.0,331.0,2.6387334767275576,63.51639344262295,63.51639344262295,122.0,44.0,5317.0,0.1909619115373285,10.0,113.0,0.2476393037535135,10.0,2115.0,0.0824553419589761,0.0,94.0,0.5041147523807871,0.0,0.0,1.0,3.0,107.0,0.1872884190111164,0.0,0.0,1.0,0.0,3.0,0.9514066857331366
1720.0,68,1507.0,9.189024390243905,3.73784832780789,164.0,18426.0,112.35365853658536,0.0,0.0,66.0,8046.0,297.0,2.5242813217137487,62.859375,62.859375,128.0,36.0,5346.0,0.1953945743047747,13.0,206.0,0.1904582266590258,10.0,2195.0,0.1466386820760147,3.0,160.0,0.3080657062031021,0.0,0.0,1.0,4.0,137.0,0.0,0.0,0.0,1.0,0.0,2.0,0.9484757692655732
1728.0,42,607.0,3.634730538922156,4.15051968859491,167.0,18570.0,111.19760479041916,144.0,0.8622754491017964,41.0,7239.0,0.0,2.756872670492001,59.82644628099174,59.82644628099174,121.0,21.0,5310.0,0.2183340811798559,6.0,211.0,0.2782616533462565,1.0,1331.0,0.1616460153361976,9.0,216.0,0.0066964573167477,0.0,0.0,0.8903381057416233,4.0,169.0,0.0,0.0,0.0,1.0,0.0,2.0,0.9950144348946086
1736.0,40,453.0,2.696428571428572,5.477068591392516,168.0,18821.0,112.0297619047619,251.0,1.494047619047619,36.0,6030.0,0.0,4.107358678130682,52.43478260869565,52.43478260869565,115.0,19.0,5147.0,0.289686034873707,5.0,198.0,0.5237360669473963,0.0,308.0,0.3841938654658943,12.0,315.0,0.1389721894791918,0.0,0.0,1.0,0.0,62.0,0.3408037780172768,0.0,0.0,1.0,0.0,0.0,1.0
1744.0,39,401.0,2.4451219512195124,5.024413659636235,164.0,18219.0,111.09146341463416,0.0,0.0,36.0,6060.0,30.0,3.054816626746696,53.6283185840708,53.6283185840708,113.0,19.0,5271.0,0.2408446223031584,4.0,61.0,0.3577204422883303,1.0,312.0,0.0055394180045002,12.0,409.0,0.0378138728010709,0.0,0.0,1.0,0.0,0.0,1.0,0.0,7.0,0.5976312860598512,0.0,0.0,1.0
1752.0,57,699.0,4.452229299363057,3.589836377588012,157.0,17491.0,111.40764331210192,0.0,0.0,54.0,6439.0,379.0,1.8135367039324888,54.567796610169495,54.567796610169495,118.0,30.0,5474.0,0.1563641195023831,8.0,118.0,0.1627199843953525,1.0,320.0,0.0,13.0,512.0,0.0675788674108576,0.0,0.0,1.0,0.0,0.0,1.0,2.0,15.0,0.0006696483790745,0.0,0.0,1.0
1760.0,58,717.0,4.877551020408164,2.7296334062588,147.0,16996.0,115.61904761904762,0.0,0.0,53.0,6428.0,0.0,1.574527345667389,56.3859649122807,56.3859649122807,114.0,40.0,5458.0,0.104506376045651,6.0,154.0,0.2787032793473397,1.0,328.0,0.0,5.0,469.0,0.1587848477814717,0.0,0.0,1.0,0.0,0.0,1.0,1.0,19.0,0.1020662235987159,0.0,0.0,1.0
1768.0,45,565.0,3.7666666666666666,3.18163477062228,150.0,17079.0,113.86,83.0,0.5533333333333333,44.0,6807.0,379.0,1.7266559290618055,59.71052631578947,59.71052631578947,114.0,31.0,5693.0,0.0932247549816528,7.0,209.0,0.397415398733882,1.0,343.0,0.6028628996990326,4.0,535.0,0.0617386891000865,0.0,0.0,1.0,0.0,0.0,1.0,1.0,27.0,0.0,0.0,0.0,1.0
1776.0,65,851.0,5.598684210526316,3.1721740397445264,152.0,17521.0,115.26973684210526,442.0,2.9078947368421053,62.0,7077.0,270.0,1.5725545773092766,59.97457627118644,59.97457627118644,118.0,45.0,5993.0,0.071216320364537,10.0,214.0,0.2548370797553704,1.0,354.0,0.6831582078351703,5.0,481.0,0.0443042347112821,0.0,0.0,1.0,0.0,0.0,0.9211474292120532,1.0,35.0,0.4924853357331644,0.0,0.0,1.0
1784.0,66,1018.0,6.697368421052632,3.1054271702234097,152.0,17852.0,117.44736842105264,331.0,2.1776315789473686,63.0,7032.0,0.0,1.6247373316201843,61.14782608695652,61.14782608695652,115.0,55.0,6413.0,0.078179627097325,1.0,43.0,0.4293858759525351,0.0,10.0,0.8953417852005701,5.0,518.0,0.026137230382321,0.0,0.0,0.2143021803119813,0.0,0.0,1.0,2.0,48.0,2.847944009830964e-05,0.0,0.0,1.0
1792.0,85,1548.0,9.735849056603774,3.218093444755298,159.0,18236.0,114.69182389937107,384.0,2.4150943396226414,79.0,7631.0,599.0,1.6494070992062575,63.59166666666667,63.59166666666667,120.0,64.0,6877.0,0.0804360623204313,3.0,46.0,0.4243677223174072,0.0,16.0,0.6799992677720123,10.0,628.0,0.0684128772844694,0.0,0.0,1.0,0.0,0.0,1.0,2.0,64.0,0.0,0.0,0.0,1.0
1800.0,90,2054.0,13.0,2.908899023119489,158.0,18854.0,119.32911392405065,618.0,3.911392405063291,87.0,8153.0,522.0,1.106573290607489,68.5126050420168,68.5126050420168,119.0,67.0,7266.0,0.0306999848120358,8.0,90.0,0.3237094015348053,1.0,27.0,0.5539654531527145,10.0,708.0,0.1602014786262757,0.0,0.0,1.0,0.0,0.0,1.0,1.0,62.0,0.0041179832091357,0.0,0.0,1.0
1808.0,99,2288.0,14.481012658227847,2.9098832332499733,158.0,19607.0,124.09493670886076,753.0,4.765822784810126,96.0,7970.0,0.0,1.1164859471129376,65.86776859504133,65.86776859504133,121.0,71.0,6921.0,0.0257367678369411,11.0,134.0,0.158896176427143,2.0,44.0,0.5379196383823467,10.0,787.0,0.089711127091489,0.0,0.0,1.0,0.0,3.0,0.9590291661325008,2.0,81.0,0.3162833479315018,0.0,0.0,1.0
1816.0,88,2197.0,14.266233766233766,2.844121737932173,154.0,20120.0,130.64935064935065,513.0,3.331168831168831,85.0,8597.0,627.0,1.455225740281933,70.4672131147541,70.4672131147541,122.0,69.0,7477.0,0.0457573606169192,0.0,85.0,0.38588056402755,3.0,66.0,0.3887936312968941,10.0,866.0,0.1579861496737714,0.0,0.0,1.0,0.0,0.0,0.8385543623084559,3.0,103.0,0.327609969303618,0.0,0.0,1.0
1824.0,89,2255.0,14.548387096774194,2.5725271733503394,155.0,20240.0,130.5806451612903,120.0,0.7741935483870968,85.0,8527.0,0.0,1.4012553890412216,68.76612903225806,68.76612903225806,124.0,57.0,7237.0,0.0847669915093468,8.0,110.0,0.1701168504659224,5.0,102.0,0.3824616951068746,10.0,946.0,0.1590175285966893,0.0,0.0,1.0,1.0,1.0,0.4522056288075174,4.0,131.0,1.936266231974355e-05,0.0,0.0,1.0
1832.0,79,2051.0,13.147435897435898,2.499908732697219,156.0,20524.0,131.56410256410257,284.0,1.8205128205128205,76.0,8864.0,337.0,0.8184061599915946,73.25619834710744,73.25619834710744,121.0,48.0,7466.0,0.0470418868268726,10.0,183.0,0.0836439081297011,6.0,145.0,0.2930407425984599,11.0,1029.0,0.0715407579758338,0.0,0.0,1.0,1.0,5.0,1.444109581335054e-05,0.0,36.0,0.1855192566283586,0.0,0.0,1.0
1840.0,71,2148.0,13.50943396226415,2.989227646366053,159.0,20183.0,126.937106918239,0.0,0.0,67.0,8979.0,115.0,1.486059428122448,74.825,74.825,120.0,47.0,7545.0,0.0635873153830057,1.0,107.0,0.3369581794918266,6.0,193.0,0.2971625985065909,12.0,1118.0,0.0002759142106825,0.0,0.0,1.0,1.0,16.0,0.6107247987837511,0.0,0.0,0.91793016974194,0.0,0.0,1.0
1848.0,63,1803.0,11.26875,3.186412825479988,160.0,20205.0,126.28125,22.0,0.1375,59.0,9139.0,160.0,1.7899273043773654,75.52892561983471,75.52892561983471,121.0,36.0,7628.0,0.095679538533385,6.0,134.0,0.3163686897679321,3.0,133.0,0.1827491432636884,12.0,1214.0,0.1361175776560847,0.0,0.0,1.0,1.0,21.0,0.3129678339265361,1.0,9.0,0.5556431014133567,0.0,0.0,1.0
1856.0,70,1495.0,9.171779141104295,3.164277033952624,163.0,20325.0,124.69325153374233,120.0,0.7361963190184049,66.0,9304.0,165.0,1.1105133555142632,79.52136752136752,79.52136752136752,117.0,48.0,7947.0,0.0486933718222343,8.0,196.0,0.2063708435078144,3.0,40.0,0.1879477631736773,6.0,1108.0,0.2326489685035059,0.0,0.0,1.0,0.0,0.0,0.6476443292351376,1.0,13.0,0.0,0.0,0.0,1.0
1864.0,63,968.0,5.9753086419753085,3.310418575660841,162.0,19043.0,117.54938271604938,0.0,0.0,60.0,9559.0,255.0,1.3272582852072805,82.40517241379311,82.40517241379311,116.0,44.0,8121.0,0.0686917007333052,9.0,260.0,0.276135194535078,0.0,15.0,0.4449816660228246,4.0,1131.0,0.0937791169030455,0.0,0.0,1.0,2.0,8.0,0.3228850201703259,1.0,24.0,0.4916868645284794,0.0,0.0,1.0
1872.0,74,1145.0,6.9817073170731705,3.890444990020715,164.0,19508.0,118.95121951219512,465.0,2.8353658536585367,71.0,9956.0,397.0,1.6638139245962462,85.82758620689656,85.82758620689656,116.0,54.0,8438.0,0.0496650206074229,2.0,137.0,0.4710989809439062,1.0,25.0,0.7123438377950694,10.0,1312.0,0.0750442092831325,0.0,0.0,1.0,4.0,36.0,0.0788240220058324,0.0,8.0,0.9128002770045546,0.0,0.0,1.0
1880.0,82,1675.0,10.534591194968554,3.2932299617410297,159.0,19633.0,123.47798742138365,125.0,0.7861635220125787,78.0,10399.0,443.0,1.3383125678037904,90.42608695652174,90.42608695652174,115.0,53.0,8772.0,0.0681621531143209,4.0,101.0,0.3849137258629443,2.0,40.0,0.3236125014286035,12.0,1402.0,0.137203450155215,0.0,0.0,0.2784995804315423,5.0,74.0,0.1623076886855333,2.0,10.0,0.1092895564769269,0.0,0.0,1.0
1888.0,93,2314.0,14.738853503184714,3.083892860151136,157.0,19787.0,126.03184713375796,154.0,0.9808917197452228,88.0,10927.0,528.0,1.4148830692886178,93.3931623931624,93.3931623931624,117.0,63.0,9255.0,0.0705822607095656,1.0,4.0,0.6438962240781186,4.0,34.0,0.4296868857786995,13.0,1501.0,0.0352748727232931,0.0,4.0,0.9814258843659804,5.0,111.0,0.0,2.0,18.0,0.278451465912667,0.0,0.0,1.0
1896.0,95,2895.0,18.557692307692307,3.0669809221655053,156.0,19965.0,127.98076923076924,178.0,1.141025641025641,92.0,11572.0,645.0,1.758052075737797,94.08130081300811,94.08130081300811,123.0,71.0,9803.0,0.0655673172746801,1.0,4.0,0.7318348380699458,6.0,75.0,0.2604036040610418,14.0,1612.0,0.1503116681626732,0.0,0.0,0.7556277435025172,0.0,76.0,0.3967238372614777,0.0,2.0,0.3839348648488949,0.0,0.0,1.0
1904.0,107,3696.0,23.54140127388535,2.8138938499872173,157.0,20765.0,132.2611464968153,800.0,5.095541401273885,104.0,12347.0,775.0,1.6696875337617856,96.4609375,96.4609375,128.0,78.0,10404.0,0.0408089757756469,1.0,3.0,0.7315037187129465,6.0,123.0,0.409628079855398,16.0,1731.0,0.0495511772912715,0.0,0.0,0.8908118505574852,3.0,82.0,0.0008703723185837,0.0,4.0,0.9139996409343876,0.0,0.0,1.0
1912.0,115,4551.0,29.173076923076923,2.228823528048479,156.0,21462.0,137.57692307692307,697.0,4.467948717948718,112.0,13137.0,790.0,1.0196160224369104,100.2824427480916,100.2824427480916,131.0,83.0,11055.0,0.0224130194516785,2.0,9.0,0.5470843942565676,8.0,178.0,0.2420324913833998,16.0,1859.0,0.0510829311818007,0.0,0.0,1.0,2.0,31.0,0.1733710022809169,1.0,5.0,0.0195595473104047,0.0,0.0,1.0
1920.0,105,4782.0,29.8875,2.4387389103684773,160.0,22366.0,139.7875,904.0,5.65,101.0,13329.0,192.0,1.0756743038279022,104.9527559055118,104.9527559055118,127.0,75.0,11524.0,0.0141472551826279,7.0,43.0,0.3926356279940712,9.0,250.0,0.2249235301111035,7.0,1467.0,0.1858048437611458,0.0,0.0,1.0,1.0,30.0,0.0,2.0,15.0,0.1604106212411506,0.0,0.0,1.0
1928.0,108,5115.0,31.770186335403725,2.663304180858124,161.0,23147.0,143.77018633540374,781.0,4.850931677018633,107.0,13988.0,659.0,0.9702573170277906,109.28125,109.28125,128.0,80.0,12130.0,0.000305971237852,10.0,101.0,0.3235318843002651,11.0,333.0,0.1565455909523787,3.0,1387.0,0.3351318843133291,0.0,0.0,1.0,0.0,0.0,1.0,3.0,37.0,0.0,0.0,0.0,1.0
1936.0,106,4998.0,31.433962264150946,2.1468645237819586,159.0,23498.0,147.78616352201257,351.0,2.207547169811321,104.0,14080.0,92.0,0.8489275848093627,108.3076923076923,108.3076923076923,130.0,71.0,11699.0,0.0260284510033646,11.0,184.0,0.1621247901762807,12.0,427.0,0.1308537692201347,7.0,1706.0,0.1299712504164963,0.0,0.0,1.0,0.0,0.0,1.0,3.0,64.0,0.2360029652343443,0.0,0.0,1.0
1944.0,117,4520.0,28.07453416149068,1.7399616187466254,161.0,24318.0,151.04347826086956,820.0,5.093167701863354,113.0,14951.0,871.0,0.7348194180072518,108.34057971014492,108.34057971014492,138.0,64.0,12231.0,0.0283387129063209,18.0,315.0,0.0883681225268118,15.0,532.0,0.0996116042505479,13.0,1788.0,0.1310129518375017,0.0,0.0,1.0,0.0,0.0,1.0,3.0,85.0,0.083106115445183,0.0,0.0,1.0
1952.0,96,3652.0,22.404907975460123,1.9239644761022463,163.0,24103.0,147.87116564417178,0.0,0.0,88.0,14382.0,0.0,0.9504219586159748,109.78625954198472,109.78625954198472,131.0,52.0,11780.0,0.0361738222600625,19.0,439.0,0.1178779306552227,12.0,507.0,0.0307649736073819,5.0,1624.0,0.1678679838957534,0.0,0.0,1.0,0.0,0.0,0.6344709917863727,0.0,32.0,0.2956734977909526,0.0,0.0,1.0
1960.0,72,2496.0,14.68235294117647,2.721928329723589,170.0,24454.0,143.8470588235294,351.0,2.0647058823529414,64.0,14353.0,0.0,1.3918076775946815,114.824,114.824,125.0,36.0,11697.0,0.0711729345158218,12.0,394.0,0.2381444499739815,7.0,557.0,0.0552091789433898,7.0,1665.0,0.0933296944841284,0.0,0.0,1.0,0.0,0.0,0.4888836605245985,2.0,40.0,3.446527084199705e-05,0.0,0.0,1.0
1968.0,61,1898.0,10.845714285714283,3.3199417273116496,175.0,24839.0,141.93714285714285,385.0,2.2,56.0,14160.0,0.0,1.5430075978520297,113.28,113.28,125.0,38.0,11872.0,0.0897193463339649,11.0,440.0,0.1377994020839533,3.0,467.0,0.0819955690481842,4.0,1378.0,0.1407290647728886,0.0,0.0,1.0,0.0,0.0,0.0284631511605743,0.0,3.0,0.9882268603769508,0.0,0.0,1.0
1976.0,68,1583.0,9.257309941520468,2.4131518633080047,171.0,24012.0,140.42105263157896,0.0,0.0,62.0,13917.0,0.0,1.0216573929954536,114.07377049180327,114.07377049180327,122.0,44.0,12200.0,0.0521707323222479,8.0,363.0,0.1035261083342902,5.0,517.0,0.0463950573765504,3.0,827.0,0.1516087725067236,0.0,0.0,1.0,1.0,7.0,0.0,1.0,3.0,0.3468164940852272,0.0,0.0,1.0
1984.0,67,1399.0,7.994285714285715,3.120397087998533,175.0,24445.0,139.68571428571428,433.0,2.474285714285714,63.0,14161.0,244.0,1.844790914356324,110.6328125,110.6328125,128.0,44.0,12483.0,0.1079269826038774,2.0,152.0,0.2180714820494954,8.0,591.0,0.0981032014688937,6.0,909.0,0.151162950070445,0.0,2.0,0.9159509540752372,0.0,0.0,1.0,3.0,24.0,0.1834791720078747,0.0,0.0,1.0
1992.0,77,1387.0,8.017341040462428,3.3001692037527066,173.0,23470.0,135.66473988439307,0.0,0.0,71.0,14580.0,419.0,2.140651589252714,115.71428571428572,115.71428571428572,126.0,43.0,12805.0,0.138577878290307,0.0,30.0,0.541915882700019,13.0,714.0,0.2120600424687531,11.0,978.0,0.0027989232778234,0.0,0.0,1.0,0.0,0.0,1.0,4.0,53.0,0.0,0.0,0.0,1.0
2000.0,88,1554.0,9.25,2.60813135676222,168.0,23891.0,142.20833333333334,421.0,2.505952380952381,76.0,14959.0,379.0,1.5201973633183925,117.78740157480316,117.78740157480316,127.0,47.0,13151.0,0.0843215604675745,6.0,51.0,0.1457100698662447,10.0,636.0,0.2923091662987892,13.0,1088.0,0.1242115528125129,0.0,0.0,1.0,0.0,0.0,1.0,0.0,33.0,0.3653725976343866,0.0,0.0,1.0
2016.0,99,2745.0,16.242603550295858,2.837076273183434,169.0,25139.0,148.75147928994082,644.0,3.810650887573965,85.0,15777.0,414.0,1.6489552246173929,130.38842975206612,130.38842975206612,121.0,66.0,14079.0,0.0310550574749808,3.0,127.0,0.2733598783042386,0.0,222.0,0.7249286419533555,14.0,1295.0,0.0,0.0,0.0,1.0,0.0,0.0,0.926886177444112,2.0,54.0,0.4585338452773895,0.0,0.0,1.0
2024.0,92,3098.0,18.33136094674556,3.147780634408388,169.0,25634.0,151.68047337278105,495.0,2.9289940828402368,85.0,16440.0,663.0,1.4549254671799696,135.86776859504133,135.86776859504133,121.0,62.0,14523.0,0.0510320667485491,6.0,129.0,0.2623091710484269,2.0,379.0,0.5214861922599636,14.0,1407.0,0.0,0.0,0.0,1.0,0.0,0.0,0.0364606717852856,1.0,2.0,0.3645870463134377,0.0,0.0,1.0
2032.0,97,3063.0,18.90740740740741,2.811661086133688,162.0,25706.0,158.679012345679,72.0,0.4444444444444444,91.0,16287.0,0.0,1.0658258398907563,135.725,135.725,120.0,68.0,14445.0,0.0136689512240426,9.0,190.0,0.2281506219309984,7.0,528.0,0.3324103581764306,5.0,1112.0,0.1253963937960163,0.0,0.0,0.8970227338496666,1.0,8.0,1.380657171344565e-05,1.0,4.0,0.0001261437475311,0.0,0.0,1.0
2040.0,96,3021.0,19.24203821656051,2.436971940879688,157.0,25876.0,164.81528662420382,170.0,1.0828025477707006,91.0,16247.0,0.0,0.9774338339393804,136.52941176470588,136.52941176470588,119.0,64.0,14166.0,0.0263303547553385,8.0,254.0,0.3214893248149222,12.0,653.0,0.2731711794053881,5.0,1146.0,0.022149624255609,0.0,0.0,1.0,1.0,16.0,0.0,1.0,12.0,0.0,0.0,0.0,1.0
2048.0,94,3226.0,20.67948717948718,2.5537397310239363,156.0,26282.0,168.47435897435898,406.0,2.602564102564102,84.0,16472.0,225.0,1.326388282765246,142.0,142.0,116.0,64.0,14672.0,0.0318144095258506,1.0,140.0,0.5222993234920887,15.0,772.0,0.2831181552507579,4.0,888.0,0.0387746930839407,0.0,0.0,1.0,0.0,0.0,0.9958929606909768,0.0,0.0,1.0,0.0,0.0,1.0
2056.0,83,3231.0,20.84516129032258,3.386611273503948,155.0,26137.0,168.6258064516129,0.0,0.0,73.0,15351.0,0.0,2.0642862203969896,137.0625,137.0625,112.0,60.0,14057.0,0.09229515262942,2.0,11.0,0.5552572822662811,10.0,735.0,0.3293934140018936,1.0,548.0,0.2412950202508634,0.0,0.0,1.0,0.0,0.0,0.9803523662414788,0.0,0.0,1.0,0.0,0.0,1.0
2064.0,72,2649.0,16.765822784810126,3.3536203717066857,158.0,26156.0,165.54430379746836,19.0,0.120253164556962,64.0,15404.0,53.0,1.774845985914559,140.03636363636363,140.03636363636363,110.0,47.0,14278.0,0.0779750745211485,4.0,38.0,0.5048425500125069,11.0,811.0,0.1233390470339409,2.0,277.0,0.2887346078410747,0.0,0.0,1.0,0.0,0.0,1.0,0.0,0.0,0.7504449470570188,0.0,0.0,1.0
2072.0,85,2410.0,14.606060606060606,2.9399809319101022,165.0,26490.0,160.54545454545453,334.0,2.0242424242424244,80.0,16014.0,610.0,1.122335996347212,138.05172413793105,138.05172413793105,116.0,57.0,14658.0,0.0216712968172325,6.0,77.0,0.3138233901218039,14.0,955.0,0.1065910302401068,2.0,321.0,0.1651634365401066,0.0,0.0,1.0,0.0,0.0,0.9953403212011602,1.0,3.0,0.5658818215226508,0.0,0.0,1.0
2080.0,83,2363.0,14.955696202531646,2.5821281417078046,158.0,26008.0,164.60759493670886,0.0,0.0,79.0,16192.0,178.0,0.9936273465571068,143.2920353982301,143.2920353982301,113.0,50.0,14861.0,0.0514415446726436,11.0,150.0,0.1171295432217177,14.0,932.0,0.1233134361887482,2.0,232.0,0.0694439972529187,0.0,2.0,0.9322506142288506,0.0,0.0,0.0338128277600879,2.0,15.0,0.0,0.0,0.0,1.0
2088.0,77,2033.0,12.627329192546584,3.16001829863261,161.0,26489.0,164.527950310559,481.0,2.987577639751553,67.0,15411.0,0.0,1.1462307188144278,144.02803738317758,144.02803738317758,107.0,42.0,14284.0,0.046189385922815,11.0,230.0,0.192737558559038,9.0,635.0,0.176887922929336,3.0,253.0,0.1114121046886415,0.0,0.0,1.0,1.0,8.0,0.0,1.0,1.0,0.0071230385311223,0.0,0.0,1.0
2096.0,59,1532.0,9.284848484848483,3.739886366335548,165.0,26460.0,160.36363636363637,0.0,0.0,51.0,13767.0,0.0,2.065055828428103,131.11428571428573,131.11428571428573,105.0,34.0,12810.0,0.0994646678485401,6.0,260.0,0.3073552203927452,7.0,531.0,0.3045095120678521,3.0,150.0,0.0828184149946725,0.0,0.0,0.5057393290164541,1.0,16.0,0.0,0.0,0.0,1.0,0.0,0.0,1.0
2104.0,41,948.0,5.676646706586826,4.922754491000979,167.0,25603.0,153.311377245509,0.0,0.0,39.0,13309.0,0.0,2.686730732120848,134.43434343434345,134.43434343434345,99.0,30.0,12678.0,0.096344193247766,1.0,160.0,0.5251095658070725,8.0,444.0,0.2469012851749869,0.0,23.0,0.3709544888820406,0.0,1.0,0.7204045026664843,0.0,3.0,0.9256227194304588,0.0,0.0,1.0,0.0,0.0,1.0
2120.0,40,283.0,1.7577639751552796,4.569778858052993,161.0,23674.0,147.04347826086956,0.0,0.0,38.0,13439.0,52.0,2.374128370015172,129.22115384615384,129.22115384615384,104.0,29.0,12799.0,0.0841986857608863,1.0,106.0,0.7091188161178702,5.0,466.0,0.231554247286189,2.0,62.0,0.0672826489872473,0.0,0.0,1.0,0.0,0.0,1.0,1.0,6.0,0.5051401733792505,0.0,0.0,1.0
2128.0,50,534.0,3.467532467532468,4.20633512359857,154.0,23370.0,151.75324675324674,0.0,0.0,49.0,13608.0,169.0,2.1728847202508206,130.84615384615384,130.84615384615384,104.0,36.0,13045.0,0.083776821198258,3.0,122.0,0.5334373811111406,6.0,354.0,0.355966960258314,3.0,80.0,0.0716429601016644,0.0,0.0,1.0,0.0,0.0,0.9866262703064878,1.0,7.0,0.0050627285291489,0.0,0.0,1.0
2136.0,49,508.0,3.3421052631578947,3.920230666298566,152.0,23460.0,154.3421052631579,90.0,0.5921052631578947,48.0,12464.0,0.0,2.125771568182434,116.4859813084112,116.4859813084112,107.0,30.0,11907.0,0.0643686868404337,4.0,119.0,0.5304972088864052,4.0,267.0,0.407203495604869,8.0,145.0,0.1919966649771949,0.0,0.0,1.0,0.0,3.0,0.9360389042690472,2.0,23.0,0.0,0.0,0.0,1.0
2144.0,49,586.0,3.95945945945946,4.34964976807734,148.0,23381.0,157.97972972972974,0.0,0.0,46.0,11095.0,0.0,2.3211210575001027,107.71844660194176,107.71844660194176,103.0,26.0,10467.0,0.0977659981179269,3.0,102.0,0.6730784764867329,5.0,267.0,0.253619820149783,10.0,220.0,0.2214038770762026,0.0,0.0,0.4619939526071659,0.0,0.0,1.0,2.0,39.0,0.0,0.0,0.0,1.0
2152.0,55,799.0,5.548611111111111,4.28462655121455,144.0,21919.0,152.21527777777777,0.0,0.0,50.0,11302.0,207.0,2.2571144267199155,114.16161616161617,114.16161616161617,99.0,33.0,10663.0,0.0638623524922287,0.0,13.0,0.903204004225301,4.0,271.0,0.3535070673571007,10.0,300.0,0.0,1.0,0.0,0.0,0.0,0.0,0.4799746871749722,2.0,55.0,0.0,0.0,0.0,1.0
2160.0,45,710.0,5.338345864661654,4.380145321425859,133.0,21107.0,158.69924812030075,0.0,0.0,41.0,11360.0,58.0,3.079625451195909,118.33333333333331,118.33333333333331,96.0,27.0,10672.0,0.0980175150566725,0.0,13.0,0.8100283546598867,4.0,291.0,0.4820238055201562,10.0,384.0,0.2190373771748852,0.0,0.0,1.0,0.0,0.0,0.40389849916995,0.0,0.0,1.0,0.0,0.0,1.0
2168.0,53,772.0,5.893129770992366,3.754687904915341,131.0,21412.0,163.45038167938932,305.0,2.3282442748091605,50.0,11633.0,273.0,2.499291903803023,114.04901960784314,114.04901960784314,102.0,35.0,10871.0,0.0520633683830441,1.0,20.0,0.7780876213833816,6.0,335.0,0.441536300563756,7.0,401.0,0.1665438191663374,0.0,0.0,1.0,1.0,6.0,0.0,0.0,0.0,1.0,0.0,0.0,1.0
2176.0,38,653.0,5.062015503875969,4.380119021192047,129.0,20901.0,162.02325581395348,0.0,0.0,37.0,11611.0,0.0,3.0490723199104472,122.22105263157894,122.22105263157894,95.0,28.0,10990.0,0.0744861306589531,0.0,12.0,0.7882695587998506,6.0,372.0,0.4866596141442671,2.0,223.0,0.2944415601926156,0.0,0.0,0.1854948859518268,1.0,14.0,0.0,0.0,0.0,1.0,0.0,0.0,1.0
2184.0,42,709.0,5.213235294117647,4.695367560357393,136.0,21109.0,155.21323529411765,208.0,1.5294117647058822,40.0,11747.0,136.0,2.8207215446024088,124.96808510638296,124.96808510638296,94.0,30.0,11177.0,0.0658460946111718,0.0,16.0,0.8009224470467033,3.0,202.0,0.3924374719236678,5.0,327.0,0.1221397117156037,1.0,0.0,0.0,1.0,22.0,0.0,0.0,3.0,0.939932475487368,0.0,0.0,1.0
2192.0,57,1067.0,8.145038167938932,3.997570671748853,131.0,20724.0,158.19847328244273,0.0,0.0,55.0,11956.0,209.0,2.442139548262507,123.25773195876288,123.25773195876288,97.0,36.0,11441.0,0.0650055171572197,1.0,20.0,0.6785949310653514,9.0,110.0,0.3904006611817219,9.0,385.0,0.0106466301842388,0.0,0.0,1.0,0.0,0.0,0.9374232629037268,0.0,0.0,1.0,0.0,0.0,1.0
2200.0,72,1499.0,11.992,2.998224440842752,125.0,20884.0,167.072,160.0,1.28,65.0,12381.0,425.0,1.835837871874552,130.32631578947368,130.32631578947368,95.0,42.0,11737.0,0.0601817427333097,4.0,38.0,0.5722374513271028,7.0,129.0,0.2302602027412298,12.0,477.0,1.8192550782661448e-05,0.0,0.0,1.0,0.0,0.0,0.0271716866997668,0.0,0.0,0.9938686975030114,0.0,0.0,1.0
2208.0,75,2011.0,16.088,3.0372432166876524,125.0,21403.0,171.224,519.0,4.152,71.0,12894.0,513.0,1.9777255882635267,128.94,128.94,100.0,45.0,12043.0,0.0277304924784192,5.0,77.0,0.5204565926576921,9.0,189.0,0.1711560503654375,12.0,581.0,0.2764211646528046,0.0,0.0,1.0,0.0,0.0,1.0,0.0,4.0,0.9199561265689886,0.0,0.0,1.0
2216.0,64,2234.0,17.73015873015873,3.127970472159918,126.0,21886.0,173.6984126984127,483.0,3.8333333333333335,59.0,13203.0,309.0,2.079075642846518,129.44117647058823,129.44117647058823,102.0,45.0,12381.0,0.0600532676153727,1.0,50.0,0.5548877683335792,6.0,242.0,0.2348009049553792,7.0,526.0,0.1690745395783966,0.0,0.0,1.0,0.0,2.0,0.6295225542289749,0.0,2.0,0.9697883152039712,0.0,0.0,1.0
2224.0,62,2420.0,19.516129032258064,3.645561757564598,124.0,21655.0,174.63709677419354,0.0,0.0,59.0,13535.0,332.0,2.3259208739318464,136.7171717171717,136.7171717171717,99.0,44.0,12713.0,0.1244597815787221,4.0,53.0,0.5650601145038274,7.0,194.0,0.1840764146029477,4.0,575.0,0.0967100581477253,0.0,0.0,0.1714585960979969,0.0,0.0,1.0,0.0,0.0,1.0,0.0,0.0,1.0
2232.0,60,2077.0,17.024590163934427,3.8739959014834326,122.0,21612.0,177.14754098360655,0.0,0.0,56.0,12986.0,0.0,2.339071442488581,141.15217391304347,141.15217391304347,92.0,36.0,12094.0,0.0884929152161378,2.0,55.0,0.6347608135354136,8.0,217.0,0.2227438409126103,9.0,620.0,0.0031863963200859,1.0,0.0,0.3111484875695332,0.0,0.0,1.0,0.0,0.0,1.0,0.0,0.0,1.0
2240.0,49,1664.0,13.63934426229508,4.402045062866179,122.0,21935.0,179.79508196721312,323.0,2.6475409836065573,44.0,12600.0,0.0,2.918012519001953,138.46153846153845,138.46153846153845,91.0,30.0,11679.0,0.1396803628815652,1.0,47.0,0.7692242665422534,2.0,167.0,0.2618002199121407,11.0,707.0,2.452962081804349e-05,0.0,0.0,0.0959255097181526,0.0,0.0,1.0,0.0,0.0,0.4287052310812145,0.0,0.0,1.0
2248.0,54,1523.0,13.017094017094015,4.273555002558171,117.0,20826.0,178.0,0.0,0.0,48.0,12869.0,269.0,2.5629876492778108,153.20238095238096,153.20238095238096,84.0,31.0,11880.0,0.109345435139369,1.0,43.0,0.7711426389473899,4.0,148.0,0.1864356430706621,11.0,795.0,0.0,1.0,3.0,0.1789726761757603,0.0,0.0,1.0,0.0,0.0,1.0,0.0,0.0,1.0
2264.0,39,872.0,8.149532710280374,3.851112303941085,107.0,19396.0,181.2710280373832,0.0,0.0,36.0,12940.0,0.0,2.462007762298609,159.7530864197531,159.7530864197531,81.0,30.0,12360.0,0.0361947104329217,0.0,52.0,0.6727964826826768,6.0,175.0,0.2459760652114618,0.0,347.0,0.2826265157371618,0.0,6.0,0.2264816839373979,0.0,0.0,1.0,0.0,0.0,1.0,0.0,0.0,1.0
2280.0,50,1024.0,9.660377358490566,3.5211666628067744,106.0,19314.0,182.2075471698113,0.0,0.0,49.0,13444.0,325.0,2.1777719506188857,161.97590361445782,161.97590361445782,83.0,36.0,12840.0,0.0497115218057556,7.0,105.0,0.5274103503100656,3.0,193.0,0.435093244275392,3.0,306.0,0.1234105549086974,0.0,0.0,0.4678891583822329,0.0,0.0,1.0,0.0,0.0,1.0,0.0,0.0,1.0
2288.0,60,1352.0,12.51851851851852,3.322587190767965,108.0,19374.0,179.38888888888889,60.0,0.5555555555555556,59.0,13626.0,182.0,2.048834043018384,158.4418604651163,158.4418604651163,86.0,39.0,13025.0,0.0365358676669155,10.0,174.0,0.4013948626061406,6.0,230.0,0.4153381691550536,3.0,197.0,0.0710893809664873,1.0,0.0,0.0,0.0,0.0,1.0,0.0,0.0,1.0,0.0,0.0,0.9054321888288376
2296.0,51,1145.0,10.132743362831858,4.083184699246724,113.0,19763.0,174.89380530973452,389.0,3.4424778761061945,50.0,12886.0,0.0,2.543949179117066,151.6,151.6,85.0,32.0,12215.0,0.1028601560665661,7.0,176.0,0.5012869882254406,7.0,281.0,0.2107290990589156,4.0,214.0,0.0322903719909961,0.0,0.0,1.0,0.0,0.0,1.0,0.0,0.0,1.0,0.0,0.0,0.8961440555842489
2304.0,40,770.0,6.581196581196581,4.661758506327025,117.0,19868.0,169.81196581196582,105.0,0.8974358974358975,40.0,12909.0,23.0,3.253043114529876,150.1046511627907,150.1046511627907,86.0,30.0,12412.0,0.1403198576746711,5.0,234.0,0.4526770235573294,4.0,144.0,0.3695343414440173,1.0,115.0,0.3452756056986993,0.0,0.0,1.0,0.0,0.0,1.0,0.0,4.0,0.9874168096127548,0.0,0.0,1.0
2312.0,50,761.0,6.394957983193278,4.253172953844066,119.0,18866.0,158.53781512605042,0.0,0.0,50.0,13098.0,189.0,2.390514284836327,147.1685393258427,147.1685393258427,89.0,26.0,12539.0,0.1018312128398056,11.0,295.0,0.3274532915885114,7.0,123.0,0.3595904915694654,5.0,132.0,0.1640662945136538,0.0,0.0,1.0,0.0,0.0,1.0,1.0,9.0,0.0,0.0,0.0,1.0
2320.0,48,627.0,5.405172413793103,4.000874903109498,116.0,18800.0,162.06896551724137,0.0,0.0,46.0,12313.0,0.0,2.313049895989847,144.85882352941175,144.85882352941175,85.0,26.0,11709.0,0.0601679513390745,9.0,295.0,0.3416610175870015,4.0,119.0,0.4136130545231704,6.0,173.0,0.0019500522409463,0.0,0.0,1.0,0.0,0.0,1.0,1.0,17.0,0.0,0.0,0.0,1.0
2328.0,33,401.0,3.456896551724138,4.609653395715222,116.0,18033.0,155.45689655172413,0.0,0.0,33.0,11086.0,0.0,2.916570210364412,127.42528735632185,127.42528735632185,87.0,15.0,10410.0,0.2162815875172447,7.0,311.0,0.3743970436159697,5.0,144.0,0.2116406532858195,6.0,221.0,0.0,0.0,0.0,1.0,0.0,0.0,0.5655452735926831,0.0,0.0,1.0,0.0,0.0,1.0
2336.0,31,324.0,2.769230769230769,4.73409484577778,117.0,16909.0,144.52136752136752,0.0,0.0,31.0,10668.0,0.0,3.419080862407921,117.23076923076924,117.23076923076924,91.0,12.0,9927.0,0.2565519108681994,3.0,265.0,0.4465614872544117,9.0,198.0,0.166048173558697,6.0,270.0,0.1991869863652294,0.0,0.0,0.4353870180046014,1.0,8.0,0.4648120133616791,0.0,0.0,1.0,0.0,0.0,1.0
2344.0,38,441.0,3.801724137931034,4.37423068503391,116.0,15166.0,130.74137931034485,0.0,0.0,38.0,10798.0,130.0,2.928410022250815,119.97777777777776,119.97777777777776,90.0,18.0,10024.0,0.2189853078569479,4.0,289.0,0.3197283605401154,8.0,145.0,0.2450293177849169,6.0,318.0,0.2412275934679167,0.0,0.0,1.0,2.0,22.0,0.0,0.0,0.0,1.0,0.0,0.0,1.0
2352.0,34,312.0,2.6440677966101696,4.071751859496136,118.0,14936.0,126.57627118644068,0.0,0.0,33.0,10435.0,0.0,2.610521532240835,111.01063829787236,111.01063829787236,94.0,15.0,9661.0,0.174858712446709,9.0,354.0,0.2744996359259762,8.0,212.0,0.1908765974741578,0.0,184.0,0.4371738626161298,0.0,0.0,1.0,1.0,21.0,0.4818204129141052,0.0,3.0,0.3560286680019022,0.0,0.0,1.0
2360.0,48,448.0,3.733333333333333,3.8270469034517047,120.0,15229.0,126.90833333333332,293.0,2.441666666666667,48.0,10674.0,239.0,1.967387085204228,113.55319148936172,113.55319148936172,94.0,22.0,9810.0,0.1600822775000445,10.0,353.0,0.2731550281068776,10.0,279.0,0.0922209766013614,5.0,200.0,0.0019830942490622,0.0,0.0,1.0,1.0,29.0,0.1978744781224473,0.0,3.0,0.9739229405798804,0.0,0.0,1.0
2368.0,39,314.0,2.5950413223140494,4.063433013095677,121.0,15402.0,127.2892561983471,173.0,1.4297520661157024,39.0,10709.0,35.0,2.314850189756999,115.1505376344086,115.1505376344086,93.0,19.0,9825.0,0.1877150405467922,7.0,360.0,0.2534995510233183,7.0,248.0,0.1215496929030413,5.0,243.0,0.2333112584194646,0.0,0.0,1.0,1.0,33.0,0.2289615295540984,0.0,0.0,1.0,0.0,0.0,1.0
2376.0,43,337.0,2.6746031746031744,4.317788587190452,126.0,15743.0,124.94444444444444,341.0,2.7063492063492065,43.0,10031.0,0.0,2.4404917462799145,105.58947368421052,105.58947368421052,95.0,20.0,9014.0,0.1200457354042741,8.0,423.0,0.2554410131955401,10.0,312.0,0.2326964518617199,5.0,280.0,0.2759684948616695,0.0,0.0,1.0,0.0,0.0,1.0,0.0,2.0,0.9297975130804448,0.0,0.0,0.9762314640177708
2384.0,40,384.0,3.0236220472440944,4.2856302733091605,127.0,15718.0,123.76377952755904,0.0,0.0,39.0,8478.0,0.0,2.62615696098186,85.63636363636364,85.63636363636364,99.0,18.0,7401.0,0.1676028809040468,9.0,445.0,0.2416776961786887,7.0,309.0,0.2445684166889776,5.0,320.0,0.2461951866933119,0.0,0.0,0.3024833139262036,0.0,3.0,0.5707211449497251,0.0,0.0,1.0,0.0,0.0,0.2759389160962063
2416.0,59,899.0,6.562043795620438,3.6962913670363786,137.0,14532.0,106.07299270072993,338.0,2.4671532846715327,56.0,8969.0,59.0,1.5270202031327622,94.41052631578948,94.41052631578948,95.0,36.0,7980.0,0.0992745303575085,2.0,423.0,0.3502230553876703,15.0,525.0,0.1067083756869529,2.0,15.0,0.0153498751808241,0.0,0.0,1.0,1.0,26.0,0.0,0.0,0.0,1.0,0.0,0.0,1.0
2424.0,59,1143.0,8.529850746268657,3.875357900027598,134.0,14310.0,106.7910447761194,0.0,0.0,59.0,9404.0,435.0,1.750833229563982,94.989898989899,94.989898989899,99.0,36.0,8263.0,0.0732247687020634,5.0,454.0,0.2904999279135412,15.0,649.0,0.1717444475846343,3.0,38.0,0.0,0.0,0.0,1.0,0.0,0.0,1.0,0.0,0.0,0.9182290473479818,0.0,0.0,1.0
2432.0,66,1497.0,11.25563909774436,3.3535431534567413,133.0,14328.0,107.72932330827068,18.0,0.1353383458646616,65.0,9756.0,352.0,1.2450002342522408,101.625,101.625,96.0,37.0,8541.0,0.0490958551721202,3.0,345.0,0.349332162208072,22.0,808.0,0.0744460272199989,3.0,62.0,0.2406021416093201,0.0,0.0,1.0,0.0,0.0,1.0,0.0,0.0,1.0,0.0,0.0,1.0
2440.0,64,1807.0,13.9,3.7617767459633256,130.0,14557.0,111.97692307692309,229.0,1.7615384615384615,61.0,9995.0,239.0,2.3576228394380028,97.99019607843135,97.99019607843135,102.0,37.0,8815.0,0.1650044879825372,1.0,178.0,0.5356410823989518,22.0,997.0,0.112488981629013,1.0,1.0,0.7054745189058056,0.0,0.0,1.0,0.0,0.0,1.0,0.0,0.0,1.0,0.0,4.0,0.9552321952121782
2448.0,58,2018.0,15.523076923076925,4.031800842962444,130.0,14919.0,114.76153846153846,362.0,2.7846153846153845,58.0,10236.0,241.0,2.491531337661847,100.3529411764706,100.3529411764706,102.0,37.0,9075.0,0.1987154243767597,4.0,193.0,0.3292121947174737,17.0,964.0,0.1377508958009224,0.0,0.0,0.5705192255108864,0.0,0.0,1.0,0.0,0.0,0.7342674804790754,0.0,0.0,1.0,0.0,4.0,0.9886257549453522
2472.0,53,1215.0,8.741007194244604,3.7138699476909873,139.0,15477.0,111.3453237410072,183.0,1.316546762589928,51.0,10166.0,217.0,2.362988952669942,93.26605504587155,93.26605504587155,109.0,30.0,8626.0,0.1008314597154203,3.0,262.0,0.6131450136570469,11.0,1196.0,0.205257689920469,7.0,82.0,0.1415800154881116,0.0,0.0,1.0,0.0,0.0,1.0,0.0,0.0,1.0,0.0,0.0,1.0
2480.0,43,417.0,3.0437956204379564,3.23707445581664,137.0,14783.0,107.9051094890511,0.0,0.0,43.0,9182.0,0.0,2.063827049274635,81.98214285714286,81.98214285714286,112.0,18.0,7515.0,0.0897794189293332,3.0,279.0,0.605182207763913,13.0,1246.0,0.1456078740375394,9.0,142.0,0.0883135449745286,0.0,0.0,0.1070057260798267,0.0,0.0,1.0,0.0,0.0,1.0,0.0,0.0,1.0
2488.0,43,307.0,2.274074074074074,3.199794465796853,135.0,14741.0,109.1925925925926,0.0,0.0,41.0,9285.0,103.0,1.9726123128763908,84.4090909090909,84.4090909090909,110.0,17.0,7594.0,0.0831346376408005,11.0,342.0,0.4666513495191601,10.0,1241.0,0.1657895531664964,3.0,108.0,0.1804728698103052,0.0,0.0,1.0,0.0,0.0,1.0,0.0,0.0,1.0,0.0,0.0,1.0
2496.0,44,440.0,3.188405797101449,3.0811272165646058,138.0,15024.0,108.8695652173913,283.0,2.050724637681159,44.0,9376.0,91.0,1.7392529216339463,82.97345132743362,82.97345132743362,113.0,22.0,7669.0,0.0540698569632284,12.0,438.0,0.4002814252325288,5.0,1134.0,0.1966075792907269,5.0,135.0,0.0665321605239571,0.0,0.0,0.2980666196455102,0.0,0.0,1.0,0.0,0.0,1.0,0.0,0.0,1.0
2504.0,70,896.0,6.4,2.5208255700545807,140.0,14362.0,102.58571428571427,0.0,0.0,70.0,9796.0,420.0,1.484716857089036,82.31932773109244,82.31932773109244,119.0,36.0,7876.0,0.0591011881098535,14.0,549.0,0.3940465325835315,9.0,1173.0,0.1277803530898785,11.0,198.0,0.0670089480783429,0.0,0.0,1.0,0.0,0.0,1.0,0.0,0.0,1.0,0.0,0.0,1.0
2512.0,65,1137.0,8.063829787234043,3.1931826627179825,141.0,14833.0,105.19858156028369,471.0,3.3404255319148937,65.0,8934.0,0.0,1.9706778678836143,77.01724137931035,77.01724137931035,116.0,34.0,6952.0,0.0903572494086715,12.0,604.0,0.3977523045745023,7.0,1084.0,0.183026032835554,12.0,294.0,0.1260107038157404,0.0,0.0,0.4975476283255732,0.0,0.0,1.0,0.0,0.0,1.0,0.0,0.0,1.0
2520.0,41,585.0,4.090909090909091,3.690293373711517,143.0,15049.0,105.23776223776224,216.0,1.5104895104895104,40.0,8557.0,0.0,2.243322481990822,76.40178571428571,76.40178571428571,112.0,21.0,6819.0,0.1010808351441448,6.0,434.0,0.4978567328828871,0.0,906.0,0.2253578382406842,13.0,395.0,0.0,0.0,3.0,0.3568388811772813,0.0,0.0,1.0,0.0,0.0,1.0,0.0,0.0,1.0
2528.0,46,579.0,4.226277372262774,3.5441230184836523,137.0,13980.0,102.04379562043796,0.0,0.0,46.0,8710.0,153.0,2.5515142852273267,74.44444444444444,74.44444444444444,117.0,22.0,6857.0,0.1215161638158249,4.0,411.0,0.5382986585869634,7.0,943.0,0.2492238561538976,13.0,499.0,0.0,0.0,0.0,1.0,0.0,0.0,1.0,0.0,0.0,1.0,0.0,0.0,1.0
2536.0,51,487.0,3.689393939393939,3.1994990430327346,132.0,13279.0,100.59848484848484,0.0,0.0,49.0,8716.0,6.0,1.911527436226412,79.96330275229357,79.96330275229357,109.0,27.0,6970.0,0.0564955528482376,11.0,471.0,0.4033618854487387,6.0,863.0,0.2062760238116889,5.0,412.0,0.1202560059891714,0.0,0.0,1.0,0.0,0.0,1.0,0.0,0.0,1.0,0.0,0.0,1.0
2544.0,36,272.0,2.060606060606061,3.502266252752234,132.0,13322.0,100.92424242424242,43.0,0.3257575757575757,35.0,7586.0,0.0,2.0230482286718248,72.24761904761905,72.24761904761905,105.0,16.0,5926.0,0.0961953711952452,10.0,354.0,0.4066490763904237,7.0,895.0,0.2522046109503969,2.0,411.0,0.0279178744130366,0.0,0.0,1.0,0.0,0.0,1.0,0.0,0.0,1.0,0.0,0.0,1.0
2552.0,30,164.0,1.251908396946565,4.033027694354125,131.0,13411.0,102.37404580152672,89.0,0.6793893129770993,30.0,7476.0,0.0,2.2855945158552675,74.76,74.76,100.0,11.0,5945.0,0.0831958913470192,7.0,407.0,0.4395965984572264,9.0,810.0,0.2466029876627543,3.0,314.0,0.1987498465652417,0.0,0.0,1.0,0.0,0.0,1.0,0.0,0.0,1.0,0.0,0.0,1.0
2560.0,41,303.0,2.443548387096774,3.9644245434837178,124.0,12300.0,99.19354838709675,0.0,0.0,41.0,7420.0,0.0,2.5339714192394265,74.94949494949495,74.94949494949495,99.0,22.0,6033.0,0.0248322171967839,8.0,434.0,0.4968607672775262,7.0,617.0,0.3671052159342241,4.0,333.0,0.0232329550303808,0.0,0.0,1.0,0.0,0.0,1.0,0.0,3.0,0.9610870372926736,0.0,0.0,1.0
2568.0,52,659.0,5.584745762711864,3.660709649951495,118.0,12235.0,103.6864406779661,0.0,0.0,52.0,7561.0,141.0,2.759052300290439,74.12745098039215,74.12745098039215,102.0,26.0,6191.0,0.0359683418935484,13.0,516.0,0.4613093217711643,6.0,472.0,0.5574467533637527,7.0,382.0,3.999199704974995e-05,0.0,0.0,1.0,0.0,0.0,1.0,0.0,0.0,1.0,0.0,0.0,1.0
2576.0,57,954.0,8.368421052631579,3.1516755160917853,114.0,12488.0,109.5438596491228,253.0,2.219298245614035,56.0,7724.0,163.0,2.6393197307693,74.99029126213593,74.99029126213593,103.0,31.0,6370.0,0.0160274654964503,14.0,627.0,0.4982996975026574,4.0,289.0,0.5293091536580309,7.0,438.0,0.0,0.0,0.0,1.0,0.0,0.0,1.0,0.0,0.0,1.0,0.0,0.0,1.0
2584.0,66,1372.0,11.627118644067796,2.7240220859073068,118.0,12908.0,109.38983050847456,420.0,3.559322033898305,65.0,8124.0,400.0,1.9939404927251445,77.37142857142857,77.37142857142857,105.0,36.0,6597.0,0.004185117013569,16.0,753.0,0.4081947496232783,6.0,280.0,0.416394882289096,7.0,494.0,0.0,0.0,0.0,0.4406441588866041,0.0,0.0,1.0,0.0,0.0,1.0,0.0,0.0,1.0
2592.0,78,1970.0,16.694915254237287,2.677392286258332,118.0,13215.0,111.99152542372882,307.0,2.601694915254237,78.0,8688.0,564.0,1.885280587600308,81.9622641509434,81.9622641509434,106.0,40.0,6873.0,4.970238899656615e-05,19.0,897.0,0.3953505060642402,12.0,368.0,0.37932116733223,7.0,550.0,0.0,0.0,0.0,0.4589322081991716,0.0,0.0,1.0,0.0,0.0,1.0,0.0,0.0,1.0
2600.0,73,2437.0,20.478991596638654,2.585705737676205,119.0,13708.0,115.19327731092436,493.0,4.142857142857143,72.0,9136.0,448.0,1.763809984643871,87.84615384615384,87.84615384615384,104.0,40.0,7176.0,1.7228846780256492e-07,21.0,1058.0,0.3449009811815295,4.0,293.0,0.3643403470284087,7.0,606.0,0.0,0.0,0.0,1.0,0.0,0.0,1.0,0.0,3.0,0.5612968180533902,0.0,0.0,1.0
2608.0,66,2119.0,17.512396694214875,3.066669188292404,121.0,13700.0,113.22314049586775,0.0,0.0,66.0,8271.0,0.0,2.011384614617133,79.52884615384616,79.52884615384616,104.0,30.0,6269.0,0.0340630078583117,19.0,995.0,0.3820118912267785,9.0,339.0,0.289405586409606,7.0,662.0,0.0,0.0,0.0,1.0,0.0,0.0,0.9537587950783584,1.0,6.0,0.0,0.0,0.0,1.0
2616.0,56,1487.0,11.991935483870968,3.906655285556593,124.0,14123.0,113.89516129032258,423.0,3.411290322580645,56.0,8254.0,0.0,2.8433883999078944,78.60952380952381,78.60952380952381,105.0,26.0,6443.0,0.1049798009887033,12.0,771.0,0.4712343266592472,9.0,307.0,0.345483108283638,7.0,718.0,0.1205553278606849,0.0,0.0,1.0,1.0,1.0,0.0771893098519127,1.0,14.0,0.0,0.0,0.0,1.0
2624.0,41,785.0,6.28,3.866870365366113,125.0,13515.0,108.12,0.0,0.0,39.0,7127.0,0.0,2.953417706778864,69.19417475728156,69.19417475728156,103.0,17.0,5556.0,0.1738097005534833,12.0,794.0,0.3653547287244049,6.0,223.0,0.2984390374167192,2.0,523.0,0.1672115274666954,0.0,0.0,1.0,1.0,9.0,0.0,1.0,22.0,0.0,0.0,0.0,1.0
2632.0,41,362.0,2.873015873015873,4.234417722293656,126.0,13207.0,104.81746031746032,0.0,0.0,41.0,7251.0,124.0,2.8499831090919505,69.72115384615384,69.72115384615384,104.0,14.0,5661.0,0.150437915405698,11.0,749.0,0.3878824825581037,11.0,288.0,0.2423271736010157,4.0,536.0,0.0058281711740868,0.0,0.0,0.5788107268224449,1.0,17.0,0.0,0.0,0.0,1.0,0.0,0.0,1.0
2640.0,36,369.0,2.975806451612903,3.918103383780766,124.0,13252.0,106.87096774193547,45.0,0.3629032258064516,36.0,6230.0,0.0,2.281288223056612,62.92929292929293,62.92929292929293,99.0,12.0,4547.0,0.1322101708642383,11.0,828.0,0.3266909517056101,8.0,280.0,0.194412210626853,5.0,575.0,0.0,0.0,0.0,1.0,0.0,0.0,1.0,0.0,0.0,1.0,0.0,0.0,1.0
2648.0,27,181.0,1.5210084033613445,3.994002935142741,119.0,12714.0,106.84033613445378,0.0,0.0,27.0,5936.0,0.0,2.3354817372053174,63.82795698924731,63.82795698924731,93.0,11.0,4589.0,0.0925692987996547,10.0,740.0,0.3323087690613173,6.0,253.0,0.3083105063464104,0.0,354.0,0.3234566952040844,0.0,0.0,1.0,0.0,0.0,1.0,0.0,0.0,1.0,0.0,0.0,1.0
2656.0,32,252.0,2.135593220338983,3.8721364197668313,118.0,12038.0,102.01694915254237,0.0,0.0,32.0,5856.0,0.0,2.303127692343783,62.297872340425535,62.297872340425535,94.0,19.0,4718.0,0.1358560468758511,7.0,575.0,0.3005536792250086,3.0,201.0,0.2870634390338138,3.0,362.0,0.1854139860657128,0.0,0.0,1.0,0.0,0.0,1.0,0.0,0.0,1.0,0.0,0.0,1.0
2664.0,40,500.0,4.385964912280702,3.670739242456931,114.0,10998.0,96.47368421052632,0.0,0.0,40.0,5904.0,48.0,2.91119294812625,59.04,59.04,100.0,23.0,4895.0,0.1801600810000335,6.0,453.0,0.4077486900849854,5.0,157.0,0.3092104958021561,6.0,399.0,0.1390472056008726,0.0,0.0,1.0,0.0,0.0,0.9138766565147156,0.0,0.0,1.0,0.0,0.0,1.0
2672.0,44,633.0,5.504347826086956,3.610312631628139,115.0,11163.0,97.0695652173913,165.0,1.434782608695652,44.0,6088.0,184.0,2.804405412550684,61.494949494949495,61.494949494949495,99.0,32.0,5122.0,0.1177868120031273,3.0,362.0,0.4628456356871616,3.0,154.0,0.4077108966964741,6.0,447.0,0.0035832055287433,0.0,0.0,1.0,0.0,3.0,0.8909192892223738,0.0,0.0,0.7500850040125346,0.0,0.0,1.0
2680.0,60,952.0,8.206896551724139,3.355338493121592,116.0,11460.0,98.79310344827586,297.0,2.560344827586207,60.0,6213.0,125.0,2.6333797329821933,60.91176470588236,60.91176470588236,102.0,42.0,5424.0,0.1331822848067531,8.0,390.0,0.4239547169596691,7.0,197.0,0.3709527967776991,1.0,193.0,0.2130978206459758,0.0,0.0,1.0,1.0,7.0,0.0003058697008045,1.0,2.0,0.0002243685829635,0.0,0.0,1.0
2688.0,68,1372.0,11.627118644067796,2.695717775345226,118.0,11264.0,95.45762711864408,0.0,0.0,68.0,6623.0,410.0,1.8832864088639325,63.07619047619048,63.07619047619048,105.0,45.0,5773.0,0.0532297858299587,16.0,486.0,0.2577961129184785,2.0,137.0,0.5507981527002431,3.0,202.0,0.2545719108284213,0.0,0.0,0.5385218931071386,1.0,15.0,0.0,1.0,10.0,0.0,0.0,0.0,1.0
2696.0,83,1980.0,16.779661016949152,2.304522253678691,118.0,11761.0,99.66949152542372,497.0,4.211864406779661,82.0,7226.0,603.0,1.477821725599394,68.81904761904762,68.81904761904762,105.0,49.0,6150.0,0.0328001750137924,20.0,629.0,0.2395377135886024,4.0,161.0,0.4775829982792905,7.0,245.0,0.0657717132538225,0.0,0.0,1.0,1.0,23.0,0.4678016873074308,1.0,18.0,0.0,0.0,0.0,1.0
2704.0,78,2424.0,19.70731707317073,2.796457123629948,123.0,12409.0,100.88617886178862,648.0,5.2682926829268295,78.0,7616.0,390.0,1.6389471127642152,72.53333333333333,72.53333333333333,105.0,49.0,6539.0,0.0528831691664487,18.0,636.0,0.2263761729974407,2.0,103.0,0.6073372281114184,8.0,307.0,0.035428672326439,0.0,0.0,1.0,1.0,31.0,0.0,0.0,0.0,1.0,0.0,0.0,1.0
2712.0,82,2879.0,23.032,2.777526859763102,125.0,12879.0,103.032,470.0,3.76,81.0,8056.0,440.0,2.0393138657113887,73.23636363636363,73.23636363636363,110.0,51.0,6941.0,0.0938562436326477,15.0,551.0,0.2253491232637587,6.0,150.0,0.4187235977968152,8.0,371.0,0.1010321377334047,0.0,4.0,0.965678124119958,1.0,39.0,0.4651800539536984,0.0,0.0,1.0,0.0,0.0,1.0
2720.0,75,3221.0,25.362204724409448,2.815743007397676,127.0,13515.0,106.41732283464567,636.0,5.007874015748032,73.0,8425.0,369.0,1.8963389094492344,78.00925925925925,78.00925925925925,108.0,52.0,7349.0,0.0794207764584121,11.0,505.0,0.2787774893523798,1.0,89.0,0.4575007042848297,8.0,435.0,0.1675793106406299,0.0,0.0,1.0,1.0,47.0,0.4113827461690296,0.0,0.0,1.0,0.0,0.0,1.0
2728.0,84,3695.0,28.8671875,2.498411200952616,128.0,13966.0,109.109375,451.0,3.5234375,84.0,9072.0,647.0,1.4674980276330236,83.22935779816514,83.22935779816514,109.0,58.0,7812.0,0.0690069701244266,8.0,575.0,0.3040206186571133,7.0,123.0,0.2593139280772764,10.0,507.0,0.083055844085482,0.0,0.0,0.5344251355815708,1.0,55.0,0.0,0.0,0.0,1.0,0.0,0.0,1.0
2736.0,76,3333.0,24.32846715328467,2.780007875644852,137.0,14622.0,106.72992700729928,656.0,4.788321167883212,76.0,7947.0,0.0,1.6806779204291813,69.71052631578948,69.71052631578948,114.0,52.0,6543.0,0.080667333135529,9.0,642.0,0.3426728009558726,3.0,108.0,0.3363186015717503,10.0,587.0,0.0808992074532188,1.0,4.0,0.2348751122059328,1.0,63.0,0.0,0.0,0.0,1.0,0.0,0.0,1.0
2744.0,76,2405.0,17.554744525547445,2.757283432756678,137.0,14853.0,108.4160583941606,231.0,1.686131386861314,74.0,8022.0,75.0,1.4065016916924309,72.27027027027027,72.27027027027027,111.0,47.0,6580.0,0.0394946583843303,9.0,616.0,0.3275746227041087,7.0,151.0,0.1838598467337605,11.0,675.0,0.1494201414660748,0.0,0.0,0.2369342749418644,0.0,0.0,0.8507628091091143,0.0,0.0,1.0,0.0,0.0,1.0
2752.0,57,1032.0,7.319148936170213,3.425324087126144,141.0,14796.0,104.93617021276596,0.0,0.0,52.0,7221.0,0.0,1.399015418459264,69.4326923076923,69.4326923076923,104.0,30.0,5872.0,0.0737408208718164,11.0,698.0,0.186869083707043,4.0,126.0,0.2965438607784385,6.0,520.0,0.1239280008177955,0.0,0.0,1.0,1.0,5.0,0.0,0.0,0.0,1.0,0.0,0.0,1.0
2760.0,52,388.0,2.8740740740740742,3.0663102919904235,135.0,13933.0,103.2074074074074,0.0,0.0,51.0,7625.0,404.0,1.4438898795189046,69.95412844036697,69.95412844036697,109.0,26.0,6090.0,0.0692973011905377,12.0,796.0,0.2334036530292158,6.0,170.0,0.2361767174693302,6.0,556.0,0.0247912224920917,0.0,0.0,1.0,1.0,13.0,0.4997393381695671,0.0,0.0,1.0,0.0,0.0,1.0
2768.0,66,697.0,5.125,2.7048249200690324,136.0,14144.0,104.0,211.0,1.5514705882352942,63.0,6430.0,0.0,1.03908899110749,60.09345794392523,60.09345794392523,107.0,32.0,4761.0,0.0579235560963872,18.0,914.0,0.1862828179648033,8.0,228.0,0.0072173541261048,4.0,524.0,0.1175623868716347,0.0,0.0,1.0,1.0,3.0,0.0,0.0,0.0,1.0,0.0,0.0,1.0
2776.0,62,929.0,6.932835820895522,3.6720770059863614,134.0,14460.0,107.91044776119404,316.0,2.3582089552238807,61.0,5842.0,0.0,2.0786828666678336,56.17307692307692,56.17307692307692,104.0,38.0,4220.0,0.0552360329779134,14.0,862.0,0.2603657050026993,5.0,202.0,0.2955630169026551,4.0,555.0,0.288341478543634,0.0,0.0,1.0,0.0,0.0,0.9324020428307028,0.0,3.0,0.9588393899968236,0.0,0.0,1.0
2784.0,69,1285.0,9.661654135338344,3.324758922080917,133.0,14350.0,107.89473684210526,0.0,0.0,66.0,6013.0,171.0,1.3001375128284285,58.37864077669903,58.37864077669903,103.0,37.0,4170.0,0.0617264797665215,9.0,929.0,0.249357776654108,9.0,273.0,0.253057979714294,10.0,638.0,0.0824543244178612,0.0,0.0,1.0,1.0,3.0,0.0004568988782532,0.0,0.0,1.0,0.0,0.0,1.0
2792.0,75,1727.0,12.984962406015038,2.874636330908152,133.0,14005.0,105.30075187969923,0.0,0.0,71.0,6561.0,548.0,1.3527835206642926,61.3177570093458,61.3177570093458,107.0,43.0,4497.0,0.0714321383954461,10.0,1016.0,0.2098106114511528,5.0,310.0,0.2785637166821846,12.0,727.0,1.114944451245509e-05,0.0,0.0,1.0,1.0,11.0,0.4653357752220093,0.0,0.0,1.0,0.0,0.0,1.0
2800.0,84,2119.0,16.17557251908397,2.285051029575701,131.0,14163.0,108.1145038167939,158.0,1.2061068702290076,80.0,7050.0,489.0,1.0331750474453745,65.27777777777777,65.27777777777777,108.0,49.0,4871.0,0.0342212546956233,15.0,1126.0,0.2340732200408566,3.0,211.0,0.3004295247509477,12.0,823.0,0.0,0.0,0.0,1.0,1.0,19.0,0.0,0.0,0.0,1.0,0.0,0.0,1.0
2808.0,100,2841.0,21.20149253731343,1.9302931329211723,134.0,14903.0,111.21641791044776,740.0,5.522388059701493,97.0,7755.0,705.0,0.8565019375730814,68.02631578947368,68.02631578947368,114.0,54.0,5282.0,0.0023546478900612,19.0,1248.0,0.1712775315073185,11.0,272.0,0.1875291051593048,12.0,919.0,0.0,0.0,0.0,0.5848440486916757,1.0,27.0,0.2950496732785387,0.0,7.0,0.7940146802811165,0.0,0.0,1.0
2816.0,92,3278.0,24.102941176470587,2.4656356054031816,136.0,15687.0,115.34558823529412,784.0,5.764705882352941,88.0,7766.0,11.0,1.2015141733620238,71.9074074074074,71.9074074074074,108.0,52.0,5344.0,0.0214783755262827,14.0,1146.0,0.2404819457254185,9.0,223.0,0.2584293740822656,12.0,1018.0,0.0668417279579701,0.0,0.0,1.0,1.0,35.0,0.4455243333040805,0.0,0.0,0.9179418812018256,0.0,0.0,1.0
2824.0,82,3608.0,26.335766423357665,2.717151377215432,137.0,16004.0,116.81751824817518,317.0,2.3138686131386863,77.0,7808.0,42.0,1.653812158313168,70.98181818181818,70.98181818181818,110.0,47.0,5551.0,0.0779825602529697,7.0,842.0,0.3804740606729425,9.0,254.0,0.2276138139941887,12.0,1114.0,0.0654048007078104,0.0,0.0,0.5752161192123777,2.0,47.0,0.3182828180188048,0.0,0.0,0.2182092712958046,0.0,0.0,1.0
2832.0,85,3880.0,27.714285714285715,2.464863117895095,140.0,16282.0,116.3,278.0,1.985714285714285,81.0,8394.0,586.0,1.465024457338757,73.63157894736842,73.63157894736842,114.0,51.0,5952.0,0.0723162785950662,7.0,895.0,0.3223843911874103,9.0,326.0,0.2359723916727135,13.0,1214.0,1.2285899445385545e-06,0.0,0.0,0.2716443067130377,0.0,0.0,0.9016303014946372,1.0,7.0,0.0,0.0,0.0,0.9176086913666206
2840.0,84,4318.0,31.06474820143885,2.475895396455247,139.0,16948.0,121.92805755395683,666.0,4.7913669064748206,81.0,8770.0,376.0,1.3642572775002282,78.30357142857143,78.30357142857143,112.0,57.0,6382.0,0.0297395410742397,6.0,761.0,0.3160297153908204,4.0,285.0,0.3275604748111155,13.0,1318.0,0.0707196577951277,0.0,0.0,1.0,0.0,2.0,0.9198262972591726,1.0,22.0,0.6234470603789457,0.0,0.0,1.0
2848.0,79,4154.0,30.10144927536232,2.4964549682091115,138.0,17300.0,125.3623188405797,352.0,2.550724637681159,75.0,8668.0,0.0,1.2446849848505157,81.00934579439253,81.00934579439253,107.0,59.0,6455.0,0.0279915567699746,6.0,768.0,0.3273832301631185,3.0,305.0,0.3685356979581596,6.0,1117.0,0.0755361893961943,0.0,0.0,1.0,0.0,0.0,1.0,1.0,23.0,0.4722633559884053,0.0,0.0,1.0
2856.0,66,3035.0,22.81954887218045,2.701290950318541,133.0,17508.0,131.6390977443609,208.0,1.56390977443609,65.0,8387.0,0.0,1.2065445204862728,80.64423076923077,80.64423076923077,104.0,47.0,6155.0,0.0328515942756422,9.0,824.0,0.2676239840904921,3.0,228.0,0.3497693352069302,4.0,1146.0,0.1097336150637258,0.0,0.0,1.0,0.0,0.0,0.625174094976126,2.0,34.0,3.731238383529835e-05,0.0,0.0,1.0
2864.0,68,1900.0,13.86861313868613,3.015416614261166,137.0,17425.0,127.18978102189782,0.0,0.0,65.0,8224.0,0.0,1.5091106953409097,79.07692307692308,79.07692307692308,104.0,35.0,5909.0,0.0490145055082906,17.0,937.0,0.2324822688143233,2.0,65.0,0.3990524280241017,11.0,1310.0,0.0021210102310356,0.0,0.0,1.0,0.0,0.0,1.0,0.0,3.0,0.7510888822826683,0.0,0.0,1.0
2872.0,52,799.0,6.007518796992481,3.904751796714397,133.0,16276.0,122.37593984962406,0.0,0.0,49.0,7526.0,0.0,2.1084908348322986,78.39583333333333,78.39583333333333,96.0,25.0,5429.0,0.0674177897993248,17.0,1067.0,0.3223645443811423,1.0,25.0,0.7020672046507054,5.0,1001.0,0.0620651794783213,0.0,0.0,1.0,0.0,3.0,0.9417457324649304,1.0,1.0,0.0008349340120726,0.0,0.0,1.0
2880.0,45,591.0,4.443609022556391,3.7932326053247847,133.0,16016.0,120.42105263157896,0.0,0.0,43.0,6956.0,0.0,2.000461667333148,74.79569892473118,74.79569892473118,93.0,19.0,4688.0,0.1338803767132027,17.0,1203.0,0.2479322788423385,1.0,22.0,0.4354778124581158,3.0,1022.0,0.0612883642775035,0.0,0.0,1.0,2.0,12.0,0.1277428240471523,1.0,9.0,0.0,0.0,0.0,1.0
2888.0,52,804.0,6.184615384615385,4.107112386034273,130.0,15706.0,120.81538461538462,0.0,0.0,50.0,6123.0,0.0,1.850835780855428,69.57954545454545,69.57954545454545,88.0,20.0,3460.0,0.1047025412455958,18.0,1346.0,0.2873273964184494,2.0,37.0,0.3000745374395724,9.0,1263.0,0.004549405432392,0.0,0.0,1.0,0.0,0.0,0.8435939929583695,1.0,17.0,0.0,0.0,0.0,1.0
2896.0,59,1133.0,9.137096774193548,3.675613979024879,124.0,14527.0,117.15322580645162,0.0,0.0,56.0,6554.0,431.0,2.04208304176401,71.23913043478261,71.23913043478261,92.0,23.0,3628.0,0.1173619419440155,19.0,1494.0,0.2322205366898373,2.0,60.0,0.5503768817557468,10.0,1342.0,1.2058291221034636e-05,0.0,0.0,1.0,1.0,2.0,0.0007931366201054,1.0,28.0,0.4828082046183102,0.0,0.0,1.0
2904.0,52,983.0,8.62280701754386,3.2940836483521823,114.0,12978.0,113.84210526315788,0.0,0.0,49.0,6445.0,0.0,2.1265413079066,71.61111111111111,71.61111111111111,90.0,21.0,3653.0,0.151606741677409,13.0,1248.0,0.2772258992642415,3.0,76.0,0.3563721838517749,10.0,1422.0,0.0891310902181402,0.0,0.0,1.0,1.0,13.0,0.4730573800605994,1.0,33.0,0.0,0.0,0.0,1.0
2912.0,63,1003.0,8.721739130434782,3.004111643230168,115.0,13422.0,116.71304347826089,444.0,3.860869565217391,59.0,6640.0,195.0,1.5186747201995705,74.6067415730337,74.6067415730337,89.0,28.0,3617.0,0.111695949817035,12.0,1349.0,0.2197925538323791,6.0,106.0,0.1235787302535341,10.0,1502.0,0.2076331943405469,0.0,0.0,1.0,2.0,25.0,3.3978819243720354e-05,1.0,41.0,0.0,0.0,0.0,1.0
2920.0,67,1071.0,9.736363636363636,2.421271133239792,110.0,13451.0,122.28181818181818,29.0,0.2636363636363636,62.0,6631.0,0.0,0.9083088784786866,79.89156626506023,79.89156626506023,83.0,41.0,3896.0,0.0008133460801173,10.0,1387.0,0.1822213737218637,5.0,114.0,0.2422227142619043,5.0,1181.0,0.2096322755192438,0.0,0.0,1.0,0.0,4.0,0.6264801476514831,1.0,49.0,0.0,0.0,0.0,1.0
2936.0,62,1399.0,12.271929824561404,3.256064676166888,114.0,14231.0,124.83333333333331,445.0,3.903508771929825,62.0,6895.0,543.0,1.8011210141222669,75.76923076923077,75.76923076923077,91.0,42.0,4579.0,0.0761992361937129,11.0,1159.0,0.2582225868373211,4.0,80.0,0.4001988538809878,3.0,995.0,0.1372717127000434,0.0,0.0,1.0,1.0,17.0,0.0,1.0,65.0,0.0,0.0,0.0,0.88975632872987
2952.0,73,1813.0,15.903508771929824,2.7820183291717924,114.0,13963.0,122.48245614035088,0.0,0.0,68.0,7027.0,0.0,1.5041247899327548,78.95505617977528,78.95505617977528,89.0,33.0,4298.0,0.087390494105301,19.0,1370.0,0.1383135023242879,5.0,154.0,0.3777401418036136,10.0,1121.0,8.473061482149543e-06,0.0,0.0,1.0,0.0,0.0,1.0,1.0,84.0,0.3739069601185478,0.0,0.0,1.0
2960.0,65,1507.0,13.336283185840708,2.9668429248567723,113.0,14158.0,125.29203539823008,195.0,1.7256637168141593,59.0,7050.0,23.0,1.7858580737317025,77.47252747252747,77.47252747252747,91.0,24.0,4376.0,0.1041260432642963,21.0,1533.0,0.1401820135043744,6.0,199.0,0.2213075897021438,5.0,844.0,0.0698360898555432,1.0,0.0,0.0,0.0,3.0,0.9772039881123842,2.0,95.0,0.306362006400152,0.0,0.0,1.0
2968.0,55,974.0,8.774774774774775,3.2581057972317,111.0,13325.0,120.04504504504504,0.0,0.0,52.0,6734.0,0.0,1.4635130981394802,81.13253012048193,81.13253012048193,83.0,19.0,4541.0,0.1012539745967645,22.0,1707.0,0.1060340528401076,10.0,269.0,0.1361335966580385,0.0,212.0,0.4153450428381093,0.0,0.0,1.0,1.0,5.0,0.4493829685691846,0.0,0.0,1.0,0.0,0.0,1.0
2976.0,60,1162.0,10.75925925925926,3.150563470095984,108.0,13461.0,124.63888888888889,136.0,1.2592592592592593,60.0,7216.0,482.0,1.949788169033861,77.59139784946237,77.59139784946237,93.0,27.0,4722.0,0.1045089423989118,18.0,1776.0,0.1087196941327269,10.0,356.0,0.2376190734268655,3.0,341.0,0.2139302114961437,1.0,0.0,0.0,1.0,8.0,0.4915604341819168,0.0,13.0,0.8826816720532108,0.0,0.0,1.0
2984.0,58,1176.0,10.88888888888889,3.421722067599766,108.0,13560.0,125.55555555555556,99.0,0.9166666666666666,58.0,6609.0,0.0,1.993468457353208,77.75294117647059,77.75294117647059,85.0,26.0,4099.0,0.1581912015984325,17.0,1834.0,0.0842133704732328,7.0,288.0,0.4023879178499478,8.0,388.0,0.000673277352532,0.0,0.0,0.7574203358005431,0.0,0.0,1.0,0.0,0.0,1.0,0.0,0.0,1.0
2992.0,33,768.0,6.918918918918919,5.033561228558662,111.0,13650.0,122.97297297297295,90.0,0.8108108108108109,33.0,4771.0,0.0,3.08759187074856,59.6375,59.6375,80.0,13.0,2634.0,0.3182880102890425,14.0,1557.0,0.0598999348572187,3.0,313.0,0.3516403815509685,3.0,267.0,0.0967209123866846,0.0,0.0,0.4472532487263145,0.0,0.0,1.0,0.0,0.0,1.0,0.0,0.0,1.0
3000.0,19,243.0,2.2710280373831777,5.474137991786669,107.0,11770.0,110.0,0.0,0.0,19.0,3961.0,0.0,4.23769766369882,49.5125,49.5125,80.0,6.0,2505.0,0.4264053052651794,6.0,958.0,0.2663502642835441,3.0,217.0,0.3703530819560622,3.0,281.0,0.0252945883509027,1.0,0.0,0.0,0.0,0.0,1.0,0.0,0.0,1.0,0.0,0.0,1.0
3008.0,31,166.0,1.5809523809523809,4.1997885950143,105.0,10806.0,102.91428571428573,0.0,0.0,31.0,4053.0,92.0,3.359608983971687,46.05681818181818,46.05681818181818,88.0,23.0,2627.0,0.2059365176578653,3.0,987.0,0.3907651655373476,3.0,244.0,0.3719075213664662,2.0,191.0,0.2197296212916221,0.0,0.0,1.0,0.0,4.0,0.9029671179060608,0.0,0.0,0.9935360239807168,0.0,0.0,1.0
3016.0,50,458.0,4.089285714285714,3.5273232280407254,112.0,10733.0,95.83035714285714,0.0,0.0,49.0,4164.0,111.0,2.517939029880058,48.98823529411764,48.98823529411764,85.0,30.0,2826.0,0.0979025435559008,8.0,1029.0,0.279445055260374,10.0,302.0,0.402296769770236,0.0,6.0,0.3986751583775333,0.0,0.0,0.2232524288034477,0.0,0.0,1.0,1.0,1.0,0.332535232843331,0.0,0.0,1.0
3024.0,59,829.0,7.02542372881356,3.776754246432502,118.0,11134.0,94.35593220338984,401.0,3.3983050847457625,59.0,4483.0,319.0,2.074890047321044,54.01204819277108,54.01204819277108,83.0,34.0,3079.0,0.1085511424732455,16.0,1125.0,0.0111863598552395,6.0,255.0,0.4671818103619188,1.0,8.0,0.5000897362411488,0.0,1.0,0.3111713887215185,0.0,0.0,1.0,2.0,15.0,0.1980304077050111,0.0,0.0,1.0
3032.0,57,1191.0,10.356521739130434,3.874468363453528,115.0,11360.0,98.78260869565216,226.0,1.965217391304348,57.0,4923.0,440.0,2.227859776516297,59.31325301204819,59.31325301204819,83.0,34.0,3351.0,0.1374445998439549,15.0,1245.0,0.1095412829137682,3.0,285.0,0.4840947679514014,2.0,5.0,0.0010295410063439,0.0,0.0,0.484473103505176,0.0,0.0,1.0,3.0,37.0,4.147126195813256e-06,0.0,0.0,1.0
3040.0,60,1613.0,14.663636363636364,3.308322994287848,110.0,11716.0,106.50909090909092,356.0,3.2363636363636363,59.0,5276.0,353.0,1.7001942083909771,66.78481012658227,66.78481012658227,79.0,36.0,3630.0,0.087603973725396,16.0,1367.0,0.0075165178013438,4.0,214.0,0.52114612659191,0.0,0.0,1.0,0.0,0.0,1.0,0.0,4.0,0.9307771019559764,3.0,61.0,0.0,0.0,0.0,1.0
3048.0,39,1257.0,11.223214285714286,4.216682941582623,112.0,12052.0,107.60714285714286,336.0,3.0,37.0,4483.0,0.0,2.199057450264432,66.91044776119404,66.91044776119404,67.0,21.0,2895.0,0.072950904394267,16.0,1505.0,0.1143671698955246,0.0,64.0,0.7217632375444332,0.0,0.0,1.0,0.0,0.0,1.0,0.0,0.0,1.0,0.0,19.0,0.3124627450574789,0.0,0.0,1.0
3056.0,31,580.0,5.225225225225225,5.0386366888416125,111.0,12263.0,110.47747747747748,211.0,1.9009009009009008,28.0,4250.0,0.0,3.0336206951074085,62.5,62.5,68.0,16.0,2957.0,0.0692852069151377,8.0,1193.0,0.3777253104868331,3.0,66.0,0.5956250935826778,0.0,0.0,1.0,0.0,0.0,1.0,0.0,10.0,0.7817048267812309,1.0,24.0,0.4790742565198164,0.0,0.0,1.0
3064.0,33,252.0,2.355140186915888,4.878376740329572,107.0,11063.0,103.39252336448598,0.0,0.0,32.0,4439.0,189.0,2.674325181692656,67.25757575757575,67.25757575757575,66.0,19.0,3054.0,0.1087714874356183,7.0,1246.0,0.3188215733316812,3.0,94.0,0.5802204011908978,0.0,0.0,1.0,0.0,0.0,1.0,1.0,9.0,0.5140004132586975,2.0,36.0,2.1107045720862903e-05,0.0,0.0,1.0
3072.0,50,527.0,4.834862385321101,3.889254668528762,109.0,11302.0,103.68807339449542,239.0,2.192660550458716,49.0,4771.0,332.0,1.712844763194675,66.26388888888889,66.26388888888889,72.0,29.0,3255.0,0.0334037071750881,13.0,1323.0,0.1731303469767053,3.0,118.0,0.4871453534974987,0.0,0.0,0.1358289054285318,0.0,0.0,1.0,2.0,23.0,0.211044368873343,2.0,52.0,0.4128769552240237,0.0,0.0,1.0
3080.0,54,857.0,7.790909090909091,4.113293127220518,110.0,11682.0,106.2,380.0,3.4545454545454546,54.0,5117.0,346.0,2.588057724398708,62.40243902439025,62.40243902439025,82.0,30.0,3491.0,0.0768193032043973,17.0,1451.0,0.2449556426877759,0.0,38.0,0.7579187798836337,0.0,14.0,0.512319894602453,0.0,0.0,0.9266161164874326,2.0,43.0,0.278184761811956,5.0,80.0,0.1013485869745602,0.0,0.0,1.0
3088.0,49,1090.0,9.56140350877193,4.724004153168504,114.0,12020.0,105.43859649122808,338.0,2.9649122807017543,49.0,5304.0,187.0,3.125429420200912,63.90361445783133,63.90361445783133,83.0,27.0,3657.0,0.1680907635483093,13.0,1497.0,0.264995833150119,1.0,50.0,0.7523916347417741,4.0,27.0,0.3080351189932535,0.0,0.0,1.0,0.0,6.0,0.8467433148251859,4.0,67.0,0.2655355518966446,0.0,0.0,1.0
3096.0,38,777.0,6.584745762711864,5.4155588105961465,118.0,12327.0,104.46610169491524,307.0,2.601694915254237,38.0,4291.0,0.0,3.448957007388609,52.329268292682926,52.329268292682926,82.0,18.0,2965.0,0.2704739498791857,10.0,1148.0,0.2692261557865946,1.0,58.0,0.7920969198860466,7.0,74.0,0.1070547686029628,0.0,0.0,1.0,0.0,0.0,1.0,2.0,46.0,0.2301801861963062,0.0,0.0,1.0
3104.0,22,186.0,1.631578947368421,6.044880987164174,114.0,12155.0,106.62280701754386,0.0,0.0,22.0,3223.0,0.0,3.9855707728608216,44.15068493150685,44.15068493150685,73.0,3.0,1897.0,0.4412160894649536,12.0,1232.0,0.2367751926332992,3.0,21.0,0.4175902741233175,3.0,65.0,0.0781349797958545,0.0,0.0,1.0,0.0,0.0,1.0,1.0,8.0,0.3305525671387898,0.0,0.0,1.0
3112.0,32,238.0,2.087719298245614,5.72077866163575,114.0,10864.0,95.29824561403508,0.0,0.0,31.0,3374.0,151.0,3.6888166701753833,44.39473684210526,44.39473684210526,76.0,7.0,1922.0,0.42616396156757,17.0,1329.0,0.1297116979973216,0.0,24.0,0.7310076523116515,3.0,71.0,0.0191195490841632,0.0,0.0,1.0,0.0,0.0,1.0,4.0,28.0,0.1081997037046446,0.0,0.0,1.0
3120.0,51,548.0,4.724137931034483,4.991283244418397,116.0,10165.0,87.62931034482759,0.0,0.0,50.0,3695.0,321.0,3.5141875160654217,43.98809523809524,43.98809523809524,84.0,16.0,2021.0,0.4012616334504073,21.0,1479.0,0.1413730937007422,2.0,34.0,0.524318529313758,7.0,114.0,0.0717270139705173,0.0,0.0,1.0,0.0,0.0,1.0,4.0,47.0,0.0938112154129426,0.0,0.0,1.0
3128.0,55,915.0,7.956521739130435,4.994350611330658,115.0,10533.0,91.59130434782608,368.0,3.2,54.0,4091.0,396.0,3.298651050977284,51.1375,51.1375,80.0,19.0,2169.0,0.3845204209791605,23.0,1657.0,0.1116955724282725,2.0,54.0,0.603812454137178,10.0,182.0,0.0003633481934955,0.0,0.0,1.0,0.0,0.0,1.0,0.0,29.0,0.1684925359609674,0.0,0.0,1.0
3136.0,58,1333.0,11.692982456140353,4.546020155954462,114.0,10986.0,96.36842105263158,453.0,3.973684210526316,57.0,4498.0,407.0,3.2492801798418536,53.54761904761905,53.54761904761905,84.0,20.0,2329.0,0.399725700074675,24.0,1845.0,0.0391001900603901,1.0,23.0,0.5986117227002626,10.0,262.0,0.0427963985115557,0.0,0.0,0.3636363757804419,0.0,1.0,0.9334063382364848,2.0,38.0,0.0001607028939039,0.0,0.0,1.0
3144.0,58,1591.0,13.71551724137931,4.037498692877631,116.0,11454.0,98.74137931034484,468.0,4.0344827586206895,54.0,4554.0,56.0,3.1423119238321298,53.576470588235296,53.576470588235296,85.0,21.0,2498.0,0.3731603496609857,19.0,1634.0,0.0618263841777287,1.0,19.0,0.6122699319021967,10.0,342.0,0.0672423079646876,0.0,0.0,0.2259552336188851,1.0,7.0,0.2882574965429914,2.0,54.0,0.0,0.0,0.0,1.0
3152.0,50,1700.0,14.52991452991453,4.973440802208067,117.0,11876.0,101.5042735042735,422.0,3.606837606837607,49.0,4228.0,0.0,4.240632952792559,49.74117647058824,49.74117647058824,85.0,24.0,2686.0,0.4418378577777926,12.0,1073.0,0.1334368774323973,1.0,31.0,0.6996296741317772,10.0,422.0,0.0,0.0,0.0,1.0,2.0,16.0,0.0,0.0,0.0,1.0,0.0,0.0,1.0
3160.0,45,1801.0,14.884297520661155,5.644271901925797,121.0,12149.0,100.40495867768595,273.0,2.256198347107438,42.0,4032.0,0.0,4.908787948326146,46.3448275862069,46.3448275862069,87.0,22.0,2859.0,0.4711335954052816,12.0,769.0,0.1829155894805048,3.0,41.0,0.0007625086601574,5.0,363.0,0.0780027365360067,0.0,0.0,0.3279088134218313,0.0,0.0,1.0,0.0,0.0,0.992160845628816,0.0,0.0,1.0
3168.0,32,796.0,6.524590163934426,5.746922528979515,122.0,12144.0,99.54098360655738,0.0,0.0,32.0,3119.0,0.0,4.779173448001995,36.26744186046512,36.26744186046512,86.0,19.0,2123.0,0.3857258313563577,8.0,578.0,0.1312246252363353,0.0,18.0,0.8126042480583899,4.0,388.0,0.058679767701494,0.0,0.0,1.0,0.0,0.0,1.0,1.0,12.0,0.7194412298818332,0.0,0.0,1.0
3176.0,39,231.0,1.8629032258064515,4.997886329790209,124.0,11995.0,96.73387096774194,0.0,0.0,39.0,3106.0,0.0,3.5844511902572544,36.11627906976744,36.11627906976744,86.0,24.0,2280.0,0.2888017656245453,3.0,328.0,0.3224953255477198,1.0,8.0,0.6871767841775629,9.0,474.0,0.0013627833557615,0.0,0.0,1.0,0.0,0.0,1.0,2.0,16.0,0.0049419746083063,0.0,0.0,1.0
3184.0,49,447.0,3.634146341463415,3.934355535317353,123.0,11214.0,91.17073170731707,0.0,0.0,49.0,3215.0,109.0,2.84870773570718,35.32967032967033,35.32967032967033,91.0,37.0,2522.0,0.2029837551505491,4.0,252.0,0.1949995998473334,1.0,19.0,0.6786745717126298,4.0,382.0,0.060707543527492,0.0,0.0,1.0,0.0,0.0,1.0,3.0,40.0,0.0025508143039631,0.0,0.0,0.994580650753342
3192.0,49,584.0,4.786885245901639,4.735747288543776,122.0,11156.0,91.44262295081968,0.0,0.0,48.0,3188.0,0.0,3.724577954676376,34.27956989247312,34.27956989247312,93.0,41.0,2786.0,0.1900723903021484,1.0,133.0,0.5360653342065306,2.0,45.0,0.6584737112672416,0.0,152.0,0.7159635883282968,0.0,0.0,1.0,0.0,0.0,1.0,4.0,72.0,0.0,0.0,0.0,0.9474208951431236
3216.0,50,1203.0,9.701612903225806,3.350569981537606,124.0,12243.0,98.73387096774194,382.0,3.0806451612903225,50.0,4124.0,380.0,1.963713830358596,42.08163265306123,42.08163265306123,98.0,39.0,3669.0,0.0966057836038702,0.0,0.0,1.0,1.0,42.0,0.7425013219652218,5.0,231.0,0.0,0.0,0.0,1.0,0.0,0.0,1.0,5.0,182.0,0.0,0.0,0.0,1.0
3224.0,56,1388.0,11.015873015873016,3.161887478733208,126.0,12515.0,99.32539682539682,272.0,2.1587301587301586,56.0,4430.0,306.0,1.875940980181792,43.86138613861386,43.86138613861386,101.0,51.0,4029.0,0.080512538222056,0.0,0.0,1.0,0.0,21.0,0.7614390089483307,5.0,271.0,0.0,0.0,0.0,1.0,0.0,3.0,0.8535754993609815,0.0,106.0,0.1925071750112443,0.0,0.0,0.734921727877932
3232.0,57,1284.0,10.272,3.3165055830931176,125.0,12721.0,101.768,206.0,1.648,57.0,3929.0,0.0,2.164928797295566,39.686868686868685,39.686868686868685,99.0,49.0,3487.0,0.1013674059443758,0.0,0.0,1.0,0.0,14.0,0.8626054084912378,5.0,311.0,0.1594873972358253,0.0,0.0,0.8930351175602675,0.0,0.0,1.0,3.0,117.0,0.0010907549673737,0.0,0.0,0.93839108814855
3264.0,65,1317.0,10.452380952380953,3.619970208613075,126.0,12484.0,99.07936507936508,580.0,4.603174603174603,65.0,4316.0,0.0,2.088451690584188,44.04081632653061,44.04081632653061,98.0,60.0,4257.0,0.1002816610510128,0.0,6.0,0.8294736979664115,2.0,20.0,0.4090268460251864,1.0,4.0,0.2947845767281234,0.0,0.0,1.0,2.0,28.0,0.0,0.0,0.0,1.0,0.0,1.0,0.9767010863785311
3272.0,60,1396.0,10.65648854961832,4.015893529599662,131.0,12940.0,98.77862595419847,456.0,3.480916030534351,57.0,3479.0,0.0,2.420219557481728,36.62105263157895,36.62105263157895,95.0,49.0,3401.0,0.1267218923445037,1.0,10.0,0.5837051183851129,2.0,13.0,0.4902349214938057,3.0,10.0,0.1650561665954421,0.0,0.0,1.0,2.0,44.0,0.0,0.0,0.0,1.0,0.0,1.0,0.9520311097098674
3280.0,58,1748.0,13.65625,4.2975148561536205,128.0,11691.0,91.3359375,0.0,0.0,58.0,3245.0,0.0,1.6338021336552015,37.73255813953488,37.73255813953488,86.0,50.0,3118.0,0.0840676116335493,0.0,0.0,0.9518088407522476,2.0,32.0,0.4807019077249883,4.0,35.0,0.2067570204898032,0.0,0.0,1.0,2.0,60.0,0.0,0.0,0.0,1.0,0.0,0.0,1.0
3288.0,69,2181.0,17.448,3.764853415524872,125.0,9684.0,77.472,0.0,0.0,68.0,3569.0,324.0,1.3919353747317238,38.79347826086956,38.79347826086956,92.0,57.0,3434.0,0.0832222974913098,0.0,0.0,1.0,3.0,51.0,0.4713011574862044,7.0,81.0,0.0011461915282305,0.0,0.0,1.0,0.0,3.0,0.9305551730837236,1.0,0.0,0.2253545289522359,0.0,0.0,1.0
3296.0,70,2635.0,22.33050847457627,3.453012389363112,118.0,7764.0,65.79661016949153,0.0,0.0,70.0,4039.0,470.0,1.764430156182665,44.38461538461539,44.38461538461539,91.0,64.0,3866.0,0.0284665359617745,0.0,1.0,0.7923174245112472,3.0,75.0,0.513131010707735,3.0,94.0,0.3505903836390617,0.0,0.0,1.0,0.0,0.0,1.0,0.0,3.0,0.917565816721584,0.0,0.0,1.0
3304.0,73,3166.0,28.01769911504425,3.038503436536431,113.0,7314.0,64.72566371681415,0.0,0.0,73.0,4544.0,505.0,1.3004918025191483,51.63636363636363,51.63636363636363,88.0,68.0,4400.0,0.0145307538119056,0.0,1.0,0.9190346544302204,3.0,99.0,0.5216395220397125,2.0,41.0,0.2747836482424599,0.0,0.0,1.0,0.0,3.0,0.9436797841260228,0.0,0.0,1.0,0.0,0.0,1.0
3312.0,79,3751.0,33.19469026548673,2.650895542382658,113.0,7332.0,64.88495575221239,18.0,0.1592920353982301,79.0,5108.0,564.0,1.1861402820373164,56.75555555555555,56.75555555555555,90.0,71.0,4958.0,0.0362737163516096,2.0,3.0,0.0023663966678139,3.0,123.0,0.5350868952814558,3.0,24.0,0.0876511482045411,0.0,0.0,1.0,0.0,0.0,1.0,0.0,0.0,0.9827963629564288,0.0,0.0,1.0
3320.0,68,3370.0,29.82300884955752,3.055120901136588,113.0,7654.0,67.73451327433628,322.0,2.849557522123894,68.0,5208.0,100.0,1.8463992358089008,58.51685393258427,58.51685393258427,89.0,60.0,5100.0,0.0779049409209742,2.0,19.0,0.0,3.0,47.0,0.6374876132297236,3.0,42.0,0.3252912041433024,0.0,0.0,1.0,0.0,0.0,1.0,0.0,0.0,1.0,0.0,0.0,1.0
3328.0,57,2646.0,22.615384615384617,3.676560528375963,117.0,8133.0,69.51282051282051,479.0,4.094017094017094,57.0,5318.0,110.0,2.2926281074366024,58.43956043956044,58.43956043956044,91.0,51.0,5184.0,0.1300173393546837,0.0,0.0,1.0,3.0,64.0,0.5227582636127454,3.0,66.0,0.247322066083616,0.0,4.0,0.8870621769071074,0.0,0.0,1.0,0.0,0.0,1.0,0.0,0.0,1.0
3336.0,45,1803.0,15.41025641025641,4.294327471166362,117.0,8225.0,70.2991452991453,92.0,0.7863247863247863,45.0,5054.0,0.0,2.5204838279902018,59.45882352941177,59.45882352941177,85.0,42.0,4961.0,0.1567126601239582,0.0,0.0,1.0,0.0,3.0,0.7079567730410459,3.0,90.0,0.1438710584460598,0.0,0.0,1.0,0.0,0.0,1.0,0.0,0.0,1.0,0.0,0.0,1.0
3344.0,35,1109.0,9.901785714285714,4.1250645296659485,112.0,7665.0,68.4375,0.0,0.0,35.0,5348.0,294.0,2.754520479682619,62.18604651162791,62.18604651162791,86.0,31.0,5220.0,0.1623105633552721,0.0,5.0,0.8122939413196728,1.0,9.0,0.6286935448089989,3.0,114.0,0.0,0.0,0.0,1.0,0.0,0.0,1.0,0.0,0.0,1.0,0.0,0.0,1.0
3352.0,35,830.0,7.757009345794392,3.697692691726955,107.0,7442.0,69.55140186915888,0.0,0.0,35.0,5621.0,273.0,2.5475599038439785,63.15730337078652,63.15730337078652,89.0,30.0,5453.0,0.1460943235561246,0.0,5.0,0.972634865333257,2.0,22.0,0.494600854391055,3.0,138.0,0.0,0.0,0.0,1.0,0.0,3.0,0.7673765142995329,0.0,0.0,1.0,0.0,0.0,1.0
3360.0,32,489.0,4.613207547169812,2.9115841831480105,106.0,7463.0,70.40566037735849,21.0,0.1981132075471698,32.0,5484.0,0.0,1.9186205185609464,60.93333333333333,60.93333333333333,90.0,25.0,5291.0,0.1170799718295968,1.0,9.0,0.479535238031199,2.0,18.0,0.3332755207469078,3.0,162.0,0.0,0.0,0.0,1.0,1.0,4.0,0.3931455050147501,0.0,0.0,0.1240698498899015,0.0,0.0,1.0
3368.0,32,354.0,3.308411214953271,3.032354127931261,107.0,7699.0,71.95327102803738,236.0,2.205607476635514,30.0,5191.0,0.0,2.0963585690323683,57.67777777777778,57.67777777777778,90.0,19.0,4933.0,0.1072973372983503,0.0,14.0,0.8559920687206651,3.0,30.0,0.3791215255740309,3.0,186.0,0.0,0.0,0.0,1.0,5.0,28.0,0.0019629238432444,0.0,0.0,0.95194382104383,0.0,0.0,1.0
3376.0,32,458.0,4.280373831775701,3.359554744444795,107.0,7588.0,70.91588785046729,0.0,0.0,32.0,4768.0,0.0,1.95126234170668,54.80459770114943,54.80459770114943,87.0,20.0,4419.0,0.104117347418782,0.0,11.0,0.7123888205965252,4.0,60.0,0.4069298278919585,3.0,210.0,0.0,0.0,0.0,0.5378465909844223,5.0,68.0,0.0,0.0,0.0,1.0,0.0,0.0,1.0
3384.0,32,567.0,5.25,3.4952481638882893,108.0,7402.0,68.53703703703704,0.0,0.0,32.0,4581.0,0.0,2.1604310560490245,51.47191011235955,51.47191011235955,89.0,18.0,4125.0,0.0992931221704668,1.0,18.0,0.7843636568981381,5.0,96.0,0.1816398141584346,3.0,234.0,0.0,0.0,0.0,1.0,5.0,108.0,0.2264668844565966,0.0,0.0,0.9114695481076236,0.0,0.0,1.0
3392.0,20,301.0,2.8666666666666667,4.333608177479002,105.0,6846.0,65.2,0.0,0.0,20.0,3873.0,0.0,2.597221648267836,48.4125,48.4125,80.0,14.0,3567.0,0.1350628076939302,0.0,11.0,0.900994993402096,6.0,142.0,0.2853272781885503,0.0,78.0,0.3445146058469214,0.0,0.0,1.0,0.0,75.0,0.2364898204926177,0.0,0.0,1.0,0.0,0.0,1.0
3400.0,17,358.0,3.5098039215686274,5.223917265209051,102.0,6638.0,65.07843137254902,0.0,0.0,15.0,3218.0,0.0,3.489306390473612,41.79220779220779,41.79220779220779,77.0,8.0,2926.0,0.1977787848904992,0.0,11.0,0.8661576048414936,6.0,190.0,0.2782468447759693,1.0,84.0,0.0,0.0,0.0,1.0,0.0,0.0,1.0,0.0,7.0,0.7786798129057657,0.0,0.0,1.0
3408.0,20,479.0,4.79,4.845141829571125,100.0,5681.0,56.81,0.0,0.0,20.0,3218.0,0.0,3.18944098391148,42.3421052631579,42.3421052631579,76.0,11.0,2870.0,0.1866285340681922,0.0,7.0,0.8348409004763648,8.0,249.0,0.3122451227181321,1.0,92.0,0.3080450596381974,0.0,0.0,1.0,0.0,0.0,1.0,0.0,0.0,0.6788890576976389,0.0,0.0,1.0
3416.0,28,465.0,4.894736842105263,4.2194192044060665,95.0,5102.0,53.705263157894734,0.0,0.0,28.0,3225.0,7.0,2.959116706232325,42.43421052631579,42.43421052631579,76.0,17.0,2786.0,0.1791266651402337,0.0,13.0,0.8421589584301036,9.0,321.0,0.2457064093130145,2.0,105.0,7.0785722570967065e-06,0.0,0.0,1.0,0.0,0.0,1.0,0.0,0.0,1.0,0.0,0.0,1.0
3424.0,41,750.0,7.894736842105263,3.899502180615912,95.0,5268.0,55.45263157894737,166.0,1.7473684210526317,41.0,3502.0,277.0,3.224152623921086,42.19277108433735,42.19277108433735,83.0,28.0,2961.0,0.1767146893294476,0.0,14.0,0.909707118760028,11.0,406.0,0.1912239796049371,2.0,121.0,0.4738912637155174,0.0,0.0,1.0,0.0,0.0,1.0,0.0,0.0,1.0,0.0,0.0,1.0
3432.0,47,884.0,9.020408163265309,3.005531973214492,98.0,5629.0,57.43877551020408,361.0,3.683673469387755,46.0,3469.0,0.0,2.242198657638775,40.33720930232558,40.33720930232558,86.0,30.0,2809.0,0.1118269594418982,1.0,12.0,0.5145952622908182,13.0,507.0,0.1723794778568209,2.0,137.0,0.5170468051822236,0.0,0.0,1.0,0.0,4.0,0.9233890031530404,0.0,0.0,1.0,0.0,0.0,1.0
3440.0,55,849.0,8.242718446601941,3.350234535005177,103.0,6032.0,58.56310679611651,403.0,3.912621359223301,54.0,3260.0,0.0,2.0121185758464644,38.35294117647059,38.35294117647059,85.0,29.0,2594.0,0.1264080508186225,7.0,47.0,0.0092003704452299,13.0,447.0,0.2369104154468134,4.0,164.0,0.3916334833941155,0.0,0.0,1.0,1.0,8.0,3.914403026721026e-05,0.0,0.0,1.0,0.0,0.0,1.0
3448.0,50,967.0,9.388349514563108,4.14926501160369,103.0,5998.0,58.23300970873787,0.0,0.0,49.0,3200.0,0.0,2.4080786565889167,40.0,40.0,80.0,23.0,2385.0,0.1829839871106515,4.0,46.0,3.828404966027429e-06,15.0,552.0,0.2572086268139447,6.0,201.0,0.1045779729361613,0.0,0.0,1.0,1.0,16.0,0.0,0.0,0.0,1.0,0.0,0.0,1.0
3456.0,42,678.0,6.647058823529412,4.164537659793582,102.0,5803.0,56.8921568627451,0.0,0.0,41.0,3277.0,77.0,2.42436101709398,41.48101265822785,41.48101265822785,79.0,23.0,2566.0,0.1940487069598128,0.0,27.0,0.3488506634640936,10.0,404.0,0.2160146745406808,7.0,256.0,0.0,0.0,0.0,1.0,1.0,24.0,0.0,0.0,0.0,0.2986656876022461,0.0,0.0,1.0
3464.0,39,490.0,5.212765957446808,3.5078026452421214,94.0,5145.0,54.734042553191486,0.0,0.0,38.0,3278.0,1.0,2.231156614398821,42.57142857142857,42.57142857142857,77.0,29.0,2739.0,0.1579406692561115,0.0,10.0,0.8706821048417178,8.0,402.0,0.1005000833931768,0.0,95.0,0.3290074589587017,0.0,0.0,1.0,1.0,32.0,0.0,0.0,0.0,1.0,0.0,0.0,1.0
3472.0,48,753.0,7.762886597938144,3.820148432808496,97.0,5496.0,56.65979381443299,351.0,3.618556701030928,47.0,3540.0,262.0,2.052461187854964,45.97402597402598,45.97402597402598,77.0,39.0,3020.0,0.0951066249067895,0.0,10.0,0.9619388320014406,7.0,453.0,0.1505813913471991,1.0,57.0,0.0,0.0,0.0,1.0,0.0,0.0,1.0,0.0,0.0,0.9750945556264876,0.0,0.0,1.0
3480.0,64,1183.0,12.720430107526882,2.636185518820486,93.0,5698.0,61.26881720430107,202.0,2.172043010752688,64.0,3995.0,455.0,0.8579125965662374,51.21794871794872,51.21794871794872,78.0,49.0,3384.0,0.0199261745026558,0.0,7.0,0.8821164388977003,13.0,533.0,0.0641500037422537,1.0,63.0,1.9945284282094257e-05,0.0,0.0,1.0,0.0,0.0,1.0,1.0,8.0,0.4990085963462565,0.0,0.0,1.0
3488.0,63,1302.0,13.02,3.083724247236977,100.0,6220.0,62.2,522.0,5.22,62.0,3982.0,0.0,1.4047779045307291,49.775,49.775,80.0,43.0,3292.0,0.0472560064262513,0.0,10.0,0.8778848008862199,18.0,671.0,0.1586269675066604,0.0,0.0,1.0,0.0,0.0,1.0,0.0,0.0,1.0,1.0,9.0,0.0,0.0,0.0,1.0
3496.0,53,1233.0,12.33,3.81701620033284,100.0,6428.0,64.28,208.0,2.08,53.0,3782.0,0.0,2.149726326052108,46.69135802469136,46.69135802469136,81.0,32.0,2932.0,0.0936566095674558,0.0,10.0,0.9551857161634966,21.0,840.0,0.1617248150584121,0.0,0.0,0.9337350413297896,0.0,0.0,1.0,0.0,0.0,0.8975064562352854,0.0,0.0,1.0,0.0,0.0,1.0
3504.0,52,1251.0,12.76530612244898,3.633219325923731,98.0,6708.0,68.44897959183673,280.0,2.857142857142857,52.0,3539.0,0.0,1.904063786366024,45.96103896103896,45.96103896103896,77.0,29.0,2569.0,0.1255043721855987,0.0,10.0,0.7076863917691115,23.0,957.0,0.0776691413462895,0.0,0.0,0.6024900974314613,0.0,0.0,1.0,0.0,3.0,0.9542172483520144,0.0,0.0,1.0,0.0,0.0,1.0
3512.0,46,981.0,10.436170212765957,3.5810498158951933,94.0,6318.0,67.2127659574468,0.0,0.0,46.0,3385.0,0.0,2.0592267193195264,46.36986301369863,46.36986301369863,73.0,29.0,2526.0,0.1156471093341924,0.0,7.0,0.914579499457849,15.0,837.0,0.0821501986185583,1.0,8.0,0.6158239298472938,0.0,0.0,1.0,1.0,7.0,1.4301640101015672e-05,0.0,0.0,0.9225223919762636,0.0,0.0,1.0
3520.0,28,602.0,6.473118279569892,3.995192215011507,93.0,5991.0,64.41935483870968,0.0,0.0,28.0,3004.0,0.0,2.5068605894286824,41.72222222222222,41.72222222222222,72.0,18.0,2287.0,0.1501536750758993,0.0,21.0,0.8096613738526525,9.0,680.0,0.1224505387148381,1.0,16.0,0.0062676193230999,0.0,0.0,1.0,0.0,0.0,1.0,0.0,0.0,1.0,0.0,0.0,1.0
3528.0,14,95.0,1.0674157303370786,4.945749846681662,89.0,5793.0,65.08988764044943,0.0,0.0,12.0,2647.0,0.0,4.083959042097449,38.9264705882353,38.9264705882353,68.0,7.0,2059.0,0.2112498098001014,0.0,21.0,0.8865440285755647,3.0,532.0,0.2159062452333935,2.0,35.0,0.4733259197939696,0.0,0.0,1.0,0.0,0.0,0.7800026186387231,0.0,0.0,1.0,0.0,0.0,1.0
3536.0,31,216.0,2.3736263736263736,4.04283849273077,91.0,5877.0,64.58241758241758,84.0,0.9230769230769232,30.0,2796.0,149.0,2.3914800166931367,39.94285714285714,39.94285714285714,70.0,18.0,2147.0,0.0477073356634245,2.0,35.0,0.6912841403119195,8.0,563.0,0.1637831119410716,2.0,51.0,0.3217743288810136,0.0,0.0,1.0,0.0,0.0,1.0,0.0,0.0,1.0,0.0,0.0,1.0
3544.0,37,355.0,4.080459770114943,3.574181880086223,87.0,5561.0,63.91954022988506,0.0,0.0,37.0,2604.0,0.0,1.9020109257499616,39.45454545454545,39.45454545454545,66.0,17.0,1833.0,0.0455602630196324,4.0,58.0,0.6420364634968241,14.0,649.0,0.0608103473067097,2.0,64.0,0.0,0.0,0.0,1.0,0.0,0.0,1.0,0.0,0.0,1.0,0.0,0.0,0.9407079031473012
3568.0,23,341.0,3.875,5.11492497678332,88.0,5555.0,63.125,0.0,0.0,22.0,2228.0,0.0,2.9725233508346447,40.50909090909091,40.50909090909091,55.0,16.0,1767.0,0.0874979959543007,6.0,189.0,0.5546192814813582,0.0,272.0,0.3808830862151786,0.0,0.0,0.9359573738761908,0.0,0.0,1.0,0.0,0.0,1.0,0.0,0.0,1.0,0.0,0.0,1.0
3576.0,22,185.0,2.0786516853932584,5.43939681025137,89.0,5663.0,63.62921348314607,108.0,1.2134831460674158,21.0,2249.0,21.0,3.676345363496108,38.77586206896552,38.77586206896552,58.0,17.0,1885.0,0.0663494146873785,1.0,74.0,0.7846294501473443,3.0,284.0,0.2704315328511953,0.0,3.0,0.7415697653881254,0.0,3.0,0.9423284518054228,0.0,0.0,1.0,0.0,0.0,1.0,0.0,0.0,1.0
3584.0,27,293.0,3.292134831460674,5.205127804194891,89.0,5510.0,61.91011235955056,0.0,0.0,26.0,2298.0,49.0,3.511168549241514,38.94915254237288,38.94915254237288,59.0,22.0,2043.0,0.1548806813437548,3.0,85.0,0.6933182088974309,0.0,159.0,0.1902724143687492,1.0,11.0,0.6470583790558557,0.0,0.0,1.0,0.0,0.0,1.0,0.0,0.0,1.0,0.0,0.0,1.0
3592.0,23,299.0,3.5176470588235293,5.596812316543815,85.0,5554.0,65.34117647058824,44.0,0.5176470588235295,23.0,1928.0,0.0,3.737776514618698,36.37735849056604,36.37735849056604,53.0,16.0,1683.0,0.1798673348532319,3.0,72.0,0.6218051073660238,3.0,165.0,0.2489493334176445,1.0,8.0,0.4523080985469261,0.0,0.0,0.653874795370217,0.0,0.0,1.0,0.0,0.0,1.0,0.0,0.0,0.9514319689769096
3600.0,29,282.0,3.569620253164557,4.645928080223884,79.0,5108.0,64.65822784810126,13.0,0.1645569620253164,29.0,1444.0,0.0,2.8487430972059067,24.89655172413793,24.89655172413793,58.0,11.0,966.0,0.1019419693298929,5.0,73.0,0.4964697616726958,8.0,372.0,0.0197641692079585,0.0,0.0,0.9251253176246128,1.0,5.0,0.0,3.0,26.0,0.1914349558737401,1.0,2.0,0.0016547185037791,0.0,0.0,1.0
